200 0.0 5
1 319 50
2 843 773
3 892 639
4 229 274
5 820 631
6 538 463
7 109 318
8 772 248
9 832 728
10 690 156
11 636 192
12 175 761
13 436 689
14 945 767
15 457 402
16 333 952
17 542 880
18 665 260
19 142 703
20 69 279
21 405 739
22 314 47
23 453 276
24 228 349
25 580 672
26 769 974
27 378 276
28 650 566
29 52 153
30 450 824
31 315 392
32 392 219
33 445 220
34 68 829
35 499 826
36 295 170
37 52 219
38 981 796
39 365 218
40 359 814
41 676 880
42 334 195
43 68 752
44 155 286
45 546 560
46 420 27
47 938 600
48 687 168
49 407 532
50 643 964
51 814 926
52 45 393
53 958 271
54 484 99
55 887 348
56 733 365
57 434 161
58 269 198
59 213 984
60 828 88
61 447 351
62 765 405
63 802 976
64 941 595
65 39 801
66 986 216
67 577 737
68 184 178
69 304 930
70 773 891
71 85 623
72 987 830
73 58 25
74 490 847
75 130 211
76 237 765
77 150 868
78 94 563
79 737 882
80 430 275
81 303 285
82 751 121
83 313 17
84 928 641
85 907 709
86 137 894
87 457 990
88 776 726
89 935 988
90 584 739
91 224 610
92 535 449
93 388 126
94 740 821
95 179 264
96 989 931
97 279 556
98 144 769
99 679 717
100 926 415
101 693 8
102 464 99
103 600 616
104 873 905
105 322 723
106 626 441
107 280 10
108 335 31
109 572 10
110 765 725
111 2 668
112 715 342
113 234 521
114 88 356
115 190 655
116 189 994
117 286 272
118 238 357
119 37 907
120 817 354
121 445 266
122 644 663
123 717 886
124 372 268
125 295 543
126 997 229
127 817 297
128 658 638
129 558 388
130 309 953
131 998 861
132 649 572
133 953 894
134 772 342
135 291 108
136 711 61
137 603 405
138 239 582
139 181 726
140 770 183
141 497 44
142 516 5
143 551 229
144 418 769
145 383 967
146 889 103
147 963 109
148 690 16
149 159 383
150 465 504
151 947 967
152 588 634
153 403 414
154 234 723
155 108 973
156 731 246
157 625 900
158 133 786
159 78 480
160 323 751
161 44 162
162 151 707
163 940 474
164 520 405
165 837 420
166 838 475
167 540 659
168 870 157
169 24 788
170 812 855
171 389 871
172 32 331
173 82 303
174 4 242
175 54 459
176 283 357
177 585 14
178 94 464
179 13 729
180 504 854
181 237 122
182 672 165
183 534 43
184 251 832
185 688 273
186 571 862
187 944 869
188 384 41
189 388 140
190 526 630
191 686 336
192 654 940
193 288 321
194 855 32
195 103 312
196 579 397
197 923 995
198 772 584
199 987 816
200 551 567
opening costs
143 823 239 447 798 171 880 656 317 288 426 397 566 365 891 888 128 445 263 786 800 238 115 951 316 428 794 283 807 1 562 476 510 829 944 404 110 424 816 651 626 982 816 681 424 823 189 385 620 735 34 502 481 800 646 992 748 70 239 336 776 491 989 92 386 138 695 22 919 89 522 922 977 874 389 754 590 502 263 945 332 3 302 440 803 986 44 517 161 32 38 888 255 317 803 447 902 325 568 720 59 305 1000 158 322 271 847 837 558 656 741 170 985 399 632 455 72 810 970 58 96 409 926 61 782 453 402 699 71 695 692 89 24 732 913 14 907 311 471 614 993 20 935 559 479 249 380 191 910 428 63 161 233 789 374 359 667 314 227 956 988 296 655 727 124 187 176 685 862 88 503 693 804 688 311 159 982 749 91 534 83 65 569 875 920 779 298 473 81 209 215 960 24 491 747 529 5 430 723 872 
star costs
0.0 893.0 822.0 242.0 768.0 468.0 341.0 495.0 851.0 386.0 348.0 726.0 650.0 952.0 379.0 903.0 860.0 405.0 677.0 340.0 695.0 6.0 263.0 313.0 675.0 1028.0 234.0 614.0 287.0 786.0 343.0 185.0 212.0 819.0 797.0 123.0 316.0 998.0 175.0 766.0 904.0 146.0 746.0 288.0 559.0 104.0 829.0 387.0 490.0 970.0 1007.0 440.0 677.0 173.0 642.0 521.0 160.0 157.0 940.0 511.0 328.0 571.0 1045.0 827.0 802.0 688.0 734.0 187.0 881.0 956.0 619.0 1027.0 263.0 816.0 249.0 720.0 836.0 561.0 932.0 251.0 236.0 438.0 34.0 849.0 884.0 864.0 951.0 816.0 1123.0 739.0 569.0 454.0 103.0 879.0 256.0 1107.0 508.0 740.0 758.0 709.0 377.0 154.0 632.0 1019.0 674.0 498.0 56.0 25.0 257.0 810.0 695.0 493.0 479.0 384.0 619.0 953.0 225.0 318.0 903.0 584.0 251.0 694.0 926.0 225.0 494.0 702.0 556.0 679.0 414.0 904.0 1058.0 618.0 1056.0 539.0 65.0 393.0 455.0 538.0 690.0 471.0 179.0 203.0 294.0 726.0 920.0 573.0 647.0 373.0 370.0 477.0 1112.0 643.0 374.0 679.0 947.0 457.0 904.0 760.0 493.0 702.0 297.0 679.0 752.0 408.0 637.0 671.0 648.0 562.0 795.0 944.0 824.0 402.0 347.0 369.0 488.0 310.0 269.0 472.0 745.0 826.0 110.0 372.0 216.0 785.0 432.0 851.0 1031.0 66.0 114.0 616.0 466.0 951.0 273.0 537.0 340.0 434.0 1122.0 701.0 1017.0 567.0 
893.0 0.0 143.0 792.0 144.0 435.0 864.0 530.0 47.0 636.0 617.0 669.0 416.0 103.0 536.0 541.0 320.0 544.0 705.0 919.0 440.0 899.0 632.0 747.0 282.0 215.0 681.0 284.0 1006.0 397.0 652.0 715.0 682.0 778.0 349.0 815.0 966.0 140.0 733.0 486.0 199.0 771.0 776.0 843.0 366.0 858.0 198.0 625.0 499.0 277.0 156.0 884.0 516.0 764.0 428.0 423.0 737.0 813.0 665.0 686.0 579.0 377.0 208.0 204.0 805.0 576.0 269.0 888.0 562.0 138.0 773.0 155.0 1085.0 361.0 908.0 607.0 700.0 778.0 153.0 647.0 728.0 659.0 924.0 157.0 91.0 717.0 443.0 82.0 234.0 262.0 641.0 448.0 791.0 114.0 837.0 216.0 605.0 700.0 174.0 368.0 780.0 774.0 290.0 136.0 524.0 397.0 949.0 900.0 810.0 92.0 848.0 450.0 660.0 863.0 664.0 691.0 750.0 735.0 818.0 420.0 645.0 228.0 170.0 691.0 595.0 566.0 477.0 230.0 480.0 564.0 179.0 280.0 164.0 437.0 865.0 725.0 440.0 634.0 664.0 595.0 807.0 835.0 618.0 426.0 500.0 672.0 675.0 773.0 788.0 464.0 221.0 291.0 568.0 612.0 762.0 539.0 253.0 711.0 820.0 521.0 1006.0 696.0 315.0 490.0 354.0 299.0 324.0 617.0 820.0 88.0 465.0 924.0 895.0 993.0 850.0 698.0 802.0 811.0 832.0 349.0 890.0 632.0 793.0 595.0 524.0 287.0 140.0 865.0 780.0 348.0 465.0 253.0 716.0 742.0 872.0 460.0 236.0 202.0 151.0 358.0 
822.0 143.0 0.0 757.0 73.0 396.0 847.0 409.0 108.0 524.0 516.0 728.0 459.0 139.0 496.0 641.0 425.0 442.0 753.0 899.0 498.0 828.0 570.0 725.0 314.0 357.0 630.0 253.0 971.0 480.0 628.0 653.0 613.0 846.0 436.0 760.0 940.0 181.0 675.0 561.0 324.0 714.0 832.0 818.0 355.0 773.0 61.0 514.0 497.0 410.0 298.0 883.0 374.0 677.0 292.0 317.0 663.0 764.0 762.0 555.0 531.0 267.0 349.0 66.0 869.0 434.0 330.0 845.0 657.0 279.0 808.0 214.0 1036.0 453.0 874.0 668.0 777.0 802.0 289.0 589.0 688.0 537.0 850.0 37.0 72.0 797.0 559.0 145.0 352.0 324.0 669.0 405.0 720.0 238.0 806.0 308.0 619.0 760.0 227.0 227.0 662.0 690.0 293.0 267.0 577.0 332.0 878.0 825.0 706.0 154.0 891.0 346.0 669.0 853.0 703.0 788.0 709.0 713.0 897.0 295.0 583.0 250.0 303.0 639.0 605.0 424.0 351.0 235.0 418.0 663.0 247.0 253.0 263.0 321.0 802.0 606.0 372.0 656.0 717.0 473.0 715.0 738.0 534.0 492.0 606.0 537.0 535.0 655.0 777.0 448.0 333.0 305.0 539.0 664.0 853.0 425.0 374.0 774.0 830.0 580.0 973.0 745.0 172.0 440.0 226.0 173.0 353.0 483.0 881.0 231.0 554.0 914.0 877.0 973.0 858.0 672.0 697.0 817.0 884.0 444.0 835.0 523.0 696.0 670.0 420.0 391.0 236.0 785.0 710.0 367.0 367.0 384.0 683.0 609.0 855.0 396.0 358.0 133.0 201.0 349.0 
242.0 792.0 757.0 0.0 691.0 363.0 128.0 544.0 755.0 476.0 416.0 490.0 464.0 870.0 262.0 686.0 683.0 437.0 438.0 161.0 498.0 243.0 225.0 76.0 531.0 885.0 150.0 513.0 215.0 593.0 147.0 173.0 223.0 578.0 615.0 124.0 186.0 916.0 148.0 556.0 754.0 132.0 505.0 75.0 427.0 313.0 781.0 471.0 314.0 805.0 876.0 220.0 730.0 310.0 663.0 513.0 235.0 86.0 711.0 628.0 232.0 552.0 907.0 782.0 561.0 760.0 580.0 107.0 661.0 823.0 378.0 941.0 303.0 630.0 118.0 492.0 600.0 319.0 793.0 202.0 75.0 544.0 271.0 790.0 806.0 627.0 752.0 710.0 1005.0 586.0 337.0 353.0 218.0 749.0 51.0 1005.0 287.0 503.0 632.0 712.0 535.0 294.0 505.0 902.0 459.0 431.0 269.0 266.0 433.0 701.0 455.0 491.0 248.0 164.0 383.0 722.0 58.0 84.0 662.0 594.0 217.0 569.0 783.0 144.0 277.0 770.0 589.0 563.0 349.0 684.0 968.0 515.0 954.0 548.0 178.0 527.0 397.0 309.0 455.0 549.0 354.0 394.0 326.0 530.0 710.0 682.0 753.0 529.0 130.0 330.0 998.0 509.0 224.0 450.0 710.0 503.0 741.0 521.0 256.0 487.0 217.0 440.0 739.0 320.0 626.0 642.0 495.0 652.0 554.0 824.0 619.0 206.0 150.0 228.0 255.0 100.0 441.0 234.0 504.0 642.0 153.0 457.0 383.0 559.0 460.0 681.0 931.0 280.0 208.0 464.0 462.0 791.0 76.0 672.0 132.0 371.0 1001.0 626.0 932.0 436.0 
768.0 144.0 73.0 691.0 0.0 329.0 777.0 386.0 98.0 493.0 477.0 658.0 389.0 185.0 430.0 584.0 374.0 403.0 682.0 830.0 429.0 773.0 511.0 656.0 244.0 347.0 567.0 183.0 905.0 418.0 559.0 595.0 557.0 778.0 376.0 699.0 872.0 231.0 615.0 496.0 288.0 653.0 762.0 750.0 284.0 725.0 123.0 482.0 425.0 378.0 296.0 811.0 386.0 630.0 291.0 280.0 609.0 701.0 703.0 544.0 467.0 233.0 346.0 127.0 800.0 447.0 266.0 781.0 597.0 265.0 736.0 260.0 974.0 395.0 808.0 599.0 711.0 730.0 265.0 529.0 623.0 515.0 797.0 109.0 117.0 732.0 511.0 105.0 376.0 260.0 597.0 339.0 665.0 207.0 739.0 345.0 547.0 690.0 166.0 241.0 636.0 641.0 221.0 280.0 507.0 272.0 823.0 772.0 669.0 109.0 819.0 308.0 597.0 782.0 631.0 728.0 644.0 644.0 831.0 278.0 524.0 179.0 276.0 577.0 533.0 440.0 335.0 163.0 358.0 604.0 291.0 181.0 295.0 293.0 744.0 581.0 314.0 584.0 647.0 451.0 670.0 696.0 484.0 426.0 552.0 533.0 542.0 629.0 706.0 378.0 360.0 233.0 471.0 594.0 790.0 396.0 333.0 705.0 758.0 512.0 907.0 674.0 198.0 376.0 212.0 158.0 282.0 477.0 812.0 225.0 494.0 844.0 808.0 904.0 786.0 603.0 661.0 745.0 813.0 387.0 774.0 489.0 654.0 604.0 382.0 340.0 269.0 734.0 654.0 295.0 325.0 351.0 616.0 601.0 785.0 336.0 379.0 68.0 250.0 277.0 
468.0 435.0 396.0 363.0 329.0 0.0 453.0 318.0 396.0 343.0 289.0 470.0 248.0 509.0 102.0 531.0 418.0 240.0 464.0 504.0 307.0 473.0 206.0 331.0 214.0 561.0 247.0 153.0 577.0 372.0 235.0 285.0 261.0 596.0 366.0 381.0 544.0 555.0 300.0 395.0 440.0 337.0 552.0 422.0 98.0 452.0 423.0 331.0 149.0 512.0 540.0 498.0 462.0 368.0 368.0 219.0 320.0 378.0 615.0 475.0 145.0 235.0 577.0 425.0 603.0 512.0 277.0 455.0 523.0 489.0 481.0 580.0 650.0 387.0 480.0 427.0 561.0 456.0 464.0 217.0 295.0 403.0 500.0 429.0 444.0 589.0 534.0 355.0 659.0 280.0 347.0 15.0 369.0 412.0 411.0 650.0 276.0 499.0 291.0 391.0 481.0 372.0 166.0 555.0 339.0 91.0 522.0 478.0 455.0 347.0 574.0 215.0 310.0 463.0 398.0 636.0 317.0 319.0 670.0 300.0 218.0 227.0 460.0 257.0 256.0 516.0 325.0 213.0 78.0 541.0 609.0 156.0 599.0 264.0 433.0 438.0 88.0 322.0 444.0 364.0 422.0 459.0 235.0 329.0 528.0 503.0 554.0 473.0 388.0 84.0 650.0 179.0 144.0 401.0 668.0 291.0 446.0 519.0 461.0 360.0 579.0 458.0 403.0 61.0 303.0 301.0 197.0 452.0 609.0 479.0 435.0 523.0 484.0 578.0 485.0 277.0 452.0 445.0 589.0 393.0 455.0 327.0 421.0 468.0 243.0 401.0 575.0 450.0 357.0 168.0 196.0 491.0 288.0 536.0 461.0 78.0 657.0 264.0 572.0 105.0 
341.0 864.0 847.0 128.0 777.0 453.0 0.0 667.0 832.0 604.0 542.0 448.0 495.0 949.0 358.0 673.0 710.0 560.0 387.0 56.0 515.0 340.0 347.0 123.0 590.0 931.0 273.0 596.0 175.0 611.0 219.0 300.0 350.0 513.0 641.0 238.0 115.0 995.0 275.0 556.0 799.0 257.0 436.0 57.0 500.0 426.0 876.0 598.0 367.0 839.0 931.0 99.0 851.0 435.0 779.0 626.0 361.0 200.0 675.0 755.0 340.0 662.0 956.0 877.0 489.0 883.0 629.0 159.0 643.0 878.0 306.0 1017.0 298.0 652.0 110.0 465.0 552.0 246.0 845.0 324.0 197.0 672.0 364.0 881.0 889.0 577.0 757.0 782.0 1064.0 635.0 314.0 446.0 339.0 807.0 89.0 1073.0 293.0 453.0 696.0 823.0 662.0 418.0 575.0 964.0 458.0 532.0 353.0 366.0 557.0 773.0 366.0 607.0 239.0 44.0 347.0 681.0 183.0 135.0 594.0 709.0 340.0 637.0 833.0 268.0 292.0 893.0 709.0 636.0 455.0 666.0 1042.0 597.0 1022.0 664.0 278.0 655.0 502.0 295.0 415.0 675.0 475.0 514.0 451.0 547.0 705.0 810.0 880.0 655.0 83.0 402.0 1060.0 574.0 310.0 424.0 656.0 627.0 778.0 469.0 165.0 483.0 169.0 392.0 846.0 421.0 736.0 746.0 550.0 778.0 478.0 885.0 620.0 79.0 31.0 130.0 152.0 179.0 565.0 147.0 423.0 666.0 235.0 584.0 507.0 534.0 581.0 714.0 1001.0 391.0 331.0 521.0 578.0 827.0 180.0 799.0 9.0 477.0 1059.0 715.0 1010.0 508.0 
495.0 530.0 409.0 544.0 386.0 318.0 667.0 0.0 484.0 124.0 148.0 788.0 555.0 548.0 351.0 830.0 673.0 108.0 778.0 704.0 614.0 501.0 321.0 554.0 466.0 727.0 395.0 341.0 727.0 660.0 480.0 382.0 329.0 913.0 640.0 484.0 721.0 587.0 409.0 701.0 640.0 442.0 866.0 619.0 386.0 416.0 390.0 117.0 463.0 728.0 680.0 742.0 188.0 325.0 153.0 124.0 350.0 506.0 925.0 170.0 341.0 158.0 729.0 386.0 919.0 217.0 527.0 593.0 828.0 644.0 783.0 621.0 749.0 663.0 644.0 744.0 879.0 748.0 635.0 344.0 471.0 129.0 514.0 423.0 481.0 906.0 807.0 479.0 758.0 526.0 657.0 311.0 403.0 574.0 594.0 717.0 582.0 816.0 479.0 228.0 253.0 343.0 407.0 665.0 655.0 243.0 547.0 488.0 311.0 478.0 878.0 110.0 604.0 693.0 711.0 947.0 487.0 546.0 988.0 116.0 328.0 435.0 641.0 401.0 561.0 226.0 67.0 407.0 256.0 844.0 654.0 347.0 671.0 94.0 501.0 197.0 231.0 630.0 761.0 66.0 343.0 353.0 222.0 630.0 818.0 187.0 237.0 247.0 628.0 400.0 740.0 428.0 405.0 718.0 984.0 42.0 669.0 836.0 732.0 675.0 734.0 773.0 282.0 297.0 184.0 237.0 472.0 134.0 923.0 609.0 732.0 745.0 693.0 769.0 749.0 502.0 300.0 712.0 899.0 663.0 550.0 130.0 315.0 783.0 88.0 647.0 645.0 440.0 399.0 455.0 124.0 702.0 490.0 232.0 673.0 244.0 763.0 336.0 608.0 389.0 
851.0 47.0 108.0 755.0 98.0 396.0 832.0 484.0 0.0 590.0 571.0 658.0 398.0 120.0 497.0 547.0 328.0 497.0 691.0 886.0 428.0 856.0 590.0 714.0 259.0 254.0 641.0 244.0 970.0 394.0 617.0 673.0 639.0 771.0 348.0 775.0 932.0 164.0 692.0 481.0 218.0 730.0 765.0 809.0 332.0 814.0 167.0 579.0 469.0 303.0 199.0 856.0 475.0 719.0 384.0 377.0 693.0 774.0 670.0 641.0 539.0 330.0 250.0 172.0 797.0 535.0 256.0 850.0 566.0 174.0 755.0 186.0 1046.0 363.0 872.0 597.0 697.0 757.0 181.0 606.0 690.0 613.0 881.0 130.0 78.0 715.0 458.0 57.0 280.0 249.0 620.0 408.0 749.0 131.0 802.0 257.0 580.0 690.0 154.0 327.0 734.0 729.0 258.0 182.0 511.0 354.0 906.0 857.0 764.0 68.0 833.0 404.0 633.0 832.0 647.0 696.0 712.0 701.0 815.0 375.0 603.0 199.0 196.0 651.0 568.0 526.0 432.0 196.0 437.0 570.0 213.0 241.0 206.0 391.0 823.0 678.0 396.0 611.0 652.0 549.0 762.0 790.0 573.0 417.0 509.0 628.0 633.0 727.0 757.0 430.0 266.0 262.0 532.0 599.0 765.0 493.0 270.0 702.0 794.0 510.0 971.0 682.0 277.0 450.0 309.0 254.0 301.0 573.0 811.0 129.0 466.0 894.0 863.0 961.0 824.0 663.0 756.0 784.0 820.0 352.0 850.0 586.0 748.0 591.0 478.0 294.0 181.0 821.0 737.0 322.0 419.0 277.0 680.0 697.0 840.0 417.0 283.0 156.0 179.0 324.0 
386.0 636.0 524.0 476.0 493.0 343.0 604.0 124.0 590.0 0.0 65.0 795.0 591.0 663.0 339.0 873.0 739.0 107.0 775.0 634.0 649.0 392.0 266.0 501.0 528.0 822.0 335.0 412.0 639.0 710.0 444.0 305.0 254.0 917.0 697.0 396.0 642.0 704.0 331.0 737.0 725.0 359.0 862.0 551.0 429.0 300.0 509.0 13.0 471.0 810.0 780.0 688.0 292.0 214.0 276.0 214.0 257.0 424.0 956.0 154.0 312.0 261.0 828.0 506.0 917.0 303.0 592.0 507.0 865.0 740.0 765.0 737.0 646.0 720.0 563.0 760.0 894.0 722.0 728.0 286.0 408.0 71.0 402.0 541.0 595.0 923.0 866.0 577.0 868.0 593.0 651.0 332.0 304.0 667.0 523.0 831.0 574.0 821.0 562.0 351.0 149.0 234.0 469.0 772.0 676.0 293.0 436.0 377.0 188.0 574.0 858.0 188.0 585.0 635.0 707.0 977.0 421.0 495.0 996.0 236.0 269.0 510.0 731.0 338.0 553.0 316.0 190.0 484.0 267.0 884.0 770.0 419.0 784.0 204.0 402.0 98.0 264.0 621.0 765.0 85.0 224.0 231.0 158.0 671.0 868.0 206.0 278.0 140.0 578.0 415.0 851.0 489.0 386.0 728.0 1004.0 99.0 747.0 841.0 693.0 700.0 647.0 771.0 405.0 302.0 303.0 352.0 525.0 181.0 919.0 710.0 776.0 681.0 626.0 692.0 705.0 454.0 177.0 671.0 887.0 723.0 455.0 21.0 193.0 807.0 118.0 716.0 757.0 327.0 303.0 502.0 181.0 785.0 435.0 207.0 608.0 266.0 871.0 436.0 724.0 434.0 
348.0 617.0 516.0 416.0 477.0 289.0 542.0 148.0 571.0 65.0 0.0 733.0 536.0 653.0 276.0 819.0 695.0 74.0 711.0 574.0 594.0 354.0 202.0 438.0 484.0 794.0 272.0 375.0 586.0 659.0 379.0 246.0 194.0 854.0 649.0 342.0 585.0 696.0 273.0 681.0 690.0 303.0 798.0 491.0 379.0 272.0 508.0 57.0 410.0 773.0 756.0 625.0 332.0 179.0 296.0 199.0 205.0 368.0 898.0 219.0 247.0 250.0 802.0 506.0 853.0 351.0 549.0 453.0 810.0 713.0 700.0 729.0 602.0 672.0 507.0 699.0 833.0 657.0 698.0 223.0 346.0 136.0 368.0 536.0 584.0 862.0 818.0 553.0 851.0 550.0 587.0 277.0 257.0 638.0 463.0 819.0 510.0 759.0 527.0 366.0 193.0 196.0 426.0 752.0 617.0 250.0 400.0 342.0 193.0 549.0 793.0 170.0 520.0 573.0 643.0 919.0 360.0 431.0 933.0 243.0 205.0 472.0 699.0 275.0 490.0 363.0 210.0 447.0 211.0 829.0 761.0 381.0 771.0 203.0 356.0 151.0 216.0 557.0 702.0 135.0 204.0 223.0 93.0 617.0 816.0 269.0 338.0 185.0 514.0 356.0 836.0 445.0 322.0 667.0 943.0 110.0 709.0 779.0 628.0 641.0 593.0 708.0 415.0 243.0 304.0 348.0 477.0 237.0 855.0 686.0 723.0 620.0 566.0 634.0 641.0 390.0 186.0 607.0 823.0 676.0 406.0 45.0 181.0 747.0 97.0 674.0 744.0 294.0 254.0 452.0 153.0 749.0 372.0 272.0 547.0 213.0 853.0 415.0 716.0 385.0 
726.0 669.0 728.0 490.0 658.0 470.0 448.0 788.0 658.0 795.0 733.0 0.0 271.0 771.0 457.0 248.0 386.0 701.0 67.0 494.0 232.0 728.0 560.0 416.0 415.0 632.0 526.0 514.0 621.0 283.0 395.0 584.0 605.0 127.0 331.0 604.0 556.0 807.0 576.0 192.0 515.0 588.0 108.0 476.0 422.0 774.0 780.0 784.0 326.0 511.0 660.0 391.0 924.0 731.0 824.0 685.0 654.0 571.0 227.0 938.0 493.0 690.0 663.0 784.0 142.0 978.0 403.0 584.0 213.0 612.0 165.0 815.0 746.0 327.0 552.0 63.0 110.0 214.0 575.0 549.0 493.0 862.0 757.0 763.0 734.0 139.0 364.0 603.0 794.0 410.0 159.0 477.0 670.0 569.0 498.0 832.0 230.0 33.0 506.0 827.0 914.0 723.0 450.0 713.0 152.0 553.0 759.0 748.0 850.0 592.0 197.0 684.0 248.0 415.0 108.0 234.0 502.0 409.0 201.0 761.0 564.0 480.0 557.0 531.0 249.0 980.0 793.0 499.0 535.0 235.0 830.0 511.0 790.0 730.0 664.0 882.0 557.0 191.0 36.0 830.0 786.0 830.0 652.0 244.0 293.0 971.0 1023.0 906.0 379.0 388.0 800.0 433.0 416.0 71.0 223.0 758.0 471.0 49.0 298.0 149.0 614.0 60.0 818.0 496.0 745.0 723.0 379.0 921.0 154.0 644.0 241.0 454.0 468.0 547.0 326.0 419.0 853.0 308.0 166.0 342.0 643.0 777.0 803.0 105.0 709.0 409.0 777.0 750.0 657.0 375.0 665.0 512.0 455.0 997.0 455.0 544.0 784.0 623.0 814.0 424.0 
650.0 416.0 459.0 464.0 389.0 248.0 495.0 555.0 398.0 591.0 536.0 271.0 0.0 515.0 288.0 283.0 219.0 487.0 295.0 551.0 59.0 654.0 414.0 399.0 145.0 439.0 418.0 247.0 660.0 136.0 321.0 473.0 470.0 394.0 151.0 538.0 607.0 556.0 477.0 147.0 307.0 505.0 374.0 492.0 170.0 663.0 510.0 579.0 160.0 345.0 447.0 491.0 669.0 592.0 566.0 440.0 529.0 519.0 370.0 718.0 339.0 435.0 466.0 514.0 413.0 726.0 149.0 570.0 275.0 393.0 358.0 569.0 765.0 167.0 568.0 214.0 338.0 365.0 358.0 415.0 426.0 650.0 684.0 495.0 472.0 363.0 302.0 343.0 582.0 157.0 227.0 260.0 566.0 332.0 497.0 604.0 206.0 303.0 245.0 562.0 728.0 591.0 180.0 488.0 119.0 313.0 697.0 666.0 693.0 331.0 435.0 446.0 263.0 482.0 249.0 393.0 444.0 387.0 455.0 508.0 424.0 210.0 344.0 426.0 203.0 726.0 547.0 228.0 325.0 293.0 588.0 244.0 557.0 484.0 599.0 686.0 330.0 225.0 258.0 607.0 648.0 689.0 475.0 82.0 284.0 741.0 784.0 720.0 413.0 188.0 582.0 162.0 277.0 205.0 434.0 533.0 284.0 319.0 415.0 129.0 657.0 286.0 548.0 297.0 483.0 456.0 109.0 687.0 424.0 412.0 188.0 540.0 524.0 622.0 446.0 366.0 692.0 410.0 425.0 179.0 601.0 575.0 654.0 234.0 487.0 220.0 539.0 651.0 552.0 108.0 433.0 333.0 397.0 780.0 504.0 326.0 576.0 353.0 566.0 168.0 
952.0 103.0 139.0 870.0 185.0 509.0 949.0 548.0 120.0 663.0 653.0 771.0 515.0 0.0 610.0 640.0 419.0 580.0 806.0 1003.0 541.0 958.0 696.0 830.0 378.0 272.0 751.0 357.0 1084.0 499.0 734.0 779.0 742.0 880.0 450.0 883.0 1048.0 47.0 799.0 588.0 292.0 837.0 878.0 925.0 450.0 908.0 168.0 653.0 588.0 361.0 207.0 975.0 497.0 812.0 423.0 455.0 793.0 884.0 764.0 690.0 649.0 405.0 254.0 173.0 907.0 553.0 370.0 963.0 662.0 213.0 872.0 76.0 1157.0 462.0 987.0 709.0 802.0 876.0 238.0 713.0 803.0 675.0 981.0 128.0 70.0 818.0 537.0 174.0 222.0 363.0 738.0 519.0 850.0 212.0 917.0 170.0 699.0 802.0 271.0 353.0 800.0 824.0 377.0 156.0 625.0 457.0 1008.0 956.0 844.0 185.0 949.0 484.0 753.0 951.0 764.0 790.0 825.0 818.0 919.0 433.0 708.0 319.0 258.0 760.0 688.0 541.0 488.0 315.0 542.0 663.0 108.0 355.0 128.0 459.0 929.0 744.0 499.0 730.0 766.0 610.0 851.0 875.0 667.0 528.0 597.0 667.0 659.0 794.0 875.0 548.0 201.0 381.0 647.0 713.0 862.0 564.0 347.0 813.0 914.0 623.0 1086.0 797.0 294.0 559.0 364.0 311.0 420.0 615.0 922.0 160.0 566.0 1012.0 980.0 1078.0 943.0 779.0 835.0 904.0 933.0 450.0 958.0 662.0 833.0 698.0 557.0 386.0 103.0 918.0 839.0 441.0 503.0 339.0 795.0 741.0 958.0 521.0 230.0 252.0 65.0 442.0 
379.0 536.0 496.0 262.0 430.0 102.0 358.0 351.0 497.0 339.0 276.0 457.0 288.0 610.0 0.0 564.0 486.0 252.0 436.0 408.0 341.0 383.0 127.0 236.0 297.0 652.0 149.0 254.0 476.0 423.0 143.0 195.0 183.0 578.0 427.0 283.0 445.0 656.0 206.0 424.0 526.0 241.0 524.0 324.0 182.0 377.0 521.0 329.0 140.0 592.0 635.0 413.0 518.0 305.0 434.0 279.0 243.0 278.0 632.0 487.0 52.0 309.0 670.0 522.0 578.0 561.0 356.0 354.0 550.0 583.0 433.0 682.0 549.0 447.0 379.0 425.0 559.0 398.0 556.0 130.0 194.0 407.0 412.0 529.0 545.0 587.0 588.0 455.0 757.0 361.0 313.0 92.0 285.0 506.0 311.0 751.0 236.0 483.0 386.0 470.0 460.0 304.0 258.0 653.0 349.0 174.0 431.0 391.0 409.0 447.0 528.0 265.0 253.0 372.0 368.0 650.0 215.0 224.0 657.0 364.0 137.0 322.0 550.0 159.0 215.0 568.0 375.0 310.0 102.0 571.0 710.0 257.0 699.0 321.0 338.0 426.0 147.0 283.0 426.0 383.0 361.0 402.0 197.0 370.0 570.0 526.0 585.0 451.0 299.0 103.0 748.0 267.0 56.0 391.0 670.0 316.0 526.0 503.0 387.0 374.0 478.0 433.0 489.0 64.0 381.0 388.0 271.0 481.0 581.0 576.0 474.0 431.0 388.0 481.0 408.0 180.0 409.0 369.0 552.0 455.0 357.0 320.0 368.0 477.0 265.0 474.0 675.0 369.0 271.0 239.0 239.0 573.0 188.0 544.0 366.0 123.0 755.0 364.0 673.0 190.0 
903.0 541.0 641.0 686.0 584.0 531.0 673.0 830.0 547.0 873.0 819.0 248.0 283.0 640.0 564.0 0.0 222.0 768.0 314.0 723.0 225.0 906.0 687.0 613.0 374.0 437.0 678.0 500.0 847.0 174.0 561.0 736.0 741.0 293.0 209.0 783.0 786.0 667.0 735.0 141.0 351.0 758.0 333.0 690.0 447.0 930.0 700.0 861.0 427.0 311.0 482.0 629.0 925.0 867.0 820.0 711.0 798.0 757.0 125.0 996.0 612.0 698.0 470.0 706.0 331.0 984.0 326.0 789.0 37.0 445.0 413.0 666.0 967.0 189.0 769.0 211.0 202.0 457.0 411.0 684.0 668.0 931.0 936.0 672.0 624.0 205.0 130.0 498.0 604.0 330.0 359.0 543.0 828.0 428.0 706.0 657.0 400.0 264.0 419.0 801.0 1011.0 864.0 430.0 543.0 230.0 590.0 944.0 922.0 972.0 489.0 437.0 720.0 443.0 645.0 330.0 150.0 682.0 603.0 300.0 770.0 696.0 425.0 390.0 686.0 411.0 982.0 815.0 452.0 608.0 25.0 672.0 495.0 623.0 752.0 846.0 968.0 611.0 382.0 273.0 885.0 923.0 965.0 756.0 202.0 53.0 1015.0 1053.0 1002.0 596.0 468.0 615.0 408.0 543.0 250.0 226.0 811.0 297.0 260.0 537.0 202.0 842.0 306.0 773.0 579.0 733.0 695.0 359.0 960.0 350.0 489.0 99.0 691.0 696.0 783.0 567.0 598.0 972.0 544.0 391.0 198.0 836.0 857.0 931.0 146.0 767.0 255.0 617.0 913.0 814.0 376.0 710.0 322.0 633.0 1058.0 681.0 608.0 592.0 573.0 668.0 443.0 
860.0 320.0 425.0 683.0 374.0 418.0 710.0 673.0 328.0 739.0 695.0 386.0 219.0 419.0 486.0 222.0 0.0 633.0 438.0 765.0 197.0 864.0 611.0 617.0 212.0 246.0 626.0 333.0 877.0 108.0 539.0 678.0 668.0 477.0 70.0 752.0 823.0 447.0 686.0 195.0 134.0 716.0 491.0 709.0 321.0 862.0 485.0 727.0 374.0 132.0 276.0 696.0 738.0 784.0 635.0 550.0 728.0 735.0 346.0 843.0 538.0 525.0 278.0 491.0 510.0 799.0 148.0 789.0 244.0 232.0 525.0 448.0 983.0 62.0 786.0 326.0 393.0 549.0 196.0 616.0 642.0 788.0 893.0 455.0 404.0 406.0 140.0 281.0 408.0 148.0 418.0 432.0 770.0 207.0 715.0 450.0 418.0 414.0 213.0 604.0 885.0 785.0 271.0 332.0 271.0 447.0 909.0 874.0 871.0 272.0 581.0 566.0 474.0 694.0 418.0 371.0 660.0 605.0 506.0 594.0 622.0 240.0 176.0 636.0 418.0 795.0 645.0 269.0 493.0 245.0 457.0 327.0 412.0 586.0 812.0 837.0 479.0 425.0 393.0 734.0 838.0 876.0 652.0 167.0 182.0 851.0 879.0 877.0 628.0 384.0 415.0 251.0 487.0 346.0 444.0 662.0 86.0 420.0 613.0 255.0 874.0 428.0 569.0 476.0 547.0 502.0 222.0 794.0 527.0 272.0 154.0 750.0 738.0 835.0 645.0 584.0 868.0 612.0 551.0 47.0 818.0 727.0 838.0 295.0 625.0 35.0 403.0 854.0 756.0 251.0 563.0 128.0 615.0 904.0 718.0 485.0 398.0 375.0 450.0 314.0 
405.0 544.0 442.0 437.0 403.0 240.0 560.0 108.0 497.0 107.0 74.0 701.0 487.0 580.0 252.0 768.0 633.0 0.0 686.0 597.0 546.0 411.0 213.0 446.0 421.0 722.0 288.0 307.0 623.0 604.0 375.0 277.0 224.0 825.0 590.0 381.0 615.0 623.0 303.0 633.0 621.0 338.0 774.0 511.0 323.0 339.0 437.0 95.0 375.0 705.0 683.0 635.0 294.0 243.0 239.0 126.0 252.0 401.0 854.0 237.0 237.0 177.0 729.0 435.0 828.0 325.0 486.0 488.0 762.0 641.0 685.0 655.0 651.0 613.0 538.0 662.0 797.0 647.0 627.0 236.0 363.0 164.0 428.0 463.0 511.0 826.0 760.0 480.0 777.0 486.0 564.0 230.0 308.0 566.0 487.0 746.0 487.0 729.0 458.0 304.0 254.0 258.0 362.0 678.0 577.0 186.0 460.0 402.0 267.0 476.0 779.0 97.0 504.0 585.0 618.0 875.0 380.0 438.0 902.0 179.0 221.0 404.0 629.0 294.0 466.0 334.0 157.0 379.0 167.0 780.0 688.0 313.0 697.0 135.0 404.0 205.0 158.0 535.0 672.0 131.0 274.0 296.0 119.0 566.0 762.0 274.0 335.0 246.0 521.0 316.0 762.0 382.0 304.0 633.0 905.0 68.0 642.0 749.0 627.0 599.0 629.0 682.0 349.0 206.0 235.0 276.0 419.0 230.0 831.0 613.0 671.0 637.0 585.0 662.0 643.0 395.0 259.0 607.0 804.0 616.0 450.0 96.0 254.0 707.0 27.0 610.0 670.0 357.0 302.0 396.0 79.0 681.0 382.0 297.0 565.0 162.0 779.0 342.0 643.0 328.0 
677.0 705.0 753.0 438.0 682.0 464.0 387.0 778.0 691.0 775.0 711.0 67.0 295.0 806.0 436.0 314.0 438.0 686.0 0.0 431.0 266.0 679.0 529.0 365.0 440.0 684.0 488.0 527.0 558.0 331.0 356.0 545.0 571.0 147.0 378.0 555.0 493.0 845.0 534.0 244.0 563.0 544.0 89.0 418.0 429.0 731.0 803.0 764.0 316.0 565.0 709.0 325.0 924.0 695.0 826.0 681.0 616.0 521.0 290.0 922.0 466.0 691.0 715.0 807.0 143.0 975.0 437.0 527.0 279.0 659.0 99.0 855.0 684.0 377.0 493.0 114.0 166.0 148.0 622.0 516.0 448.0 843.0 707.0 789.0 766.0 192.0 427.0 635.0 843.0 444.0 124.0 468.0 628.0 610.0 441.0 878.0 201.0 67.0 538.0 836.0 887.0 685.0 467.0 759.0 182.0 551.0 707.0 700.0 816.0 624.0 145.0 678.0 204.0 352.0 68.0 295.0 455.0 360.0 230.0 760.0 532.0 504.0 604.0 493.0 222.0 978.0 788.0 521.0 522.0 301.0 871.0 524.0 834.0 727.0 614.0 858.0 549.0 156.0 46.0 816.0 749.0 792.0 627.0 284.0 358.0 959.0 1014.0 879.0 321.0 380.0 848.0 452.0 390.0 95.0 273.0 746.0 522.0 84.0 233.0 188.0 550.0 10.0 831.0 482.0 751.0 733.0 401.0 910.0 146.0 688.0 299.0 388.0 405.0 482.0 260.0 374.0 820.0 244.0 132.0 393.0 589.0 756.0 768.0 169.0 695.0 458.0 819.0 705.0 615.0 391.0 657.0 565.0 409.0 980.0 393.0 534.0 834.0 642.0 853.0 432.0 
340.0 919.0 899.0 161.0 830.0 504.0 56.0 704.0 886.0 634.0 574.0 494.0 551.0 1003.0 408.0 723.0 765.0 597.0 431.0 0.0 570.0 338.0 385.0 174.0 645.0 987.0 310.0 649.0 128.0 665.0 271.0 329.0 381.0 551.0 696.0 251.0 63.0 1049.0 303.0 609.0 855.0 278.0 474.0 87.0 554.0 433.0 927.0 628.0 423.0 894.0 987.0 117.0 890.0 453.0 821.0 670.0 384.0 216.0 720.0 783.0 385.0 708.0 1012.0 928.0 523.0 920.0 684.0 154.0 693.0 933.0 345.0 1071.0 255.0 708.0 92.0 515.0 595.0 286.0 900.0 362.0 235.0 701.0 359.0 933.0 942.0 619.0 810.0 837.0 1120.0 691.0 366.0 497.0 354.0 863.0 112.0 1128.0 348.0 496.0 751.0 868.0 681.0 435.0 629.0 1019.0 512.0 581.0 342.0 364.0 571.0 827.0 395.0 650.0 293.0 80.0 395.0 725.0 218.0 187.0 629.0 752.0 377.0 692.0 888.0 304.0 348.0 930.0 749.0 690.0 502.0 716.0 1097.0 650.0 1077.0 706.0 281.0 679.0 549.0 348.0 461.0 708.0 489.0 525.0 485.0 602.0 757.0 839.0 911.0 675.0 138.0 456.0 1116.0 629.0 361.0 474.0 696.0 663.0 834.0 512.0 202.0 537.0 120.0 436.0 893.0 469.0 781.0 794.0 606.0 811.0 511.0 941.0 673.0 64.0 28.0 75.0 181.0 228.0 581.0 187.0 454.0 722.0 230.0 614.0 522.0 583.0 620.0 770.0 1056.0 395.0 348.0 577.0 620.0 883.0 223.0 824.0 48.0 524.0 1115.0 767.0 1064.0 562.0 
695.0 440.0 498.0 498.0 429.0 307.0 515.0 614.0 428.0 649.0 594.0 232.0 59.0 541.0 341.0 225.0 197.0 546.0 266.0 570.0 0.0 698.0 466.0 429.0 188.0 434.0 464.0 300.0 685.0 97.0 359.0 521.0 521.0 349.0 129.0 580.0 629.0 579.0 523.0 88.0 306.0 549.0 338.0 518.0 228.0 713.0 551.0 637.0 208.0 328.0 450.0 500.0 725.0 645.0 621.0 498.0 579.0 558.0 312.0 777.0 391.0 492.0 463.0 556.0 372.0 782.0 173.0 603.0 217.0 399.0 341.0 590.0 794.0 138.0 596.0 170.0 286.0 358.0 362.0 465.0 466.0 709.0 728.0 533.0 503.0 310.0 257.0 372.0 586.0 179.0 223.0 318.0 614.0 345.0 527.0 615.0 223.0 263.0 275.0 614.0 786.0 643.0 231.0 497.0 85.0 372.0 740.0 712.0 748.0 361.0 410.0 504.0 278.0 498.0 231.0 335.0 482.0 417.0 405.0 564.0 475.0 251.0 345.0 473.0 225.0 782.0 605.0 273.0 383.0 235.0 606.0 296.0 570.0 541.0 642.0 744.0 389.0 229.0 225.0 666.0 702.0 743.0 531.0 33.0 230.0 800.0 842.0 778.0 433.0 243.0 589.0 211.0 326.0 172.0 379.0 592.0 273.0 277.0 418.0 83.0 681.0 257.0 598.0 354.0 538.0 508.0 157.0 745.0 385.0 424.0 133.0 553.0 543.0 639.0 449.0 402.0 748.0 416.0 393.0 152.0 640.0 634.0 708.0 180.0 546.0 207.0 555.0 699.0 600.0 163.0 492.0 321.0 435.0 839.0 524.0 384.0 578.0 399.0 588.0 226.0 
6.0 899.0 828.0 243.0 773.0 473.0 340.0 501.0 856.0 392.0 354.0 728.0 654.0 958.0 383.0 906.0 864.0 411.0 679.0 338.0 698.0 0.0 268.0 315.0 680.0 1033.0 238.0 619.0 283.0 789.0 346.0 189.0 218.0 820.0 801.0 125.0 314.0 1003.0 179.0 769.0 909.0 150.0 747.0 288.0 564.0 108.0 834.0 393.0 494.0 975.0 1012.0 439.0 682.0 178.0 648.0 527.0 166.0 158.0 943.0 516.0 332.0 576.0 1050.0 833.0 803.0 693.0 739.0 185.0 884.0 961.0 620.0 1033.0 257.0 820.0 247.0 723.0 838.0 561.0 937.0 256.0 239.0 444.0 31.0 855.0 889.0 866.0 954.0 822.0 1128.0 743.0 571.0 459.0 109.0 884.0 256.0 1113.0 511.0 742.0 763.0 715.0 382.0 159.0 637.0 1025.0 677.0 503.0 51.0 27.0 261.0 815.0 695.0 498.0 481.0 383.0 621.0 956.0 227.0 320.0 904.0 590.0 256.0 699.0 931.0 229.0 497.0 707.0 562.0 684.0 420.0 907.0 1064.0 623.0 1062.0 545.0 66.0 398.0 461.0 541.0 692.0 476.0 184.0 207.0 299.0 730.0 923.0 578.0 652.0 378.0 371.0 482.0 1117.0 648.0 378.0 681.0 949.0 463.0 908.0 761.0 494.0 705.0 294.0 680.0 758.0 414.0 643.0 677.0 653.0 567.0 796.0 950.0 828.0 401.0 346.0 367.0 488.0 312.0 274.0 472.0 746.0 830.0 108.0 377.0 221.0 788.0 437.0 855.0 1036.0 71.0 119.0 621.0 472.0 956.0 276.0 542.0 339.0 440.0 1127.0 706.0 1022.0 572.0 
263.0 632.0 570.0 225.0 511.0 206.0 347.0 321.0 590.0 266.0 202.0 560.0 414.0 696.0 127.0 687.0 611.0 213.0 529.0 385.0 466.0 268.0 0.0 237.0 416.0 767.0 75.0 351.0 420.0 549.0 181.0 84.0 57.0 674.0 552.0 191.0 406.0 742.0 106.0 547.0 644.0 144.0 613.0 299.0 299.0 252.0 584.0 258.0 261.0 714.0 744.0 425.0 506.0 180.0 440.0 294.0 117.0 200.0 748.0 420.0 76.0 338.0 783.0 584.0 669.0 537.0 478.0 287.0 671.0 694.0 506.0 770.0 469.0 573.0 330.0 535.0 666.0 460.0 670.0 24.0 151.0 336.0 295.0 600.0 628.0 695.0 715.0 554.0 860.0 482.0 405.0 192.0 164.0 616.0 275.0 847.0 330.0 582.0 496.0 494.0 360.0 178.0 371.0 757.0 466.0 240.0 318.0 272.0 292.0 547.0 598.0 271.0 329.0 374.0 462.0 765.0 168.0 230.0 756.0 373.0 13.0 432.0 665.0 82.0 311.0 547.0 365.0 417.0 154.0 693.0 800.0 356.0 795.0 326.0 234.0 336.0 198.0 374.0 526.0 331.0 237.0 279.0 109.0 495.0 695.0 470.0 537.0 352.0 313.0 229.0 850.0 383.0 147.0 498.0 778.0 280.0 648.0 603.0 427.0 493.0 425.0 527.0 526.0 146.0 411.0 434.0 393.0 434.0 668.0 682.0 599.0 425.0 372.0 451.0 439.0 189.0 294.0 406.0 632.0 581.0 266.0 246.0 247.0 592.0 236.0 598.0 770.0 245.0 151.0 362.0 241.0 694.0 172.0 471.0 352.0 175.0 859.0 444.0 760.0 308.0 
313.0 747.0 725.0 76.0 656.0 331.0 123.0 554.0 714.0 501.0 438.0 416.0 399.0 830.0 236.0 613.0 617.0 446.0 365.0 174.0 429.0 315.0 237.0 0.0 478.0 827.0 167.0 475.0 264.0 525.0 98.0 210.0 253.0 506.0 549.0 192.0 219.0 876.0 190.0 484.0 695.0 187.0 434.0 97.0 382.0 375.0 754.0 494.0 256.0 742.0 823.0 189.0 735.0 358.0 660.0 506.0 279.0 157.0 636.0 655.0 220.0 540.0 851.0 755.0 490.0 770.0 522.0 177.0 586.0 769.0 310.0 899.0 366.0 563.0 170.0 417.0 525.0 253.0 738.0 216.0 99.0 571.0 343.0 759.0 769.0 553.0 681.0 666.0 953.0 529.0 262.0 323.0 275.0 697.0 99.0 959.0 214.0 429.0 583.0 702.0 577.0 344.0 458.0 852.0 386.0 409.0 343.0 336.0 483.0 656.0 391.0 488.0 173.0 141.0 309.0 647.0 97.0 13.0 590.0 590.0 233.0 522.0 727.0 166.0 206.0 779.0 592.0 519.0 333.0 610.0 925.0 477.0 908.0 545.0 250.0 563.0 380.0 234.0 380.0 567.0 407.0 449.0 345.0 461.0 638.0 706.0 774.0 570.0 77.0 284.0 949.0 460.0 187.0 375.0 636.0 514.0 680.0 448.0 200.0 414.0 263.0 367.0 723.0 298.0 614.0 623.0 440.0 671.0 485.0 773.0 547.0 197.0 154.0 249.0 206.0 56.0 490.0 177.0 437.0 576.0 228.0 481.0 433.0 484.0 467.0 618.0 885.0 346.0 264.0 410.0 459.0 729.0 67.0 703.0 131.0 355.0 949.0 593.0 892.0 390.0 
675.0 282.0 314.0 531.0 244.0 214.0 590.0 466.0 259.0 528.0 484.0 415.0 145.0 378.0 297.0 374.0 212.0 421.0 440.0 645.0 188.0 680.0 416.0 478.0 0.0 357.0 445.0 128.0 741.0 201.0 386.0 491.0 472.0 536.0 175.0 578.0 696.0 420.0 503.0 263.0 230.0 537.0 519.0 575.0 118.0 665.0 366.0 516.0 223.0 299.0 346.0 604.0 552.0 581.0 447.0 344.0 532.0 567.0 482.0 635.0 348.0 325.0 377.0 370.0 557.0 611.0 66.0 634.0 378.0 292.0 498.0 437.0 832.0 197.0 645.0 356.0 473.0 499.0 263.0 425.0 476.0 577.0 708.0 350.0 330.0 496.0 341.0 204.0 476.0 68.0 362.0 228.0 579.0 219.0 573.0 485.0 323.0 447.0 109.0 432.0 674.0 585.0 60.0 375.0 263.0 236.0 727.0 687.0 663.0 193.0 579.0 357.0 378.0 585.0 391.0 507.0 497.0 465.0 592.0 397.0 428.0 65.0 255.0 455.0 313.0 609.0 444.0 86.0 285.0 391.0 459.0 122.0 435.0 382.0 634.0 625.0 268.0 353.0 403.0 525.0 634.0 671.0 444.0 189.0 355.0 648.0 681.0 666.0 511.0 204.0 471.0 39.0 313.0 350.0 560.0 452.0 233.0 462.0 538.0 269.0 740.0 431.0 411.0 274.0 360.0 325.0 43.0 592.0 568.0 296.0 276.0 646.0 620.0 719.0 568.0 433.0 659.0 529.0 570.0 198.0 649.0 516.0 631.0 366.0 414.0 191.0 414.0 661.0 566.0 69.0 353.0 279.0 457.0 697.0 598.0 276.0 472.0 212.0 432.0 109.0 
1028.0 215.0 357.0 885.0 347.0 561.0 931.0 727.0 254.0 822.0 794.0 632.0 439.0 272.0 652.0 437.0 246.0 722.0 684.0 987.0 434.0 1033.0 767.0 827.0 357.0 0.0 801.0 425.0 1091.0 353.0 739.0 844.0 821.0 716.0 308.0 934.0 1042.0 277.0 858.0 441.0 133.0 893.0 736.0 923.0 471.0 1010.0 411.0 811.0 572.0 127.0 66.0 929.0 728.0 921.0 638.0 611.0 880.0 924.0 557.0 888.0 702.0 570.0 34.0 417.0 751.0 789.0 306.0 988.0 468.0 84.0 769.0 262.0 1186.0 307.0 996.0 572.0 629.0 791.0 98.0 777.0 832.0 854.0 1061.0 370.0 299.0 638.0 313.0 249.0 167.0 300.0 656.0 575.0 930.0 156.0 924.0 225.0 645.0 658.0 273.0 581.0 969.0 927.0 396.0 125.0 513.0 552.0 1081.0 1039.0 984.0 250.0 826.0 635.0 702.0 920.0 662.0 581.0 853.0 815.0 736.0 622.0 779.0 336.0 103.0 810.0 641.0 780.0 679.0 354.0 623.0 461.0 256.0 420.0 201.0 633.0 990.0 915.0 593.0 660.0 639.0 792.0 969.0 1002.0 777.0 407.0 387.0 880.0 887.0 962.0 850.0 560.0 179.0 386.0 669.0 591.0 662.0 729.0 162.0 664.0 850.0 499.0 1089.0 674.0 529.0 622.0 559.0 504.0 390.0 824.0 768.0 127.0 394.0 979.0 961.0 1059.0 882.0 786.0 978.0 847.0 795.0 291.0 1005.0 815.0 961.0 538.0 706.0 228.0 205.0 1010.0 917.0 422.0 644.0 120.0 812.0 946.0 940.0 608.0 156.0 391.0 270.0 462.0 
234.0 681.0 630.0 150.0 567.0 247.0 273.0 395.0 641.0 335.0 272.0 526.0 418.0 751.0 149.0 678.0 626.0 288.0 488.0 310.0 464.0 238.0 75.0 167.0 445.0 801.0 0.0 398.0 349.0 553.0 133.0 59.0 88.0 634.0 564.0 135.0 331.0 797.0 60.0 539.0 674.0 93.0 569.0 224.0 330.0 253.0 647.0 328.0 258.0 738.0 783.0 353.0 581.0 207.0 515.0 366.0 128.0 135.0 727.0 488.0 102.0 408.0 819.0 648.0 625.0 611.0 503.0 218.0 659.0 731.0 455.0 824.0 407.0 582.0 257.0 509.0 635.0 404.0 705.0 53.0 76.0 404.0 268.0 661.0 684.0 664.0 719.0 601.0 904.0 507.0 368.0 234.0 151.0 655.0 200.0 896.0 297.0 546.0 534.0 566.0 414.0 197.0 407.0 801.0 451.0 298.0 284.0 249.0 330.0 593.0 544.0 344.0 285.0 301.0 424.0 743.0 93.0 162.0 718.0 446.0 68.0 470.0 698.0 10.0 280.0 621.0 440.0 458.0 212.0 681.0 853.0 402.0 845.0 400.0 190.0 397.0 260.0 337.0 492.0 403.0 261.0 305.0 180.0 495.0 692.0 540.0 609.0 407.0 244.0 245.0 896.0 416.0 141.0 470.0 748.0 355.0 672.0 566.0 363.0 479.0 353.0 488.0 596.0 192.0 482.0 502.0 416.0 507.0 623.0 724.0 596.0 351.0 298.0 376.0 373.0 125.0 334.0 341.0 582.0 592.0 209.0 315.0 281.0 571.0 311.0 617.0 820.0 236.0 137.0 384.0 314.0 720.0 101.0 536.0 278.0 235.0 903.0 501.0 814.0 339.0 
614.0 284.0 253.0 513.0 183.0 153.0 596.0 341.0 244.0 412.0 375.0 514.0 247.0 357.0 254.0 500.0 333.0 307.0 527.0 649.0 300.0 619.0 351.0 475.0 128.0 425.0 398.0 0.0 727.0 327.0 378.0 433.0 403.0 639.0 301.0 532.0 692.0 404.0 450.0 383.0 316.0 488.0 611.0 569.0 105.0 587.0 290.0 400.0 246.0 399.0 396.0 630.0 427.0 496.0 323.0 218.0 459.0 530.0 605.0 511.0 296.0 198.0 438.0 293.0 655.0 486.0 186.0 607.0 503.0 348.0 568.0 429.0 802.0 324.0 630.0 459.0 585.0 557.0 328.0 365.0 447.0 457.0 645.0 288.0 295.0 609.0 466.0 204.0 510.0 186.0 429.0 165.0 513.0 271.0 560.0 499.0 372.0 546.0 154.0 315.0 560.0 503.0 71.0 406.0 364.0 128.0 668.0 621.0 562.0 197.0 656.0 234.0 419.0 600.0 469.0 630.0 468.0 462.0 702.0 270.0 364.0 98.0 327.0 408.0 356.0 484.0 317.0 73.0 201.0 516.0 457.0 7.0 447.0 256.0 582.0 509.0 168.0 412.0 496.0 402.0 544.0 577.0 352.0 309.0 482.0 522.0 554.0 552.0 524.0 196.0 500.0 93.0 291.0 445.0 678.0 331.0 335.0 562.0 579.0 376.0 729.0 519.0 305.0 207.0 238.0 209.0 145.0 465.0 665.0 332.0 402.0 662.0 626.0 723.0 606.0 423.0 556.0 566.0 658.0 323.0 607.0 402.0 536.0 480.0 296.0 307.0 423.0 589.0 501.0 140.0 233.0 375.0 438.0 572.0 604.0 184.0 509.0 124.0 420.0 100.0 
287.0 1006.0 971.0 215.0 905.0 577.0 175.0 727.0 970.0 639.0 586.0 621.0 660.0 1084.0 476.0 847.0 877.0 623.0 558.0 128.0 685.0 283.0 420.0 264.0 741.0 1091.0 349.0 727.0 0.0 781.0 356.0 347.0 399.0 677.0 808.0 244.0 66.0 1130.0 320.0 729.0 959.0 286.0 600.0 169.0 641.0 389.0 993.0 636.0 520.0 1004.0 1086.0 241.0 914.0 436.0 858.0 714.0 383.0 222.0 847.0 779.0 442.0 757.0 1114.0 993.0 649.0 937.0 786.0 135.0 817.0 1032.0 472.0 1155.0 129.0 821.0 98.0 640.0 722.0 413.0 1001.0 398.0 284.0 700.0 295.0 1003.0 1020.0 746.0 930.0 924.0 1216.0 792.0 489.0 567.0 338.0 959.0 169.0 1218.0 463.0 623.0 844.0 913.0 658.0 416.0 718.0 1114.0 631.0 643.0 270.0 309.0 540.0 915.0 518.0 690.0 411.0 207.0 521.0 853.0 263.0 277.0 755.0 791.0 409.0 782.0 990.0 341.0 460.0 949.0 779.0 777.0 558.0 841.0 1182.0 730.0 1167.0 745.0 244.0 666.0 606.0 468.0 588.0 719.0 459.0 488.0 505.0 717.0 879.0 839.0 913.0 653.0 254.0 543.0 1210.0 721.0 438.0 599.0 822.0 686.0 942.0 639.0 329.0 657.0 13.0 563.0 945.0 532.0 830.0 850.0 703.0 819.0 636.0 1035.0 794.0 180.0 153.0 102.0 307.0 309.0 551.0 314.0 578.0 835.0 188.0 621.0 495.0 708.0 648.0 879.0 1144.0 351.0 337.0 673.0 660.0 991.0 290.0 813.0 167.0 581.0 1212.0 840.0 1147.0 649.0 
786.0 397.0 480.0 593.0 418.0 372.0 611.0 660.0 394.0 710.0 659.0 283.0 136.0 499.0 423.0 174.0 108.0 604.0 331.0 665.0 97.0 789.0 549.0 525.0 201.0 353.0 553.0 327.0 781.0 0.0 453.0 608.0 605.0 383.0 50.0 673.0 725.0 532.0 612.0 92.0 233.0 640.0 389.0 614.0 281.0 798.0 537.0 698.0 296.0 239.0 379.0 592.0 751.0 726.0 647.0 540.0 664.0 652.0 286.0 828.0 474.0 525.0 384.0 542.0 412.0 811.0 154.0 699.0 181.0 330.0 417.0 538.0 890.0 47.0 692.0 222.0 304.0 442.0 293.0 550.0 559.0 765.0 819.0 512.0 472.0 321.0 167.0 341.0 512.0 159.0 312.0 385.0 701.0 291.0 623.0 550.0 318.0 311.0 253.0 628.0 852.0 726.0 257.0 431.0 164.0 422.0 832.0 802.0 824.0 331.0 475.0 551.0 373.0 592.0 311.0 312.0 576.0 513.0 422.0 597.0 559.0 253.0 275.0 562.0 321.0 809.0 643.0 280.0 450.0 192.0 550.0 322.0 508.0 580.0 734.0 807.0 447.0 322.0 287.0 717.0 782.0 822.0 604.0 64.0 158.0 845.0 880.0 843.0 529.0 321.0 518.0 235.0 413.0 239.0 374.0 643.0 191.0 320.0 507.0 147.0 777.0 322.0 603.0 425.0 560.0 522.0 188.0 789.0 428.0 364.0 78.0 647.0 638.0 734.0 539.0 496.0 822.0 507.0 448.0 62.0 734.0 696.0 786.0 200.0 601.0 127.0 497.0 786.0 687.0 209.0 543.0 235.0 529.0 890.0 619.0 447.0 503.0 402.0 538.0 277.0 
