125 0.0 5
1 720 487
2 135 128
3 952 617
4 506 164
5 525 593
6 59 401
7 348 914
8 838 204
9 606 98
10 627 940
11 738 190
12 813 51
13 558 410
14 267 344
15 234 498
16 234 388
17 426 110
18 368 553
19 171 553
20 385 595
21 659 95
22 912 693
23 325 103
24 428 320
25 839 447
26 554 587
27 886 896
28 456 839
29 317 777
30 657 531
31 354 117
32 521 31
33 540 531
34 714 8
35 430 526
36 285 511
37 796 699
38 956 990
39 77 34
40 42 502
41 396 548
42 968 993
43 858 434
44 43 636
45 216 972
46 606 237
47 756 629
48 511 765
49 559 68
50 249 892
51 794 658
52 412 305
53 804 677
54 793 899
55 644 268
56 132 309
57 733 261
58 692 137
59 650 100
60 607 289
61 786 37
62 504 791
63 957 148
64 568 139
65 877 218
66 772 901
67 771 665
68 42 361
69 752 534
70 682 450
71 411 635
72 258 784
73 77 678
74 101 635
75 693 307
76 569 472
77 988 33
78 793 704
79 325 577
80 134 527
81 745 636
82 80 123
83 9 336
84 569 617
85 142 151
86 338 756
87 141 580
88 110 250
89 857 467
90 237 398
91 772 636
92 907 276
93 847 671
94 815 395
95 233 493
96 218 941
97 291 413
98 527 266
99 520 24
100 610 656
101 772 125
102 836 427
103 564 830
104 875 842
105 736 826
106 696 717
107 257 92
108 312 879
109 221 933
110 901 722
111 720 238
112 221 639
113 25 524
114 873 664
115 935 113
116 488 773
117 561 37
118 332 481
119 286 414
120 431 182
121 338 576
122 29 351
123 700 827
124 4 205
125 524 998
opening costs
485 241 761 126 26 166 648 66 654 526 172 463 766 295 592 660 704 23 267 330 222 591 358 89 196 280 525 430 167 261 948 644 812 831 380 650 387 504 319 94 148 627 952 175 650 861 910 310 330 332 578 759 123 392 245 883 698 297 254 448 543 585 245 392 638 681 603 527 455 641 106 696 765 214 791 435 640 218 215 222 39 801 257 563 107 230 802 269 277 714 690 647 96 210 570 79 268 838 587 377 720 920 521 446 285 216 950 922 8 170 219 693 262 175 164 302 215 309 557 532 48 726 578 49 501 
star costs
0.0 687.0 266.0 388.0 222.0 667.0 567.0 307.0 406.0 463.0 298.0 446.0 180.0 476.0 487.0 496.0 479.0 359.0 553.0 352.0 397.0 282.0 551.0 337.0 126.0 194.0 442.0 440.0 497.0 77.0 521.0 498.0 186.0 480.0 293.0 436.0 226.0 556.0 787.0 679.0 330.0 564.0 148.0 694.0 700.0 275.0 147.0 348.0 449.0 622.0 187.0 358.0 208.0 419.0 232.0 615.0 227.0 352.0 394.0 228.0 455.0 373.0 414.0 380.0 312.0 418.0 186.0 690.0 57.0 54.0 343.0 550.0 671.0 637.0 183.0 152.0 528.0 229.0 406.0 588.0 152.0 737.0 727.0 200.0 669.0 468.0 587.0 655.0 139.0 492.0 158.0 282.0 224.0 133.0 488.0 677.0 436.0 294.0 505.0 202.0 366.0 131.0 377.0 388.0 340.0 232.0 609.0 566.0 670.0 297.0 249.0 522.0 696.0 234.0 432.0 369.0 478.0 389.0 441.0 421.0 393.0 705.0 341.0 770.0 548.0 
687.0 0.0 953.0 373.0 607.0 284.0 815.0 708.0 472.0 950.0 607.0 683.0 509.0 254.0 384.0 279.0 292.0 485.0 427.0 530.0 526.0 961.0 192.0 351.0 773.0 622.0 1075.0 781.0 675.0 660.0 220.0 399.0 572.0 592.0 496.0 412.0 874.0 1191.0 111.0 386.0 495.0 1201.0 786.0 517.0 848.0 484.0 798.0 740.0 429.0 773.0 846.0 329.0 866.0 1014.0 528.0 182.0 613.0 558.0 516.0 499.0 658.0 759.0 823.0 434.0 748.0 1002.0 833.0 251.0 739.0 635.0 578.0 668.0 554.0 509.0 587.0 554.0 859.0 875.0 488.0 400.0 794.0 56.0 244.0 654.0 25.0 660.0 453.0 125.0 798.0 289.0 815.0 787.0 896.0 731.0 378.0 818.0 325.0 416.0 399.0 711.0 638.0 763.0 823.0 1029.0 922.0 814.0 128.0 772.0 810.0 970.0 596.0 519.0 411.0 913.0 801.0 736.0 436.0 405.0 324.0 301.0 492.0 247.0 899.0 152.0 954.0 
266.0 953.0 0.0 636.0 428.0 919.0 674.0 429.0 624.0 459.0 478.0 583.0 446.0 738.0 728.0 754.0 731.0 588.0 784.0 568.0 599.0 86.0 811.0 603.0 205.0 400.0 287.0 544.0 655.0 308.0 780.0 728.0 421.0 654.0 530.0 676.0 177.0 374.0 1052.0 918.0 561.0 377.0 206.0 910.0 818.0 514.0 197.0 466.0 676.0 755.0 164.0 624.0 160.0 324.0 466.0 876.0 418.0 546.0 599.0 477.0 604.0 481.0 470.0 614.0 406.0 337.0 188.0 946.0 217.0 318.0 542.0 714.0 878.0 852.0 404.0 410.0 586.0 182.0 629.0 823.0 208.0 1003.0 984.0 383.0 935.0 630.0 812.0 919.0 178.0 748.0 181.0 344.0 119.0 261.0 730.0 803.0 692.0 552.0 734.0 345.0 524.0 223.0 443.0 238.0 301.0 275.0 872.0 692.0 797.0 117.0 445.0 732.0 932.0 92.0 505.0 490.0 700.0 635.0 697.0 679.0 616.0 961.0 329.0 1034.0 574.0 
388.0 373.0 636.0 0.0 430.0 506.0 767.0 335.0 120.0 786.0 234.0 328.0 252.0 300.0 431.0 353.0 97.0 413.0 514.0 448.0 168.0 667.0 192.0 175.0 438.0 426.0 825.0 677.0 642.0 397.0 160.0 134.0 369.0 260.0 370.0 412.0 609.0 941.0 449.0 575.0 400.0 950.0 444.0 662.0 859.0 124.0 528.0 602.0 110.0 773.0 572.0 170.0 594.0 790.0 173.0 402.0 247.0 188.0 158.0 161.0 308.0 628.0 452.0 67.0 375.0 784.0 567.0 505.0 445.0 336.0 481.0 668.0 670.0 622.0 236.0 315.0 500.0 612.0 451.0 520.0 530.0 428.0 526.0 458.0 365.0 616.0 554.0 406.0 464.0 357.0 542.0 417.0 612.0 386.0 428.0 829.0 329.0 105.0 141.0 503.0 269.0 422.0 669.0 772.0 701.0 585.0 260.0 741.0 821.0 684.0 227.0 554.0 601.0 621.0 433.0 610.0 139.0 362.0 334.0 78.0 445.0 513.0 691.0 504.0 835.0 
222.0 607.0 428.0 430.0 0.0 505.0 367.0 500.0 502.0 362.0 456.0 614.0 186.0 359.0 307.0 356.0 494.0 163.0 357.0 141.0 516.0 400.0 530.0 290.0 347.0 30.0 472.0 256.0 278.0 146.0 506.0 563.0 64.0 615.0 117.0 254.0 291.0 586.0 717.0 492.0 137.0 597.0 370.0 484.0 490.0 366.0 234.0 173.0 527.0 407.0 277.0 310.0 292.0 407.0 347.0 485.0 392.0 486.0 509.0 315.0 615.0 200.0 621.0 457.0 515.0 395.0 257.0 536.0 235.0 213.0 122.0 329.0 456.0 427.0 332.0 129.0 727.0 291.0 201.0 397.0 225.0 648.0 577.0 51.0 585.0 249.0 385.0 539.0 356.0 348.0 251.0 497.0 332.0 352.0 309.0 465.0 296.0 328.0 570.0 106.0 530.0 353.0 241.0 430.0 315.0 212.0 569.0 357.0 457.0 398.0 406.0 308.0 505.0 356.0 632.0 184.0 558.0 224.0 299.0 422.0 188.0 552.0 293.0 650.0 406.0 
667.0 284.0 919.0 506.0 505.0 0.0 589.0 804.0 626.0 784.0 712.0 832.0 500.0 216.0 201.0 176.0 469.0 345.0 189.0 380.0 674.0 902.0 400.0 378.0 782.0 529.0 964.0 592.0 457.0 612.0 410.0 592.0 499.0 764.0 392.0 252.0 795.0 1074.0 368.0 103.0 368.0 1085.0 800.0 236.0 593.0 572.0 734.0 581.0 601.0 527.0 779.0 366.0 795.0 887.0 600.0 118.0 689.0 686.0 664.0 560.0 814.0 592.0 933.0 573.0 839.0 871.0 760.0 44.0 706.0 625.0 423.0 432.0 278.0 238.0 641.0 515.0 1000.0 795.0 319.0 147.0 726.0 279.0 83.0 554.0 264.0 452.0 197.0 160.0 801.0 179.0 751.0 858.0 833.0 757.0 197.0 563.0 233.0 488.0 596.0 608.0 765.0 778.0 663.0 928.0 800.0 712.0 367.0 541.0 557.0 902.0 681.0 288.0 128.0 856.0 923.0 568.0 621.0 285.0 228.0 432.0 330.0 59.0 770.0 204.0 757.0 
567.0 815.0 674.0 767.0 367.0 589.0 0.0 863.0 856.0 281.0 823.0 981.0 546.0 576.0 432.0 539.0 808.0 362.0 403.0 322.0 877.0 606.0 812.0 600.0 678.0 387.0 539.0 132.0 141.0 493.0 798.0 900.0 429.0 978.0 397.0 408.0 497.0 613.0 921.0 514.0 370.0 626.0 701.0 413.0 145.0 725.0 498.0 221.0 872.0 102.0 515.0 613.0 514.0 446.0 711.0 643.0 759.0 850.0 869.0 677.0 981.0 199.0 979.0 806.0 875.0 425.0 491.0 633.0 555.0 572.0 287.0 159.0 360.0 373.0 699.0 495.0 1089.0 493.0 338.0 443.0 485.0 836.0 671.0 371.0 791.0 159.0 393.0 706.0 678.0 528.0 508.0 849.0 556.0 699.0 437.0 133.0 505.0 673.0 907.0 368.0 896.0 690.0 232.0 532.0 398.0 400.0 828.0 51.0 129.0 586.0 772.0 303.0 507.0 582.0 994.0 199.0 903.0 434.0 504.0 737.0 339.0 648.0 363.0 789.0 196.0 
307.0 708.0 429.0 335.0 500.0 804.0 863.0 0.0 256.0 766.0 101.0 156.0 348.0 588.0 672.0 632.0 423.0 586.0 753.0 599.0 210.0 495.0 523.0 427.0 244.0 477.0 694.0 742.0 775.0 374.0 492.0 362.0 443.0 232.0 520.0 633.0 497.0 795.0 780.0 850.0 561.0 800.0 231.0 905.0 989.0 235.0 433.0 650.0 311.0 906.0 457.0 438.0 475.0 697.0 205.0 714.0 120.0 161.0 215.0 247.0 175.0 676.0 132.0 278.0 42.0 701.0 466.0 812.0 342.0 292.0 607.0 821.0 897.0 854.0 178.0 380.0 228.0 503.0 635.0 775.0 442.0 763.0 840.0 493.0 699.0 745.0 792.0 730.0 264.0 632.0 438.0 100.0 468.0 193.0 671.0 964.0 586.0 318.0 366.0 507.0 103.0 224.0 684.0 640.0 631.0 533.0 592.0 856.0 956.0 522.0 123.0 755.0 874.0 462.0 134.0 669.0 324.0 577.0 591.0 408.0 624.0 823.0 639.0 835.0 854.0 
406.0 472.0 624.0 120.0 502.0 626.0 856.0 256.0 0.0 843.0 161.0 213.0 316.0 419.0 547.0 472.0 181.0 514.0 630.0 544.0 54.0 670.0 282.0 285.0 420.0 492.0 846.0 757.0 738.0 436.0 253.0 109.0 439.0 141.0 463.0 524.0 631.0 959.0 533.0 694.0 497.0 966.0 420.0 779.0 958.0 139.0 552.0 674.0 56.0 871.0 591.0 284.0 612.0 823.0 175.0 519.0 207.0 95.0 45.0 192.0 191.0 701.0 355.0 56.0 297.0 820.0 591.0 623.0 460.0 361.0 572.0 770.0 786.0 738.0 227.0 376.0 388.0 635.0 556.0 638.0 556.0 527.0 643.0 521.0 468.0 711.0 670.0 519.0 447.0 476.0 564.0 350.0 622.0 364.0 544.0 929.0 446.0 186.0 114.0 559.0 169.0 402.0 734.0 792.0 740.0 626.0 350.0 835.0 920.0 691.0 181.0 665.0 721.0 626.0 330.0 686.0 76.0 471.0 450.0 195.0 549.0 631.0 736.0 612.0 904.0 
463.0 950.0 459.0 786.0 362.0 784.0 281.0 766.0 843.0 0.0 759.0 909.0 535.0 697.0 592.0 678.0 854.0 466.0 599.0 422.0 846.0 378.0 890.0 652.0 537.0 361.0 263.0 199.0 351.0 411.0 868.0 916.0 419.0 937.0 459.0 549.0 295.0 333.0 1060.0 731.0 455.0 346.0 557.0 659.0 413.0 704.0 337.0 210.0 875.0 382.0 328.0 671.0 318.0 171.0 673.0 802.0 688.0 806.0 841.0 652.0 917.0 194.0 858.0 804.0 765.0 151.0 311.0 824.0 425.0 494.0 374.0 401.0 610.0 609.0 637.0 472.0 977.0 289.0 473.0 644.0 327.0 984.0 865.0 329.0 927.0 343.0 605.0 863.0 526.0 668.0 337.0 721.0 348.0 577.0 596.0 410.0 625.0 682.0 923.0 285.0 828.0 554.0 127.0 267.0 158.0 234.0 926.0 321.0 407.0 351.0 709.0 506.0 732.0 370.0 883.0 218.0 906.0 546.0 627.0 783.0 465.0 840.0 135.0 964.0 119.0 
298.0 607.0 478.0 234.0 456.0 712.0 823.0 101.0 161.0 759.0 0.0 158.0 285.0 496.0 591.0 542.0 323.0 519.0 674.0 538.0 124.0 533.0 423.0 337.0 277.0 438.0 722.0 708.0 723.0 351.0 391.0 270.0 395.0 184.0 456.0 556.0 513.0 830.0 680.0 763.0 496.0 836.0 272.0 826.0 941.0 141.0 440.0 619.0 217.0 856.0 472.0 346.0 492.0 712.0 123.0 618.0 72.0 71.0 126.0 165.0 161.0 645.0 223.0 178.0 142.0 712.0 477.0 717.0 345.0 266.0 553.0 764.0 822.0 778.0 126.0 329.0 296.0 517.0 566.0 692.0 447.0 662.0 744.0 460.0 598.0 694.0 714.0 631.0 302.0 543.0 448.0 190.0 494.0 219.0 589.0 914.0 500.0 225.0 275.0 484.0 74.0 257.0 664.0 667.0 637.0 529.0 491.0 811.0 906.0 557.0 52.0 685.0 788.0 493.0 212.0 635.0 234.0 500.0 505.0 308.0 556.0 728.0 639.0 735.0 836.0 
446.0 683.0 583.0 328.0 614.0 832.0 981.0 156.0 213.0 909.0 158.0 0.0 441.0 620.0 732.0 670.0 392.0 671.0 815.0 693.0 161.0 650.0 491.0 470.0 397.0 596.0 849.0 866.0 880.0 505.0 464.0 293.0 553.0 108.0 611.0 701.0 649.0 950.0 737.0 894.0 649.0 955.0 386.0 968.0 1098.0 279.0 581.0 776.0 255.0 1013.0 608.0 475.0 627.0 849.0 276.0 729.0 225.0 149.0 171.0 315.0 31.0 802.0 174.0 261.0 179.0 851.0 616.0 831.0 487.0 420.0 709.0 920.0 967.0 921.0 283.0 487.0 176.0 654.0 718.0 830.0 589.0 737.0 854.0 617.0 679.0 851.0 856.0 731.0 419.0 673.0 587.0 244.0 621.0 345.0 730.0 1071.0 636.0 358.0 295.0 639.0 85.0 377.0 818.0 794.0 779.0 677.0 558.0 968.0 1063.0 677.0 209.0 835.0 920.0 616.0 137.0 792.0 253.0 646.0 640.0 404.0 708.0 840.0 785.0 824.0 991.0 
180.0 509.0 446.0 252.0 186.0 500.0 546.0 348.0 316.0 535.0 285.0 441.0 0.0 299.0 336.0 325.0 328.0 238.0 413.0 254.0 331.0 454.0 386.0 159.0 284.0 178.0 587.0 441.0 440.0 157.0 358.0 381.0 123.0 432.0 173.0 292.0 375.0 704.0 611.0 525.0 213.0 713.0 301.0 563.0 658.0 180.0 296.0 359.0 343.0 573.0 343.0 180.0 364.0 543.0 167.0 438.0 230.0 305.0 324.0 131.0 438.0 385.0 478.0 272.0 373.0 536.0 333.0 519.0 231.0 131.0 269.0 480.0 551.0 510.0 170.0 63.0 572.0 377.0 287.0 440.0 294.0 558.0 554.0 208.0 491.0 411.0 451.0 476.0 305.0 322.0 312.0 374.0 390.0 258.0 336.0 631.0 268.0 148.0 388.0 252.0 357.0 279.0 421.0 536.0 453.0 337.0 438.0 530.0 623.0 464.0 237.0 408.0 546.0 405.0 480.0 370.0 374.0 237.0 273.0 261.0 276.0 533.0 441.0 591.0 589.0 
476.0 254.0 738.0 300.0 359.0 216.0 576.0 588.0 419.0 697.0 496.0 620.0 299.0 0.0 158.0 55.0 283.0 233.0 230.0 278.0 465.0 734.0 248.0 163.0 582.0 377.0 830.0 530.0 436.0 433.0 244.0 404.0 331.0 560.0 245.0 168.0 638.0 945.0 364.0 275.0 242.0 956.0 598.0 369.0 631.0 356.0 566.0 487.0 402.0 549.0 614.0 151.0 632.0 765.0 385.0 140.0 474.0 473.0 455.0 345.0 604.0 506.0 718.0 365.0 623.0 752.0 598.0 226.0 521.0 429.0 325.0 441.0 385.0 336.0 428.0 329.0 786.0 638.0 241.0 227.0 561.0 290.0 259.0 408.0 230.0 419.0 268.0 183.0 603.0 62.0 584.0 644.0 666.0 551.0 153.0 600.0 74.0 272.0 408.0 464.0 551.0 576.0 570.0 786.0 673.0 569.0 253.0 537.0 591.0 739.0 466.0 299.0 302.0 686.0 707.0 483.0 426.0 152.0 73.0 231.0 243.0 239.0 649.0 298.0 703.0 
487.0 384.0 728.0 431.0 307.0 201.0 432.0 672.0 547.0 592.0 591.0 732.0 336.0 158.0 0.0 110.0 433.0 145.0 84.0 180.0 586.0 706.0 406.0 264.0 608.0 333.0 764.0 407.0 292.0 425.0 400.0 549.0 308.0 686.0 198.0 53.0 597.0 874.0 490.0 193.0 170.0 886.0 628.0 236.0 475.0 455.0 539.0 385.0 540.0 395.0 583.0 263.0 598.0 688.0 471.0 215.0 553.0 584.0 576.0 428.0 720.0 399.0 804.0 491.0 702.0 673.0 563.0 236.0 520.0 451.0 224.0 288.0 239.0 191.0 498.0 337.0 886.0 596.0 121.0 105.0 530.0 406.0 278.0 356.0 359.0 279.0 124.0 278.0 624.0 101.0 556.0 709.0 637.0 591.0 6.0 444.0 103.0 374.0 554.0 408.0 655.0 607.0 469.0 728.0 600.0 512.0 407.0 389.0 436.0 704.0 552.0 142.0 211.0 661.0 800.0 375.0 566.0 100.0 99.0 373.0 130.0 253.0 571.0 373.0 579.0 
496.0 279.0 754.0 353.0 356.0 176.0 539.0 632.0 472.0 678.0 542.0 670.0 325.0 55.0 110.0 0.0 338.0 213.0 177.0 257.0 517.0 744.0 300.0 206.0 608.0 377.0 827.0 503.0 398.0 447.0 297.0 459.0 338.0 613.0 240.0 134.0 643.0 941.0 388.0 224.0 228.0 952.0 626.0 314.0 585.0 402.0 575.0 468.0 457.0 505.0 622.0 197.0 640.0 758.0 428.0 130.0 515.0 523.0 506.0 386.0 655.0 486.0 762.0 417.0 666.0 744.0 605.0 194.0 539.0 453.0 304.0 397.0 330.0 281.0 467.0 346.0 834.0 643.0 210.0 172.0 569.0 307.0 231.0 406.0 255.0 383.0 214.0 186.0 628.0 11.0 593.0 683.0 676.0 582.0 106.0 554.0 63.0 318.0 463.0 462.0 599.0 604.0 552.0 786.0 667.0 568.0 297.0 498.0 546.0 746.0 509.0 252.0 250.0 697.0 754.0 462.0 480.0 136.0 59.0 286.0 215.0 209.0 641.0 294.0 676.0 
479.0 292.0 731.0 97.0 494.0 469.0 808.0 423.0 181.0 854.0 323.0 392.0 328.0 283.0 433.0 338.0 0.0 447.0 512.0 487.0 234.0 760.0 102.0 211.0 534.0 494.0 911.0 730.0 676.0 481.0 73.0 124.0 437.0 306.0 417.0 426.0 696.0 1028.0 358.0 549.0 440.0 1037.0 540.0 651.0 888.0 221.0 616.0 661.0 140.0 802.0 661.0 196.0 682.0 871.0 270.0 356.0 343.0 268.0 225.0 255.0 368.0 686.0 533.0 145.0 464.0 864.0 654.0 459.0 535.0 426.0 526.0 695.0 667.0 618.0 332.0 390.0 568.0 699.0 478.0 510.0 616.0 347.0 475.0 527.0 287.0 652.0 550.0 346.0 560.0 345.0 630.0 509.0 702.0 483.0 429.0 857.0 332.0 186.0 128.0 577.0 347.0 519.0 734.0 859.0 781.0 665.0 170.0 778.0 849.0 775.0 321.0 568.0 577.0 712.0 510.0 666.0 154.0 383.0 335.0 73.0 475.0 465.0 768.0 433.0 894.0 
359.0 485.0 588.0 413.0 163.0 345.0 362.0 586.0 514.0 466.0 519.0 671.0 238.0 233.0 145.0 213.0 447.0 0.0 197.0 46.0 543.0 562.0 453.0 241.0 483.0 190.0 622.0 300.0 230.0 290.0 437.0 544.0 174.0 646.0 68.0 94.0 453.0 733.0 596.0 330.0 29.0 745.0 505.0 336.0 446.0 396.0 396.0 256.0 522.0 360.0 439.0 252.0 454.0 549.0 397.0 340.0 468.0 528.0 534.0 357.0 665.0 275.0 715.0 460.0 610.0 534.0 419.0 379.0 385.0 331.0 93.0 256.0 317.0 280.0 408.0 217.0 810.0 452.0 50.0 236.0 387.0 518.0 420.0 211.0 462.0 206.0 229.0 398.0 497.0 203.0 413.0 607.0 494.0 475.0 148.0 416.0 160.0 329.0 551.0 264.0 589.0 485.0 340.0 584.0 459.0 367.0 475.0 331.0 408.0 560.0 473.0 171.0 345.0 518.0 718.0 251.0 551.0 81.0 162.0 377.0 38.0 395.0 431.0 504.0 472.0 
553.0 427.0 784.0 514.0 357.0 189.0 403.0 753.0 630.0 599.0 674.0 815.0 413.0 230.0 84.0 177.0 512.0 197.0 0.0 219.0 670.0 755.0 476.0 347.0 677.0 385.0 794.0 404.0 268.0 487.0 473.0 629.0 370.0 770.0 261.0 122.0 642.0 899.0 528.0 139.0 226.0 911.0 698.0 153.0 422.0 538.0 590.0 401.0 622.0 348.0 632.0 346.0 646.0 712.0 553.0 248.0 634.0 667.0 660.0 510.0 803.0 410.0 885.0 574.0 782.0 695.0 611.0 232.0 582.0 522.0 254.0 247.0 157.0 108.0 578.0 407.0 969.0 641.0 156.0 46.0 580.0 440.0 271.0 404.0 404.0 263.0 41.0 310.0 692.0 169.0 607.0 787.0 687.0 664.0 87.0 391.0 185.0 458.0 634.0 451.0 738.0 677.0 481.0 762.0 628.0 551.0 469.0 356.0 384.0 750.0 633.0 100.0 149.0 711.0 882.0 386.0 647.0 177.0 181.0 454.0 169.0 247.0 596.0 386.0 569.0 
352.0 530.0 568.0 448.0 141.0 380.0 322.0 599.0 544.0 422.0 538.0 693.0 254.0 278.0 180.0 257.0 487.0 46.0 219.0 0.0 571.0 537.0 496.0 279.0 478.0 170.0 585.0 255.0 195.0 280.0 480.0 581.0 168.0 673.0 83.0 131.0 424.0 695.0 640.0 356.0 49.0 706.0 500.0 345.0 414.0 421.0 373.0 212.0 555.0 327.0 414.0 292.0 427.0 509.0 418.0 382.0 483.0 552.0 562.0 379.0 688.0 230.0 726.0 492.0 620.0 494.0 393.0 416.0 373.0 331.0 48.0 228.0 319.0 287.0 422.0 222.0 825.0 423.0 63.0 261.0 363.0 562.0 457.0 186.0 507.0 168.0 245.0 442.0 490.0 247.0 390.0 612.0 469.0 475.0 184.0 385.0 205.0 359.0 587.0 234.0 609.0 482.0 296.0 549.0 421.0 335.0 520.0 294.0 376.0 532.0 490.0 170.0 367.0 493.0 732.0 206.0 586.0 126.0 207.0 416.0 51.0 432.0 392.0 546.0 427.0 
397.0 526.0 599.0 168.0 516.0 674.0 877.0 210.0 54.0 846.0 124.0 161.0 331.0 465.0 586.0 517.0 234.0 543.0 670.0 571.0 0.0 650.0 335.0 323.0 396.0 504.0 833.0 772.0 763.0 437.0 306.0 153.0 452.0 103.0 489.0 560.0 620.0 943.0 586.0 740.0 524.0 950.0 394.0 820.0 983.0 152.0 543.0 687.0 104.0 897.0 579.0 325.0 600.0 816.0 174.0 569.0 182.0 54.0 11.0 201.0 140.0 714.0 303.0 102.0 251.0 814.0 581.0 672.0 449.0 356.0 595.0 798.0 824.0 777.0 215.0 388.0 335.0 624.0 587.0 680.0 548.0 580.0 694.0 530.0 521.0 735.0 710.0 571.0 422.0 520.0 553.0 308.0 606.0 339.0 583.0 955.0 487.0 217.0 157.0 564.0 117.0 377.0 742.0 778.0 736.0 624.0 403.0 858.0 946.0 673.0 156.0 699.0 766.0 608.0 277.0 700.0 114.0 506.0 491.0 245.0 579.0 681.0 734.0 665.0 914.0 
282.0 961.0 86.0 667.0 400.0 902.0 606.0 495.0 670.0 378.0 533.0 650.0 454.0 734.0 706.0 744.0 760.0 562.0 755.0 537.0 650.0 0.0 833.0 612.0 257.0 374.0 205.0 479.0 601.0 303.0 802.0 769.0 406.0 714.0 511.0 653.0 117.0 301.0 1064.0 891.0 536.0 306.0 265.0 871.0 750.0 550.0 169.0 408.0 718.0 693.0 124.0 633.0 110.0 238.0 503.0 870.0 468.0 598.0 649.0 507.0 668.0 420.0 547.0 653.0 477.0 251.0 144.0 932.0 226.0 335.0 505.0 661.0 836.0 814.0 444.0 409.0 665.0 120.0 599.0 796.0 177.0 1009.0 972.0 352.0 942.0 578.0 780.0 917.0 233.0 737.0 152.0 418.0 69.0 314.0 708.0 737.0 682.0 575.0 776.0 305.0 585.0 277.0 374.0 154.0 221.0 218.0 889.0 629.0 732.0 32.0 494.0 694.0 903.0 49.0 581.0 432.0 745.0 618.0 686.0 702.0 586.0 947.0 251.0 1031.0 494.0 
551.0 192.0 811.0 192.0 530.0 400.0 812.0 523.0 282.0 890.0 423.0 491.0 386.0 248.0 406.0 300.0 102.0 453.0 476.0 496.0 335.0 833.0 0.0 241.0 619.0 536.0 972.0 748.0 675.0 542.0 33.0 209.0 479.0 401.0 436.0 410.0 760.0 1089.0 258.0 490.0 451.0 1098.0 628.0 604.0 876.0 312.0 681.0 688.0 237.0 793.0 727.0 220.0 748.0 924.0 360.0 283.0 438.0 369.0 326.0 338.0 466.0 711.0 634.0 246.0 564.0 915.0 718.0 383.0 607.0 498.0 539.0 685.0 627.0 578.0 421.0 443.0 667.0 762.0 474.0 466.0 679.0 246.0 393.0 569.0 190.0 654.0 512.0 261.0 645.0 308.0 696.0 608.0 772.0 571.0 401.0 845.0 312.0 260.0 211.0 623.0 448.0 606.0 766.0 922.0 832.0 718.0 69.0 777.0 837.0 846.0 418.0 546.0 517.0 785.0 611.0 690.0 246.0 379.0 314.0 133.0 474.0 387.0 816.0 337.0 917.0 
337.0 351.0 603.0 175.0 290.0 378.0 600.0 427.0 285.0 652.0 337.0 470.0 159.0 163.0 264.0 206.0 211.0 241.0 347.0 279.0 323.0 612.0 241.0 0.0 431.0 296.0 736.0 520.0 471.0 312.0 217.0 304.0 239.0 424.0 207.0 239.0 529.0 854.0 453.0 427.0 231.0 863.0 445.0 499.0 686.0 197.0 451.0 453.0 285.0 600.0 499.0 22.0 519.0 685.0 223.0 297.0 311.0 322.0 313.0 182.0 457.0 478.0 557.0 229.0 461.0 676.0 487.0 389.0 389.0 286.0 316.0 495.0 502.0 455.0 266.0 208.0 630.0 530.0 277.0 360.0 448.0 400.0 420.0 329.0 333.0 446.0 388.0 326.0 454.0 207.0 468.0 482.0 547.0 395.0 261.0 656.0 166.0 113.0 310.0 383.0 396.0 422.0 528.0 688.0 593.0 479.0 285.0 571.0 648.0 621.0 304.0 381.0 452.0 563.0 548.0 457.0 313.0 188.0 171.0 139.0 272.0 401.0 576.0 440.0 685.0 
126.0 773.0 205.0 438.0 347.0 782.0 678.0 244.0 420.0 537.0 277.0 397.0 284.0 582.0 608.0 608.0 534.0 483.0 677.0 478.0 396.0 257.0 619.0 431.0 0.0 318.0 452.0 549.0 618.0 201.0 587.0 524.0 311.0 457.0 417.0 558.0 256.0 556.0 867.0 799.0 455.0 562.0 24.0 819.0 815.0 314.0 201.0 457.0 472.0 740.0 216.0 450.0 233.0 455.0 265.0 721.0 215.0 344.0 396.0 281.0 414.0 481.0 322.0 411.0 233.0 459.0 229.0 802.0 124.0 158.0 468.0 672.0 797.0 762.0 203.0 272.0 440.0 262.0 531.0 710.0 212.0 826.0 838.0 320.0 758.0 589.0 711.0 756.0 27.0 604.0 201.0 185.0 225.0 58.0 608.0 794.0 550.0 361.0 530.0 311.0 329.0 21.0 472.0 397.0 393.0 306.0 682.0 682.0 787.0 282.0 241.0 648.0 818.0 220.0 348.0 480.0 496.0 509.0 554.0 487.0 518.0 816.0 405.0 870.0 635.0 
194.0 622.0 400.0 426.0 30.0 529.0 387.0 477.0 492.0 361.0 438.0 596.0 178.0 377.0 333.0 377.0 494.0 190.0 385.0 170.0 504.0 374.0 536.0 296.0 318.0 0.0 454.0 271.0 304.0 118.0 511.0 557.0 58.0 601.0 139.0 280.0 267.0 570.0 731.0 520.0 163.0 580.0 341.0 514.0 513.0 354.0 207.0 184.0 520.0 432.0 251.0 316.0 266.0 394.0 332.0 506.0 372.0 471.0 497.0 303.0 597.0 211.0 596.0 449.0 491.0 383.0 231.0 560.0 205.0 188.0 151.0 356.0 486.0 456.0 313.0 116.0 704.0 267.0 230.0 425.0 198.0 664.0 601.0 34.0 600.0 275.0 414.0 558.0 326.0 370.0 224.0 471.0 305.0 325.0 335.0 489.0 316.0 323.0 565.0 89.0 511.0 325.0 244.0 410.0 301.0 193.0 578.0 380.0 481.0 373.0 387.0 338.0 533.0 329.0 609.0 198.0 551.0 247.0 319.0 424.0 217.0 576.0 281.0 670.0 413.0 
442.0 1075.0 287.0 825.0 472.0 964.0 539.0 694.0 846.0 263.0 722.0 849.0 587.0 830.0 764.0 827.0 911.0 622.0 794.0 585.0 833.0 205.0 972.0 736.0 452.0 454.0 0.0 434.0 582.0 431.0 944.0 939.0 503.0 905.0 588.0 714.0 217.0 118.0 1183.0 932.0 602.0 128.0 463.0 883.0 675.0 717.0 297.0 398.0 891.0 638.0 256.0 758.0 234.0 94.0 674.0 956.0 654.0 784.0 831.0 669.0 865.0 397.0 752.0 822.0 679.0 115.0 259.0 1000.0 387.0 491.0 542.0 638.0 838.0 828.0 620.0 530.0 870.0 214.0 646.0 838.0 296.0 1117.0 1041.0 423.0 1053.0 566.0 810.0 1010.0 430.0 819.0 284.0 621.0 229.0 507.0 768.0 670.0 767.0 726.0 946.0 366.0 780.0 472.0 329.0 56.0 166.0 262.0 1021.0 575.0 667.0 175.0 679.0 713.0 938.0 233.0 785.0 417.0 919.0 693.0 770.0 847.0 635.0 1016.0 199.0 1121.0 377.0 
440.0 781.0 544.0 677.0 256.0 592.0 132.0 742.0 757.0 199.0 708.0 866.0 441.0 530.0 407.0 503.0 730.0 300.0 404.0 255.0 772.0 479.0 748.0 520.0 549.0 271.0 434.0 0.0 153.0 368.0 730.0 811.0 320.0 871.0 315.0 370.0 368.0 523.0 890.0 534.0 298.0 535.0 571.0 461.0 275.0 621.0 367.0 93.0 778.0 214.0 384.0 536.0 384.0 343.0 602.0 622.0 641.0 741.0 765.0 571.0 868.0 68.0 854.0 709.0 751.0 323.0 360.0 633.0 426.0 450.0 209.0 206.0 412.0 410.0 583.0 385.0 966.0 364.0 293.0 449.0 354.0 809.0 673.0 250.0 757.0 145.0 408.0 684.0 547.0 493.0 376.0 722.0 426.0 571.0 412.0 259.0 457.0 578.0 818.0 240.0 781.0 561.0 109.0 420.0 281.0 270.0 774.0 150.0 254.0 461.0 657.0 309.0 534.0 453.0 870.0 74.0 809.0 379.0 458.0 658.0 289.0 649.0 245.0 779.0 173.0 
497.0 675.0 655.0 642.0 278.0 457.0 141.0 775.0 738.0 351.0 723.0 880.0 440.0 436.0 292.0 398.0 676.0 230.0 268.0 195.0 763.0 601.0 675.0 471.0 618.0 304.0 582.0 153.0 0.0 420.0 662.0 774.0 333.0 866.0 276.0 268.0 486.0 674.0 781.0 389.0 243.0 686.0 641.0 309.0 220.0 613.0 464.0 195.0 750.0 134.0 492.0 482.0 498.0 492.0 605.0 504.0 663.0 742.0 755.0 568.0 877.0 188.0 898.0 686.0 792.0 472.0 468.0 499.0 499.0 491.0 171.0 60.0 260.0 259.0 602.0 396.0 1002.0 482.0 201.0 310.0 451.0 696.0 538.0 299.0 651.0 30.0 265.0 567.0 623.0 388.0 477.0 775.0 541.0 628.0 297.0 192.0 365.0 553.0 780.0 318.0 796.0 626.0 253.0 562.0 422.0 384.0 688.0 103.0 184.0 587.0 674.0 169.0 387.0 568.0 908.0 172.0 780.0 297.0 365.0 606.0 203.0 515.0 387.0 653.0 303.0 
77.0 660.0 308.0 397.0 146.0 612.0 493.0 374.0 436.0 411.0 351.0 505.0 157.0 433.0 425.0 447.0 481.0 290.0 487.0 280.0 437.0 303.0 542.0 312.0 201.0 118.0 431.0 368.0 420.0 0.0 514.0 519.0 117.0 527.0 228.0 373.0 219.0 548.0 764.0 616.0 262.0 557.0 224.0 623.0 624.0 299.0 140.0 276.0 474.0 545.0 187.0 334.0 208.0 393.0 264.0 571.0 281.0 396.0 432.0 248.0 511.0 302.0 487.0 402.0 383.0 388.0 176.0 639.0 96.0 85.0 268.0 473.0 599.0 566.0 227.0 106.0 598.0 221.0 336.0 524.0 137.0 707.0 677.0 124.0 641.0 391.0 519.0 615.0 210.0 441.0 156.0 358.0 237.0 209.0 426.0 601.0 385.0 296.0 526.0 134.0 422.0 208.0 314.0 380.0 306.0 191.0 594.0 491.0 594.0 310.0 300.0 450.0 633.0 254.0 503.0 296.0 504.0 329.0 390.0 416.0 323.0 654.0 300.0 730.0 486.0 
521.0 220.0 780.0 160.0 506.0 410.0 798.0 492.0 253.0 868.0 391.0 464.0 358.0 244.0 400.0 297.0 73.0 437.0 473.0 480.0 306.0 802.0 33.0 217.0 587.0 511.0 944.0 730.0 662.0 514.0 0.0 188.0 454.0 377.0 417.0 400.0 731.0 1061.0 290.0 496.0 434.0 1070.0 596.0 606.0 867.0 280.0 651.0 667.0 211.0 783.0 698.0 197.0 719.0 897.0 327.0 294.0 406.0 339.0 297.0 306.0 440.0 691.0 604.0 216.0 533.0 889.0 689.0 397.0 577.0 468.0 522.0 674.0 626.0 577.0 389.0 416.0 640.0 734.0 461.0 466.0 650.0 275.0 409.0 545.0 215.0 640.0 510.0 278.0 613.0 305.0 667.0 576.0 742.0 539.0 395.0 836.0 303.0 229.0 191.0 597.0 419.0 574.0 744.0 893.0 806.0 691.0 101.0 764.0 827.0 816.0 386.0 539.0 524.0 755.0 582.0 670.0 222.0 365.0 305.0 101.0 460.0 401.0 790.0 361.0 898.0 
498.0 399.0 728.0 134.0 563.0 592.0 900.0 362.0 109.0 916.0 270.0 293.0 381.0 404.0 549.0 459.0 124.0 544.0 629.0 581.0 153.0 769.0 209.0 304.0 524.0 557.0 939.0 811.0 774.0 519.0 188.0 0.0 501.0 195.0 504.0 535.0 723.0 1054.0 445.0 672.0 532.0 1061.0 526.0 772.0 990.0 223.0 643.0 735.0 54.0 903.0 684.0 295.0 706.0 910.0 268.0 479.0 313.0 202.0 147.0 272.0 266.0 761.0 452.0 118.0 403.0 906.0 682.0 582.0 554.0 449.0 614.0 798.0 785.0 736.0 326.0 444.0 468.0 726.0 581.0 630.0 646.0 451.0 596.0 588.0 398.0 748.0 668.0 466.0 551.0 465.0 656.0 458.0 719.0 468.0 545.0 960.0 446.0 236.0 8.0 632.0 269.0 507.0 801.0 885.0 824.0 708.0 271.0 874.0 951.0 789.0 288.0 678.0 700.0 725.0 423.0 743.0 41.0 489.0 450.0 176.0 575.0 587.0 816.0 546.0 968.0 
186.0 572.0 421.0 369.0 64.0 499.0 429.0 443.0 439.0 419.0 395.0 553.0 123.0 331.0 308.0 338.0 437.0 174.0 370.0 168.0 452.0 406.0 479.0 239.0 311.0 58.0 503.0 320.0 333.0 117.0 454.0 501.0 0.0 552.0 111.0 256.0 307.0 620.0 680.0 499.0 145.0 630.0 333.0 508.0 548.0 302.0 238.0 236.0 464.0 464.0 284.0 260.0 302.0 447.0 283.0 465.0 332.0 423.0 445.0 252.0 552.0 263.0 567.0 393.0 460.0 437.0 268.0 527.0 213.0 164.0 166.0 379.0 486.0 452.0 272.0 66.0 670.0 307.0 220.0 407.0 231.0 615.0 566.0 91.0 551.0 303.0 402.0 514.0 324.0 331.0 255.0 447.0 338.0 307.0 310.0 522.0 276.0 266.0 508.0 144.0 468.0 314.0 300.0 458.0 355.0 243.0 523.0 417.0 514.0 409.0 344.0 337.0 516.0 359.0 576.0 248.0 495.0 214.0 280.0 366.0 207.0 542.0 337.0 628.0 468.0 
480.0 592.0 654.0 260.0 615.0 764.0 978.0 232.0 141.0 937.0 184.0 108.0 432.0 560.0 686.0 613.0 306.0 646.0 770.0 673.0 103.0 714.0 401.0 424.0 457.0 601.0 905.0 871.0 866.0 527.0 377.0 195.0 552.0 0.0 591.0 662.0 696.0 1012.0 638.0 835.0 627.0 1018.0 450.0 920.0 1086.0 254.0 623.0 784.0 167.0 999.0 655.0 424.0 676.0 895.0 270.0 656.0 254.0 131.0 113.0 301.0 78.0 811.0 281.0 197.0 266.0 895.0 660.0 760.0 528.0 444.0 697.0 901.0 925.0 877.0 300.0 487.0 276.0 701.0 690.0 779.0 629.0 645.0 778.0 627.0 590.0 838.0 810.0 651.0 481.0 617.0 631.0 331.0 677.0 400.0 684.0 1057.0 586.0 319.0 195.0 657.0 131.0 437.0 836.0 850.0 819.0 710.0 465.0 960.0 1049.0 739.0 231.0 801.0 861.0 675.0 245.0 798.0 156.0 608.0 590.0 333.0 682.0 767.0 820.0 737.0 1009.0 
293.0 496.0 530.0 370.0 117.0 392.0 397.0 520.0 463.0 459.0 456.0 611.0 173.0 245.0 198.0 240.0 417.0 68.0 261.0 83.0 489.0 511.0 436.0 207.0 417.0 139.0 588.0 315.0 276.0 228.0 417.0 504.0 111.0 591.0 0.0 146.0 405.0 702.0 606.0 389.0 41.0 713.0 438.0 403.0 495.0 339.0 342.0 253.0 476.0 409.0 388.0 222.0 404.0 521.0 336.0 369.0 403.0 470.0 480.0 296.0 605.0 276.0 649.0 411.0 543.0 508.0 369.0 422.0 323.0 264.0 111.0 311.0 385.0 347.0 343.0 150.0 745.0 405.0 117.0 297.0 334.0 534.0 462.0 167.0 473.0 248.0 295.0 423.0 432.0 232.0 360.0 539.0 442.0 407.0 200.0 467.0 180.0 278.0 511.0 223.0 528.0 418.0 333.0 546.0 429.0 328.0 468.0 373.0 458.0 511.0 409.0 238.0 406.0 464.0 653.0 254.0 507.0 108.0 183.0 345.0 105.0 438.0 405.0 534.0 482.0 
436.0 412.0 676.0 412.0 254.0 252.0 408.0 633.0 524.0 549.0 556.0 701.0 292.0 168.0 53.0 134.0 426.0 94.0 122.0 131.0 560.0 653.0 410.0 239.0 558.0 280.0 714.0 370.0 268.0 373.0 400.0 535.0 256.0 662.0 146.0 0.0 545.0 825.0 521.0 244.0 118.0 836.0 579.0 273.0 467.0 423.0 486.0 340.0 521.0 383.0 530.0 243.0 545.0 640.0 434.0 254.0 514.0 553.0 550.0 392.0 690.0 356.0 764.0 468.0 661.0 624.0 510.0 286.0 468.0 402.0 177.0 275.0 267.0 222.0 457.0 287.0 851.0 544.0 78.0 152.0 477.0 439.0 327.0 304.0 388.0 251.0 160.0 315.0 574.0 123.0 503.0 665.0 585.0 543.0 56.0 436.0 99.0 345.0 541.0 356.0 622.0 558.0 424.0 677.0 551.0 460.0 420.0 369.0 427.0 652.0 514.0 144.0 261.0 608.0 763.0 332.0 549.0 56.0 98.0 360.0 84.0 302.0 522.0 416.0 543.0 
226.0 874.0 177.0 609.0 291.0 795.0 497.0 497.0 631.0 295.0 513.0 649.0 375.0 638.0 597.0 643.0 696.0 453.0 642.0 424.0 620.0 117.0 760.0 529.0 256.0 267.0 217.0 368.0 486.0 219.0 731.0 723.0 307.0 696.0 405.0 545.0 0.0 333.0 980.0 780.0 428.0 341.0 273.0 756.0 642.0 500.0 81.0 293.0 675.0 581.0 42.0 551.0 24.0 201.0 458.0 771.0 443.0 572.0 617.0 452.0 663.0 307.0 575.0 605.0 488.0 204.0 43.0 827.0 171.0 274.0 391.0 545.0 720.0 698.0 406.0 322.0 694.0 6.0 487.0 684.0 82.0 919.0 867.0 242.0 854.0 462.0 666.0 820.0 240.0 635.0 68.0 438.0 59.0 305.0 600.0 627.0 581.0 510.0 730.0 191.0 575.0 275.0 267.0 164.0 141.0 102.0 812.0 517.0 621.0 108.0 468.0 579.0 791.0 85.0 603.0 317.0 703.0 513.0 585.0 633.0 475.0 843.0 160.0 934.0 405.0 
556.0 1191.0 374.0 941.0 586.0 1074.0 613.0 795.0 959.0 333.0 830.0 950.0 704.0 945.0 874.0 941.0 1028.0 733.0 899.0 695.0 943.0 301.0 1089.0 854.0 556.0 570.0 118.0 523.0 674.0 548.0 1061.0 1054.0 620.0 1012.0 702.0 825.0 333.0 0.0 1299.0 1037.0 714.0 13.0 565.0 980.0 741.0 831.0 413.0 499.0 1004.0 714.0 370.0 875.0 348.0 187.0 787.0 1069.0 763.0 893.0 942.0 784.0 969.0 494.0 843.0 936.0 777.0 205.0 374.0 1110.0 500.0 606.0 651.0 728.0 933.0 926.0 732.0 647.0 958.0 330.0 755.0 944.0 413.0 1233.0 1151.0 538.0 1169.0 661.0 913.0 1124.0 533.0 932.0 399.0 716.0 338.0 612.0 878.0 740.0 881.0 842.0 1060.0 481.0 885.0 576.0 424.0 169.0 275.0 377.0 1138.0 654.0 738.0 274.0 789.0 815.0 1042.0 337.0 878.0 516.0 1032.0 806.0 884.0 964.0 744.0 1126.0 304.0 1234.0 433.0 
787.0 111.0 1052.0 449.0 717.0 368.0 921.0 780.0 533.0 1060.0 680.0 737.0 611.0 364.0 490.0 388.0 358.0 596.0 528.0 640.0 586.0 1064.0 258.0 453.0 867.0 731.0 1183.0 890.0 781.0 764.0 290.0 445.0 680.0 638.0 606.0 521.0 980.0 1299.0 0.0 470.0 605.0 1310.0 878.0 603.0 949.0 567.0 903.0 851.0 484.0 876.0 951.0 431.0 971.0 1123.0 614.0 281.0 695.0 624.0 577.0 589.0 710.0 870.0 888.0 503.0 821.0 1112.0 938.0 329.0 841.0 735.0 688.0 772.0 644.0 602.0 674.0 659.0 912.0 981.0 597.0 497.0 900.0 90.0 310.0 763.0 134.0 768.0 550.0 219.0 893.0 398.0 920.0 865.0 1000.0 822.0 485.0 918.0 436.0 507.0 444.0 820.0 701.0 855.0 934.0 1136.0 1031.0 922.0 190.0 878.0 911.0 1074.0 675.0 622.0 493.0 1016.0 862.0 846.0 485.0 515.0 434.0 384.0 602.0 321.0 1009.0 186.0 1063.0 
679.0 386.0 918.0 575.0 492.0 103.0 514.0 850.0 694.0 731.0 763.0 894.0 525.0 275.0 193.0 224.0 549.0 330.0 139.0 356.0 740.0 891.0 490.0 427.0 799.0 520.0 932.0 534.0 389.0 616.0 496.0 672.0 499.0 835.0 389.0 244.0 780.0 1037.0 470.0 0.0 357.0 1049.0 819.0 135.0 502.0 624.0 726.0 538.0 676.0 442.0 769.0 420.0 782.0 850.0 646.0 213.0 732.0 746.0 729.0 604.0 878.0 545.0 982.0 640.0 882.0 832.0 748.0 141.0 711.0 643.0 393.0 356.0 180.0 146.0 680.0 528.0 1056.0 778.0 293.0 96.0 716.0 381.0 170.0 540.0 365.0 391.0 127.0 262.0 816.0 221.0 743.0 895.0 823.0 781.0 192.0 473.0 265.0 540.0 676.0 589.0 822.0 798.0 617.0 900.0 766.0 689.0 463.0 464.0 467.0 887.0 728.0 226.0 28.0 847.0 975.0 522.0 697.0 291.0 260.0 504.0 306.0 152.0 734.0 300.0 692.0 
330.0 495.0 561.0 400.0 137.0 368.0 370.0 561.0 497.0 455.0 496.0 649.0 213.0 242.0 170.0 228.0 440.0 29.0 226.0 49.0 524.0 536.0 451.0 231.0 455.0 163.0 602.0 298.0 243.0 262.0 434.0 532.0 145.0 627.0 41.0 118.0 428.0 714.0 605.0 357.0 0.0 725.0 476.0 364.0 461.0 376.0 369.0 246.0 507.0 375.0 413.0 244.0 428.0 530.0 375.0 357.0 443.0 507.0 515.0 335.0 643.0 266.0 689.0 444.0 584.0 516.0 393.0 401.0 357.0 303.0 89.0 274.0 345.0 308.0 383.0 189.0 785.0 427.0 77.0 263.0 360.0 530.0 442.0 187.0 472.0 216.0 257.0 414.0 469.0 219.0 387.0 579.0 468.0 447.0 173.0 432.0 172.0 311.0 539.0 240.0 566.0 457.0 329.0 563.0 440.0 345.0 477.0 342.0 423.0 535.0 449.0 198.0 372.0 491.0 693.0 244.0 537.0 93.0 174.0 368.0 65.0 417.0 413.0 521.0 468.0 
564.0 1201.0 377.0 950.0 597.0 1085.0 626.0 800.0 966.0 346.0 836.0 955.0 713.0 956.0 886.0 952.0 1037.0 745.0 911.0 706.0 950.0 306.0 1098.0 863.0 562.0 580.0 128.0 535.0 686.0 557.0 1070.0 1061.0 630.0 1018.0 713.0 836.0 341.0 13.0 1310.0 1049.0 725.0 0.0 570.0 992.0 753.0 839.0 422.0 511.0 1012.0 727.0 378.0 885.0 357.0 199.0 795.0 1081.0 769.0 900.0 948.0 792.0 974.0 507.0 846.0 944.0 781.0 217.0 383.0 1122.0 508.0 614.0 663.0 741.0 946.0 939.0 740.0 657.0 961.0 338.0 766.0 956.0 421.0 1244.0 1163.0 549.0 1180.0 674.0 925.0 1135.0 538.0 943.0 408.0 720.0 344.0 618.0 889.0 752.0 892.0 851.0 1068.0 492.0 890.0 582.0 436.0 178.0 286.0 388.0 1148.0 666.0 750.0 280.0 795.0 827.0 1054.0 343.0 881.0 529.0 1040.0 817.0 895.0 973.0 756.0 1138.0 316.0 1246.0 445.0 
148.0 786.0 206.0 444.0 370.0 800.0 701.0 231.0 420.0 557.0 272.0 386.0 301.0 598.0 628.0 626.0 540.0 505.0 698.0 500.0 394.0 265.0 628.0 445.0 24.0 341.0 463.0 571.0 641.0 224.0 596.0 526.0 333.0 450.0 438.0 579.0 273.0 565.0 878.0 819.0 476.0 570.0 0.0 840.0 838.0 320.0 221.0 480.0 473.0 763.0 233.0 465.0 249.0 470.0 271.0 737.0 214.0 341.0 394.0 290.0 404.0 503.0 303.0 414.0 217.0 475.0 247.0 820.0 146.0 177.0 491.0 695.0 819.0 784.0 209.0 292.0 422.0 278.0 552.0 730.0 232.0 838.0 855.0 343.0 770.0 612.0 732.0 771.0 34.0 623.0 220.0 166.0 238.0 59.0 628.0 817.0 568.0 372.0 532.0 333.0 321.0 24.0 494.0 409.0 411.0 327.0 692.0 705.0 810.0 292.0 240.0 670.0 838.0 231.0 331.0 502.0 496.0 529.0 573.0 496.0 540.0 834.0 424.0 885.0 656.0 
694.0 517.0 910.0 662.0 484.0 236.0 413.0 905.0 779.0 659.0 826.0 968.0 563.0 369.0 236.0 314.0 651.0 336.0 153.0 345.0 820.0 871.0 604.0 499.0 819.0 514.0 883.0 461.0 309.0 623.0 606.0 772.0 508.0 920.0 403.0 273.0 756.0 980.0 603.0 135.0 364.0 992.0 840.0 0.0 378.0 691.0 714.0 486.0 768.0 329.0 752.0 496.0 763.0 795.0 705.0 339.0 786.0 819.0 810.0 663.0 955.0 487.0 1037.0 723.0 933.0 776.0 729.0 276.0 717.0 666.0 369.0 262.0 55.0 59.0 729.0 551.0 1121.0 754.0 289.0 142.0 702.0 515.0 302.0 527.0 496.0 319.0 113.0 392.0 832.0 308.0 729.0 936.0 805.0 809.0 238.0 352.0 334.0 610.0 776.0 568.0 891.0 821.0 556.0 858.0 719.0 659.0 585.0 363.0 347.0 863.0 786.0 179.0 114.0 831.0 1035.0 466.0 792.0 328.0 330.0 598.0 302.0 286.0 685.0 433.0 603.0 
700.0 848.0 818.0 859.0 490.0 593.0 145.0 989.0 958.0 413.0 941.0 1098.0 658.0 631.0 475.0 585.0 888.0 446.0 422.0 414.0 983.0 750.0 876.0 686.0 815.0 513.0 675.0 275.0 220.0 624.0 867.0 990.0 548.0 1086.0 495.0 467.0 642.0 741.0 949.0 502.0 461.0 753.0 838.0 378.0 0.0 833.0 640.0 361.0 967.0 87.0 658.0 696.0 658.0 582.0 824.0 669.0 880.0 962.0 975.0 788.0 1096.0 341.0 1109.0 905.0 1003.0 561.0 635.0 636.0 693.0 700.0 390.0 193.0 326.0 357.0 819.0 613.0 1216.0 637.0 410.0 453.0 627.0 860.0 669.0 501.0 825.0 249.0 400.0 730.0 817.0 575.0 650.0 981.0 700.0 832.0 480.0 32.0 565.0 772.0 996.0 506.0 1014.0 826.0 376.0 672.0 541.0 544.0 881.0 134.0 40.0 730.0 891.0 334.0 488.0 726.0 1121.0 338.0 997.0 505.0 563.0 819.0 415.0 649.0 506.0 796.0 310.0 
275.0 484.0 514.0 124.0 366.0 572.0 725.0 235.0 139.0 704.0 141.0 279.0 180.0 356.0 455.0 402.0 221.0 396.0 538.0 421.0 152.0 550.0 312.0 197.0 314.0 354.0 717.0 621.0 613.0 299.0 280.0 223.0 302.0 254.0 339.0 423.0 500.0 831.0 567.0 624.0 376.0 839.0 320.0 691.0 833.0 0.0 420.0 537.0 176.0 746.0 462.0 206.0 483.0 688.0 50.0 480.0 130.0 132.0 144.0 53.0 270.0 564.0 363.0 106.0 272.0 685.0 459.0 578.0 331.0 227.0 444.0 649.0 689.0 643.0 112.0 238.0 434.0 504.0 442.0 554.0 423.0 539.0 606.0 382.0 472.0 585.0 578.0 497.0 341.0 403.0 433.0 304.0 497.0 263.0 453.0 804.0 361.0 85.0 230.0 420.0 201.0 299.0 595.0 663.0 604.0 489.0 378.0 707.0 796.0 568.0 115.0 557.0 649.0 504.0 352.0 549.0 205.0 367.0 366.0 184.0 433.0 589.0 598.0 603.0 766.0 
147.0 798.0 197.0 528.0 234.0 734.0 498.0 433.0 552.0 337.0 440.0 581.0 296.0 566.0 539.0 575.0 616.0 396.0 590.0 373.0 543.0 169.0 681.0 451.0 201.0 207.0 297.0 367.0 464.0 140.0 651.0 643.0 238.0 623.0 342.0 486.0 81.0 413.0 903.0 726.0 369.0 422.0 221.0 714.0 640.0 420.0 0.0 281.0 595.0 572.0 48.0 473.0 68.0 273.0 378.0 702.0 369.0 497.0 540.0 372.0 593.0 300.0 522.0 525.0 429.0 273.0 39.0 763.0 96.0 194.0 346.0 522.0 681.0 656.0 329.0 245.0 640.0 84.0 435.0 631.0 14.0 845.0 803.0 188.0 779.0 437.0 617.0 749.0 191.0 569.0 18.0 384.0 101.0 242.0 541.0 622.0 513.0 430.0 650.0 149.0 505.0 218.0 278.0 244.0 199.0 107.0 734.0 510.0 616.0 173.0 393.0 536.0 739.0 123.0 547.0 305.0 624.0 450.0 517.0 553.0 422.0 779.0 206.0 864.0 436.0 
348.0 740.0 466.0 602.0 173.0 581.0 221.0 650.0 674.0 210.0 619.0 776.0 359.0 487.0 385.0 468.0 661.0 256.0 401.0 212.0 687.0 408.0 688.0 453.0 457.0 184.0 398.0 93.0 195.0 276.0 667.0 735.0 236.0 784.0 253.0 340.0 293.0 499.0 851.0 538.0 246.0 511.0 480.0 486.0 361.0 537.0 281.0 0.0 699.0 292.0 303.0 471.0 306.0 313.0 515.0 593.0 551.0 654.0 680.0 486.0 779.0 27.0 762.0 629.0 659.0 295.0 279.0 620.0 334.0 359.0 165.0 254.0 443.0 431.0 493.0 299.0 874.0 289.0 265.0 446.0 268.0 774.0 661.0 159.0 717.0 174.0 414.0 653.0 457.0 459.0 292.0 630.0 349.0 479.0 389.0 342.0 416.0 500.0 742.0 148.0 692.0 469.0 84.0 373.0 234.0 192.0 720.0 230.0 336.0 393.0 567.0 317.0 543.0 376.0 778.0 25.0 730.0 336.0 417.0 589.0 257.0 636.0 199.0 756.0 234.0 
449.0 429.0 676.0 110.0 527.0 601.0 872.0 311.0 56.0 875.0 217.0 255.0 343.0 402.0 540.0 457.0 140.0 522.0 622.0 555.0 104.0 718.0 237.0 285.0 472.0 520.0 891.0 778.0 750.0 474.0 211.0 54.0 464.0 167.0 476.0 521.0 675.0 1004.0 484.0 676.0 507.0 1012.0 473.0 768.0 967.0 176.0 595.0 699.0 0.0 881.0 636.0 279.0 657.0 864.0 218.0 491.0 260.0 150.0 97.0 227.0 230.0 726.0 406.0 72.0 352.0 860.0 634.0 595.0 505.0 402.0 586.0 777.0 778.0 729.0 275.0 405.0 431.0 678.0 561.0 626.0 598.0 483.0 612.0 550.0 426.0 723.0 661.0 485.0 499.0 462.0 607.0 406.0 669.0 416.0 536.0 938.0 437.0 201.0 59.0 591.0 221.0 454.0 763.0 837.0 779.0 664.0 303.0 848.0 929.0 739.0 235.0 664.0 703.0 674.0 379.0 709.0 32.0 472.0 441.0 172.0 554.0 601.0 772.0 572.0 931.0 
622.0 773.0 755.0 773.0 407.0 527.0 102.0 906.0 871.0 382.0 856.0 1013.0 573.0 549.0 395.0 505.0 802.0 360.0 348.0 327.0 897.0 693.0 793.0 600.0 740.0 432.0 638.0 214.0 134.0 545.0 783.0 903.0 464.0 999.0 409.0 383.0 581.0 714.0 876.0 442.0 375.0 727.0 763.0 329.0 87.0 746.0 572.0 292.0 881.0 0.0 594.0 610.0 596.0 545.0 739.0 595.0 796.0 876.0 888.0 702.0 1010.0 275.0 1028.0 818.0 922.0 524.0 570.0 570.0 618.0 619.0 304.0 109.0 275.0 297.0 735.0 529.0 1134.0 576.0 325.0 383.0 559.0 788.0 606.0 422.0 749.0 163.0 331.0 657.0 742.0 495.0 583.0 902.0 638.0 754.0 400.0 58.0 481.0 685.0 910.0 432.0 929.0 749.0 322.0 628.0 492.0 481.0 801.0 65.0 50.0 674.0 806.0 255.0 431.0 665.0 1038.0 267.0 911.0 420.0 480.0 733.0 329.0 585.0 456.0 730.0 295.0 
