80 0.0 5
1 774 151
2 876 117
3 339 946
4 749 515
5 399 973
6 696 95
7 839 685
8 610 453
9 530 110
10 827 897
11 15 131
12 664 752
13 62 712
14 545 341
15 877 470
16 549 883
17 818 217
18 47 133
19 639 640
20 201 43
21 749 131
22 926 78
23 163 409
24 828 380
25 26 780
26 418 702
27 641 986
28 327 493
29 551 295
30 102 689
31 488 455
32 306 363
33 229 941
34 768 721
35 870 829
36 531 367
37 339 286
38 260 171
39 942 696
40 807 277
41 307 174
42 70 640
43 415 925
44 669 104
45 143 379
46 515 207
47 284 931
48 237 851
49 439 959
50 83 304
51 546 382
52 633 277
53 85 825
54 134 76
55 503 863
56 328 434
57 408 148
58 551 847
59 461 989
60 835 546
61 194 121
62 218 717
63 313 38
64 650 398
65 776 176
66 701 719
67 625 857
68 673 702
69 380 899
70 844 707
71 707 716
72 403 605
73 549 568
74 375 463
75 355 608
76 144 240
77 154 95
78 313 155
79 241 633
80 464 508
opening costs
836 118 829 772 141 251 976 584 439 86 877 847 123 599 673 631 456 912 845 635 980 426 196 98 475 695 666 422 582 511 591 17 258 899 538 674 201 34 946 14 717 285 359 127 250 342 308 17 952 216 158 504 566 110 836 926 353 356 292 863 347 255 616 588 841 477 897 1 181 957 89 470 460 608 596 938 854 544 744 93 
star costs
0.0 108.0 907.0 365.0 904.0 97.0 538.0 344.0 248.0 748.0 760.0 611.0 907.0 298.0 336.0 766.0 80.0 728.0 508.0 584.0 33.0 169.0 664.0 236.0 978.0 657.0 846.0 563.0 266.0 861.0 418.0 514.0 960.0 571.0 685.0 326.0 456.0 515.0 571.0 131.0 468.0 858.0 854.0 116.0 671.0 265.0 922.0 883.0 875.0 708.0 325.0 190.0 964.0 645.0 762.0 529.0 367.0 731.0 895.0 400.0 581.0 794.0 475.0 277.0 26.0 573.0 722.0 561.0 846.0 561.0 569.0 587.0 474.0 507.0 621.0 637.0 623.0 462.0 719.0 473.0 
108.0 0.0 988.0 418.0 980.0 182.0 570.0 429.0 347.0 782.0 862.0 670.0 1009.0 400.0 354.0 833.0 116.0 830.0 575.0 680.0 128.0 64.0 771.0 268.0 1078.0 743.0 901.0 666.0 371.0 963.0 515.0 621.0 1048.0 614.0 713.0 427.0 563.0 619.0 583.0 175.0 572.0 961.0 931.0 208.0 779.0 373.0 1007.0 974.0 949.0 815.0 424.0 291.0 1062.0 744.0 835.0 634.0 470.0 800.0 966.0 431.0 683.0 891.0 569.0 361.0 117.0 627.0 782.0 620.0 927.0 591.0 623.0 680.0 558.0 609.0 716.0 743.0 723.0 565.0 819.0 569.0 
907.0 988.0 0.0 595.0 66.0 923.0 565.0 563.0 858.0 491.0 878.0 379.0 363.0 640.0 719.0 220.0 873.0 864.0 429.0 914.0 913.0 1048.0 566.0 748.0 355.0 257.0 305.0 454.0 685.0 350.0 514.0 584.0 111.0 485.0 544.0 611.0 660.0 780.0 653.0 817.0 773.0 408.0 79.0 905.0 600.0 760.0 58.0 140.0 101.0 692.0 601.0 731.0 282.0 894.0 184.0 513.0 801.0 234.0 130.0 638.0 838.0 260.0 909.0 631.0 886.0 428.0 300.0 414.0 63.0 559.0 434.0 347.0 433.0 485.0 339.0 733.0 871.0 792.0 328.0 456.0 
365.0 418.0 595.0 0.0 577.0 424.0 193.0 153.0 461.0 390.0 829.0 252.0 715.0 269.0 136.0 419.0 306.0 800.0 167.0 724.0 384.0 472.0 596.0 157.0 771.0 381.0 484.0 423.0 296.0 670.0 268.0 469.0 673.0 207.0 337.0 264.0 470.0 598.0 265.0 245.0 559.0 691.0 529.0 419.0 622.0 387.0 624.0 613.0 542.0 699.0 243.0 265.0 733.0 756.0 427.0 429.0 501.0 387.0 555.0 92.0 681.0 569.0 647.0 154.0 341.0 210.0 364.0 202.0 533.0 215.0 206.0 358.0 207.0 378.0 405.0 665.0 729.0 566.0 522.0 286.0 
904.0 980.0 66.0 577.0 0.0 927.0 526.0 562.0 873.0 435.0 926.0 346.0 427.0 649.0 694.0 175.0 865.0 911.0 411.0 951.0 912.0 1039.0 612.0 732.0 420.0 272.0 243.0 486.0 695.0 411.0 526.0 618.0 173.0 447.0 493.0 621.0 690.0 814.0 610.0 807.0 805.0 469.0 51.0 910.0 647.0 775.0 123.0 203.0 43.0 740.0 610.0 735.0 348.0 936.0 152.0 544.0 826.0 198.0 65.0 611.0 877.0 314.0 939.0 628.0 882.0 395.0 255.0 386.0 77.0 519.0 402.0 369.0 432.0 511.0 368.0 777.0 912.0 823.0 375.0 470.0 
97.0 182.0 923.0 424.0 927.0 0.0 608.0 369.0 167.0 813.0 682.0 658.0 885.0 289.0 417.0 802.0 173.0 651.0 548.0 498.0 65.0 231.0 619.0 315.0 959.0 668.0 893.0 543.0 248.0 841.0 416.0 474.0 967.0 631.0 755.0 319.0 405.0 443.0 650.0 214.0 397.0 831.0 877.0 29.0 622.0 213.0 933.0 885.0 902.0 648.0 324.0 193.0 952.0 563.0 792.0 501.0 293.0 766.0 925.0 472.0 503.0 785.0 388.0 307.0 114.0 625.0 766.0 608.0 864.0 630.0 622.0 589.0 496.0 489.0 616.0 571.0 542.0 388.0 705.0 474.0 
538.0 570.0 565.0 193.0 526.0 608.0 0.0 326.0 653.0 213.0 993.0 188.0 778.0 453.0 219.0 352.0 469.0 966.0 205.0 906.0 562.0 614.0 731.0 306.0 819.0 422.0 361.0 547.0 485.0 738.0 420.0 623.0 662.0 80.0 148.0 443.0 640.0 775.0 104.0 410.0 738.0 771.0 488.0 606.0 761.0 578.0 608.0 625.0 485.0 847.0 422.0 458.0 767.0 932.0 381.0 570.0 689.0 331.0 486.0 140.0 857.0 622.0 834.0 344.0 513.0 143.0 275.0 167.0 507.0 23.0 136.0 444.0 313.0 515.0 491.0 826.0 905.0 747.0 601.0 415.0 
344.0 429.0 563.0 153.0 562.0 369.0 326.0 0.0 353.0 495.0 677.0 304.0 607.0 130.0 268.0 435.0 315.0 648.0 190.0 580.0 351.0 491.0 450.0 230.0 670.0 315.0 534.0 286.0 169.0 561.0 123.0 318.0 620.0 312.0 458.0 117.0 319.0 450.0 412.0 265.0 412.0 572.0 511.0 354.0 473.0 264.0 579.0 546.0 535.0 548.0 96.0 178.0 644.0 608.0 424.0 283.0 366.0 399.0 557.0 244.0 533.0 473.0 511.0 69.0 323.0 282.0 405.0 257.0 502.0 346.0 281.0 257.0 131.0 236.0 299.0 513.0 580.0 421.0 411.0 157.0 
248.0 347.0 858.0 461.0 873.0 167.0 653.0 353.0 0.0 842.0 516.0 656.0 763.0 232.0 501.0 774.0 308.0 484.0 542.0 336.0 221.0 398.0 474.0 403.0 839.0 603.0 884.0 434.0 187.0 721.0 348.0 338.0 884.0 656.0 796.0 258.0 260.0 277.0 717.0 324.0 233.0 702.0 824.0 140.0 472.0 99.0 858.0 797.0 854.0 488.0 273.0 197.0 843.0 398.0 754.0 382.0 128.0 738.0 882.0 533.0 337.0 683.0 229.0 312.0 255.0 633.0 754.0 610.0 804.0 675.0 632.0 512.0 459.0 386.0 528.0 408.0 377.0 222.0 598.0 404.0 
748.0 782.0 491.0 390.0 435.0 813.0 213.0 495.0 842.0 0.0 1117.0 219.0 788.0 624.0 430.0 279.0 681.0 1092.0 319.0 1059.0 770.0 825.0 825.0 518.0 810.0 454.0 207.0 643.0 663.0 755.0 558.0 747.0 600.0 186.0 81.0 608.0 782.0 922.0 232.0 621.0 891.0 800.0 413.0 809.0 859.0 758.0 545.0 592.0 393.0 952.0 587.0 650.0 746.0 1075.0 326.0 681.0 859.0 281.0 378.0 352.0 1002.0 636.0 1002.0 530.0 723.0 219.0 206.0 249.0 448.0 191.0 218.0 515.0 431.0 627.0 554.0 948.0 1047.0 903.0 643.0 533.0 
760.0 862.0 878.0 829.0 926.0 682.0 993.0 677.0 516.0 1117.0 0.0 899.0 583.0 571.0 927.0 923.0 808.0 33.0 806.0 206.0 734.0 913.0 315.0 851.0 650.0 699.0 1060.0 478.0 561.0 565.0 574.0 373.0 838.0 957.0 1104.0 568.0 360.0 249.0 1086.0 806.0 296.0 512.0 890.0 655.0 280.0 506.0 845.0 754.0 931.0 186.0 588.0 636.0 698.0 132.0 880.0 436.0 394.0 895.0 967.0 920.0 180.0 621.0 313.0 689.0 763.0 904.0 949.0 872.0 851.0 1010.0 907.0 613.0 691.0 490.0 586.0 169.0 144.0 299.0 551.0 587.0 
611.0 670.0 379.0 252.0 346.0 658.0 188.0 304.0 656.0 219.0 899.0 0.0 604.0 428.0 354.0 175.0 557.0 874.0 115.0 847.0 627.0 724.0 608.0 407.0 639.0 252.0 236.0 426.0 471.0 566.0 346.0 529.0 475.0 109.0 220.0 408.0 569.0 708.0 284.0 497.0 680.0 605.0 304.0 649.0 641.0 566.0 421.0 439.0 306.0 734.0 389.0 477.0 584.0 859.0 196.0 463.0 657.0 148.0 313.0 268.0 787.0 448.0 796.0 355.0 587.0 50.0 113.0 51.0 320.0 186.0 57.0 300.0 217.0 409.0 341.0 730.0 832.0 693.0 440.0 316.0 
907.0 1009.0 363.0 715.0 427.0 885.0 778.0 607.0 763.0 788.0 583.0 604.0 0.0 610.0 851.0 517.0 904.0 580.0 582.0 684.0 900.0 1072.0 320.0 835.0 77.0 357.0 641.0 344.0 643.0 47.0 498.0 426.0 284.0 707.0 817.0 583.0 509.0 577.0 881.0 863.0 592.0 73.0 413.0 860.0 343.0 679.0 312.0 224.0 451.0 409.0 586.0 718.0 116.0 641.0 467.0 385.0 662.0 508.0 486.0 791.0 606.0 157.0 720.0 667.0 893.0 640.0 582.0 612.0 369.0 783.0 646.0 358.0 508.0 400.0 311.0 480.0 624.0 611.0 196.0 451.0 
298.0 400.0 640.0 269.0 649.0 289.0 453.0 130.0 232.0 624.0 571.0 428.0 610.0 0.0 357.0 543.0 300.0 540.0 314.0 456.0 293.0 463.0 389.0 286.0 680.0 383.0 653.0 266.0 47.0 564.0 128.0 241.0 679.0 441.0 587.0 30.0 214.0 332.0 533.0 270.0 291.0 562.0 599.0 268.0 404.0 138.0 646.0 596.0 628.0 464.0 42.0 109.0 668.0 490.0 524.0 237.0 237.0 507.0 654.0 356.0 415.0 499.0 382.0 120.0 284.0 409.0 523.0 384.0 582.0 473.0 409.0 300.0 228.0 210.0 328.0 414.0 462.0 298.0 422.0 186.0 
336.0 354.0 719.0 136.0 694.0 417.0 219.0 268.0 501.0 430.0 927.0 354.0 851.0 357.0 0.0 528.0 260.0 896.0 293.0 800.0 363.0 396.0 717.0 103.0 906.0 515.0 568.0 551.0 371.0 806.0 390.0 581.0 802.0 274.0 360.0 362.0 569.0 686.0 236.0 206.0 643.0 825.0 649.0 421.0 740.0 448.0 752.0 745.0 657.0 812.0 343.0 312.0 868.0 842.0 543.0 551.0 569.0 499.0 666.0 87.0 768.0 704.0 711.0 239.0 311.0 305.0 462.0 309.0 657.0 240.0 300.0 493.0 343.0 503.0 540.0 769.0 815.0 647.0 657.0 415.0 
766.0 833.0 220.0 419.0 175.0 802.0 352.0 435.0 774.0 279.0 923.0 175.0 517.0 543.0 528.0 0.0 719.0 903.0 260.0 910.0 779.0 889.0 612.0 576.0 534.0 224.0 139.0 449.0 589.0 488.0 433.0 574.0 326.0 273.0 326.0 517.0 633.0 769.0 436.0 659.0 750.0 538.0 141.0 789.0 648.0 677.0 270.0 314.0 134.0 744.0 502.0 612.0 468.0 908.0 51.0 501.0 749.0 37.0 138.0 443.0 841.0 371.0 878.0 496.0 743.0 224.0 81.0 220.0 170.0 344.0 230.0 315.0 315.0 455.0 337.0 760.0 882.0 766.0 397.0 385.0 
80.0 116.0 873.0 306.0 865.0 173.0 469.0 315.0 308.0 681.0 808.0 557.0 904.0 300.0 260.0 719.0 0.0 776.0 460.0 642.0 111.0 177.0 683.0 164.0 972.0 629.0 790.0 564.0 279.0 858.0 407.0 533.0 934.0 507.0 615.0 324.0 484.0 560.0 495.0 61.0 513.0 860.0 815.0 188.0 695.0 304.0 892.0 860.0 834.0 741.0 319.0 195.0 953.0 699.0 719.0 536.0 416.0 685.0 851.0 330.0 632.0 782.0 536.0 247.0 59.0 516.0 669.0 507.0 811.0 491.0 512.0 569.0 443.0 507.0 607.0 675.0 676.0 509.0 712.0 459.0 
728.0 830.0 864.0 800.0 911.0 651.0 966.0 648.0 484.0 1092.0 33.0 874.0 580.0 540.0 896.0 903.0 776.0 0.0 780.0 179.0 703.0 881.0 300.0 820.0 648.0 680.0 1040.0 457.0 530.0 559.0 547.0 347.0 829.0 931.0 1078.0 538.0 330.0 217.0 1058.0 774.0 264.0 508.0 874.0 623.0 265.0 474.0 833.0 743.0 915.0 175.0 558.0 604.0 694.0 105.0 861.0 412.0 362.0 874.0 951.0 890.0 148.0 609.0 283.0 659.0 731.0 879.0 927.0 846.0 836.0 983.0 881.0 592.0 665.0 466.0 567.0 145.0 114.0 267.0 537.0 561.0 
508.0 575.0 429.0 167.0 411.0 548.0 205.0 190.0 542.0 319.0 806.0 115.0 582.0 314.0 293.0 260.0 460.0 780.0 0.0 741.0 521.0 632.0 530.0 322.0 629.0 230.0 347.0 345.0 357.0 540.0 239.0 434.0 509.0 153.0 299.0 294.0 465.0 603.0 309.0 400.0 573.0 569.0 363.0 537.0 561.0 451.0 460.0 455.0 377.0 650.0 275.0 364.0 585.0 758.0 262.0 374.0 544.0 225.0 392.0 218.0 684.0 428.0 685.0 243.0 484.0 101.0 218.0 71.0 367.0 216.0 102.0 239.0 116.0 318.0 286.0 637.0 730.0 585.0 399.0 220.0 
584.0 680.0 914.0 724.0 951.0 498.0 906.0 580.0 336.0 1059.0 206.0 847.0 684.0 456.0 800.0 910.0 642.0 179.0 741.0 0.0 556.0 726.0 368.0 712.0 758.0 694.0 1041.0 468.0 432.0 654.0 503.0 337.0 899.0 884.0 1033.0 463.0 280.0 141.0 988.0 650.0 169.0 612.0 908.0 472.0 341.0 355.0 892.0 809.0 947.0 287.0 484.0 492.0 791.0 75.0 874.0 412.0 233.0 877.0 982.0 810.0 79.0 675.0 113.0 573.0 591.0 841.0 918.0 811.0 875.0 925.0 843.0 598.0 630.0 455.0 586.0 206.0 71.0 159.0 592.0 535.0 
33.0 128.0 913.0 384.0 912.0 65.0 562.0 351.0 221.0 770.0 734.0 627.0 900.0 293.0 363.0 779.0 111.0 703.0 521.0 556.0 0.0 185.0 649.0 262.0 972.0 661.0 862.0 556.0 258.0 855.0 417.0 501.0 963.0 591.0 709.0 322.0 439.0 491.0 598.0 158.0 445.0 849.0 862.0 85.0 655.0 247.0 926.0 884.0 885.0 689.0 323.0 187.0 961.0 618.0 773.0 519.0 342.0 743.0 906.0 424.0 556.0 791.0 446.0 285.0 53.0 590.0 737.0 577.0 853.0 584.0 587.0 587.0 481.0 501.0 619.0 615.0 597.0 437.0 715.0 473.0 
169.0 64.0 1048.0 472.0 1039.0 231.0 614.0 491.0 398.0 825.0 913.0 724.0 1072.0 463.0 396.0 889.0 177.0 881.0 632.0 726.0 185.0 0.0 832.0 318.0 1142.0 805.0 952.0 729.0 434.0 1026.0 578.0 683.0 1110.0 663.0 754.0 490.0 623.0 673.0 619.0 232.0 627.0 1025.0 990.0 259.0 839.0 431.0 1068.0 1036.0 1007.0 873.0 487.0 355.0 1125.0 793.0 892.0 696.0 523.0 856.0 1023.0 477.0 734.0 954.0 615.0 423.0 180.0 680.0 836.0 674.0 986.0 635.0 675.0 743.0 619.0 673.0 780.0 799.0 773.0 618.0 882.0 632.0 
664.0 771.0 566.0 596.0 612.0 619.0 731.0 450.0 474.0 825.0 315.0 608.0 320.0 389.0 717.0 612.0 683.0 300.0 530.0 368.0 649.0 832.0 0.0 666.0 396.0 389.0 750.0 185.0 405.0 287.0 329.0 151.0 537.0 681.0 823.0 371.0 215.0 258.0 831.0 658.0 276.0 250.0 575.0 591.0 37.0 406.0 536.0 449.0 616.0 133.0 384.0 489.0 424.0 335.0 568.0 167.0 358.0 586.0 653.0 686.0 290.0 313.0 401.0 488.0 656.0 621.0 644.0 589.0 536.0 744.0 625.0 310.0 418.0 219.0 277.0 171.0 315.0 295.0 238.0 317.0 
236.0 268.0 748.0 157.0 732.0 315.0 306.0 230.0 403.0 518.0 851.0 407.0 835.0 286.0 103.0 576.0 164.0 820.0 322.0 712.0 262.0 318.0 666.0 0.0 897.0 522.0 635.0 514.0 290.0 790.0 349.0 523.0 821.0 347.0 451.0 298.0 498.0 606.0 336.0 106.0 561.0 802.0 684.0 319.0 686.0 358.0 775.0 756.0 698.0 749.0 283.0 221.0 867.0 758.0 583.0 503.0 480.0 543.0 712.0 167.0 685.0 697.0 619.0 179.0 211.0 363.0 519.0 358.0 686.0 328.0 358.0 481.0 337.0 461.0 526.0 699.0 732.0 563.0 640.0 386.0 
978.0 1078.0 355.0 771.0 420.0 959.0 819.0 670.0 839.0 810.0 650.0 639.0 77.0 680.0 906.0 534.0 972.0 648.0 629.0 758.0 972.0 1142.0 396.0 897.0 0.0 400.0 649.0 416.0 715.0 119.0 565.0 503.0 260.0 745.0 846.0 653.0 585.0 653.0 920.0 929.0 668.0 147.0 416.0 933.0 418.0 754.0 299.0 223.0 451.0 480.0 655.0 789.0 75.0 713.0 485.0 460.0 739.0 530.0 483.0 843.0 681.0 203.0 796.0 732.0 963.0 678.0 604.0 652.0 374.0 822.0 685.0 416.0 565.0 472.0 372.0 553.0 697.0 688.0 261.0 516.0 
657.0 743.0 257.0 381.0 272.0 668.0 422.0 315.0 603.0 454.0 699.0 252.0 357.0 383.0 515.0 224.0 629.0 680.0 230.0 694.0 661.0 805.0 389.0 522.0 400.0 0.0 362.0 228.0 429.0 317.0 257.0 358.0 305.0 351.0 470.0 354.0 424.0 555.0 525.0 577.0 540.0 354.0 224.0 649.0 425.0 505.0 266.0 235.0 258.0 521.0 345.0 477.0 355.0 688.0 183.0 283.0 555.0 197.0 291.0 446.0 623.0 201.0 673.0 383.0 637.0 284.0 259.0 255.0 201.0 427.0 290.0 99.0 188.0 243.0 114.0 538.0 662.0 557.0 190.0 200.0 
846.0 901.0 305.0 484.0 243.0 893.0 361.0 534.0 884.0 207.0 1060.0 236.0 641.0 653.0 568.0 139.0 790.0 1040.0 347.0 1041.0 862.0 952.0 750.0 635.0 649.0 362.0 0.0 585.0 697.0 616.0 553.0 708.0 415.0 294.0 278.0 629.0 763.0 900.0 418.0 729.0 879.0 668.0 235.0 883.0 786.0 790.0 362.0 426.0 204.0 882.0 612.0 710.0 579.0 1042.0 185.0 635.0 870.0 166.0 181.0 481.0 974.0 502.0 1004.0 589.0 822.0 274.0 130.0 286.0 276.0 346.0 278.0 450.0 429.0 587.0 475.0 897.0 1016.0 894.0 534.0 510.0 
563.0 666.0 454.0 423.0 486.0 543.0 547.0 286.0 434.0 643.0 478.0 426.0 344.0 266.0 551.0 449.0 564.0 457.0 345.0 468.0 556.0 729.0 185.0 514.0 416.0 228.0 585.0 0.0 299.0 299.0 166.0 132.0 459.0 497.0 639.0 240.0 208.0 329.0 648.0 527.0 320.0 297.0 441.0 518.0 217.0 343.0 441.0 370.0 480.0 309.0 246.0 375.0 411.0 460.0 410.0 60.0 355.0 419.0 514.0 511.0 396.0 250.0 456.0 337.0 550.0 437.0 471.0 405.0 410.0 560.0 441.0 136.0 235.0 57.0 119.0 313.0 434.0 339.0 165.0 138.0 
266.0 371.0 685.0 296.0 695.0 248.0 485.0 169.0 187.0 663.0 561.0 471.0 643.0 47.0 371.0 589.0 279.0 530.0 357.0 432.0 258.0 434.0 405.0 290.0 715.0 429.0 697.0 299.0 0.0 598.0 172.0 255.0 722.0 479.0 623.0 75.0 213.0 317.0 561.0 257.0 273.0 592.0 645.0 225.0 417.0 96.0 690.0 639.0 674.0 469.0 88.0 84.0 706.0 472.0 571.0 263.0 206.0 552.0 700.0 380.0 398.0 538.0 351.0 143.0 255.0 450.0 567.0 425.0 628.0 506.0 449.0 344.0 274.0 244.0 370.0 411.0 445.0 277.0 459.0 231.0 
861.0 963.0 350.0 670.0 411.0 841.0 738.0 561.0 721.0 755.0 565.0 566.0 47.0 564.0 806.0 488.0 858.0 559.0 540.0 654.0 855.0 1026.0 287.0 790.0 119.0 317.0 616.0 299.0 598.0 0.0 452.0 385.0 283.0 667.0 781.0 537.0 468.0 542.0 841.0 817.0 555.0 59.0 393.0 815.0 313.0 635.0 303.0 211.0 432.0 386.0 540.0 673.0 138.0 614.0 438.0 341.0 622.0 476.0 468.0 747.0 576.0 120.0 685.0 621.0 848.0 600.0 550.0 572.0 349.0 743.0 606.0 313.0 464.0 355.0 266.0 451.0 597.0 575.0 150.0 405.0 
418.0 515.0 514.0 268.0 526.0 416.0 420.0 123.0 348.0 558.0 574.0 346.0 498.0 128.0 390.0 433.0 407.0 547.0 239.0 503.0 417.0 578.0 329.0 349.0 565.0 257.0 553.0 166.0 172.0 452.0 0.0 204.0 551.0 387.0 535.0 98.0 226.0 365.0 515.0 366.0 335.0 458.0 476.0 395.0 354.0 250.0 518.0 469.0 507.0 433.0 94.0 230.0 548.0 519.0 409.0 162.0 318.0 398.0 535.0 359.0 445.0 377.0 453.0 172.0 401.0 340.0 425.0 309.0 457.0 437.0 341.0 173.0 129.0 114.0 203.0 406.0 492.0 348.0 305.0 59.0 
514.0 621.0 584.0 469.0 618.0 474.0 623.0 318.0 338.0 747.0 373.0 529.0 426.0 241.0 581.0 574.0 533.0 347.0 434.0 337.0 501.0 683.0 151.0 523.0 503.0 358.0 708.0 132.0 255.0 385.0 204.0 0.0 584.0 585.0 732.0 226.0 84.0 198.0 718.0 509.0 190.0 364.0 573.0 446.0 164.0 261.0 569.0 493.0 611.0 231.0 241.0 339.0 513.0 335.0 538.0 75.0 238.0 543.0 645.0 560.0 267.0 365.0 326.0 346.0 506.0 532.0 589.0 500.0 542.0 639.0 535.0 261.0 318.0 122.0 250.0 204.0 309.0 209.0 278.0 215.0 
960.0 1048.0 111.0 673.0 173.0 967.0 662.0 620.0 884.0 600.0 838.0 475.0 284.0 679.0 802.0 326.0 934.0 829.0 509.0 899.0 963.0 1110.0 537.0 821.0 260.0 305.0 415.0 459.0 722.0 283.0 551.0 584.0 0.0 583.0 651.0 649.0 665.0 771.0 754.0 881.0 771.0 341.0 187.0 946.0 569.0 788.0 56.0 91.0 211.0 654.0 643.0 778.0 185.0 871.0 285.0 517.0 813.0 336.0 237.0 724.0 821.0 225.0 907.0 688.0 941.0 522.0 405.0 505.0 157.0 659.0 529.0 379.0 492.0 500.0 357.0 707.0 850.0 791.0 309.0 493.0 
571.0 614.0 485.0 207.0 447.0 631.0 80.0 312.0 656.0 186.0 957.0 109.0 707.0 441.0 274.0 273.0 507.0 931.0 153.0 884.0 591.0 663.0 681.0 347.0 745.0 351.0 294.0 497.0 479.0 667.0 387.0 585.0 583.0 0.0 149.0 427.0 611.0 749.0 176.0 446.0 716.0 703.0 408.0 625.0 713.0 573.0 528.0 547.0 407.0 802.0 406.0 465.0 691.0 905.0 301.0 526.0 677.0 251.0 408.0 188.0 831.0 551.0 821.0 344.0 546.0 68.0 198.0 97.0 427.0 78.0 62.0 383.0 268.0 471.0 429.0 788.0 877.0 727.0 535.0 372.0 
685.0 713.0 544.0 337.0 493.0 755.0 148.0 458.0 796.0 81.0 1104.0 220.0 817.0 587.0 360.0 326.0 615.0 1078.0 299.0 1033.0 709.0 754.0 823.0 451.0 846.0 470.0 278.0 639.0 623.0 781.0 535.0 732.0 651.0 149.0 0.0 574.0 760.0 898.0 152.0 556.0 864.0 823.0 466.0 753.0 856.0 717.0 595.0 634.0 451.0 947.0 553.0 601.0 786.0 1053.0 369.0 671.0 823.0 320.0 440.0 286.0 979.0 662.0 968.0 484.0 660.0 202.0 247.0 235.0 495.0 125.0 199.0 518.0 414.0 616.0 561.0 935.0 1026.0 875.0 659.0 518.0 
326.0 427.0 611.0 264.0 621.0 319.0 443.0 117.0 258.0 608.0 568.0 408.0 583.0 30.0 362.0 517.0 324.0 538.0 294.0 463.0 322.0 490.0 371.0 298.0 653.0 354.0 629.0 240.0 75.0 537.0 98.0 226.0 649.0 427.0 574.0 0.0 209.0 335.0 527.0 291.0 296.0 536.0 570.0 298.0 389.0 161.0 616.0 567.0 600.0 453.0 22.0 137.0 640.0 493.0 497.0 214.0 252.0 481.0 626.0 353.0 418.0 470.0 395.0 123.0 311.0 391.0 499.0 364.0 554.0 463.0 391.0 271.0 202.0 184.0 299.0 408.0 465.0 305.0 394.0 157.0 
456.0 563.0 660.0 470.0 690.0 405.0 640.0 319.0 260.0 782.0 360.0 569.0 509.0 214.0 569.0 633.0 484.0 330.0 465.0 280.0 439.0 623.0 215.0 498.0 585.0 424.0 763.0 208.0 213.0 468.0 226.0 84.0 665.0 611.0 760.0 209.0 0.0 140.0 730.0 469.0 117.0 445.0 644.0 377.0 217.0 193.0 648.0 575.0 681.0 257.0 229.0 295.0 596.0 294.0 600.0 149.0 155.0 600.0 714.0 561.0 220.0 448.0 250.0 331.0 451.0 565.0 639.0 534.0 615.0 658.0 566.0 326.0 352.0 181.0 323.0 201.0 266.0 134.0 361.0 255.0 
515.0 619.0 780.0 598.0 814.0 443.0 775.0 450.0 277.0 922.0 249.0 708.0 577.0 332.0 686.0 769.0 560.0 217.0 603.0 141.0 491.0 673.0 258.0 606.0 653.0 555.0 900.0 329.0 317.0 542.0 365.0 198.0 771.0 749.0 898.0 335.0 140.0 0.0 861.0 558.0 48.0 507.0 770.0 415.0 239.0 258.0 761.0 681.0 809.0 222.0 356.0 388.0 678.0 158.0 734.0 272.0 150.0 736.0 843.0 687.0 83.0 548.0 144.0 452.0 517.0 704.0 778.0 673.0 738.0 793.0 705.0 457.0 492.0 314.0 448.0 135.0 131.0 56.0 463.0 394.0 
571.0 583.0 653.0 265.0 610.0 650.0 104.0 412.0 717.0 232.0 1086.0 284.0 881.0 533.0 236.0 436.0 495.0 1058.0 309.0 988.0 598.0 619.0 831.0 336.0 920.0 525.0 418.0 648.0 561.0 841.0 515.0 718.0 754.0 176.0 152.0 527.0 730.0 861.0 0.0 441.0 823.0 874.0 575.0 652.0 860.0 650.0 699.0 722.0 568.0 945.0 506.0 521.0 867.0 1019.0 470.0 668.0 766.0 420.0 564.0 185.0 944.0 725.0 911.0 418.0 546.0 243.0 356.0 270.0 598.0 99.0 236.0 547.0 414.0 614.0 594.0 920.0 992.0 830.0 704.0 514.0 
131.0 175.0 817.0 245.0 807.0 214.0 410.0 265.0 324.0 621.0 806.0 497.0 863.0 270.0 206.0 659.0 61.0 774.0 400.0 650.0 158.0 232.0 658.0 106.0 929.0 577.0 729.0 527.0 257.0 817.0 366.0 509.0 881.0 446.0 556.0 291.0 469.0 558.0 441.0 0.0 511.0 822.0 758.0 222.0 672.0 301.0 838.0 809.0 775.0 725.0 282.0 174.0 907.0 703.0 661.0 505.0 420.0 625.0 792.0 271.0 633.0 736.0 549.0 199.0 106.0 455.0 608.0 446.0 755.0 432.0 451.0 521.0 389.0 471.0 561.0 665.0 678.0 509.0 669.0 414.0 
468.0 572.0 773.0 559.0 805.0 397.0 738.0 412.0 233.0 891.0 296.0 680.0 592.0 291.0 643.0 750.0 513.0 264.0 573.0 169.0 445.0 627.0 276.0 561.0 668.0 540.0 879.0 320.0 273.0 555.0 335.0 190.0 771.0 716.0 864.0 296.0 117.0 48.0 823.0 511.0 0.0 523.0 759.0 369.0 263.0 211.0 758.0 681.0 797.0 259.0 317.0 342.0 688.0 199.0 717.0 261.0 105.0 716.0 830.0 646.0 125.0 551.0 137.0 410.0 470.0 673.0 754.0 643.0 729.0 757.0 674.0 442.0 463.0 297.0 437.0 176.0 173.0 20.0 464.0 370.0 
858.0 961.0 408.0 691.0 469.0 831.0 771.0 572.0 702.0 800.0 512.0 605.0 73.0 562.0 825.0 538.0 860.0 508.0 569.0 612.0 849.0 1025.0 250.0 802.0 147.0 354.0 668.0 297.0 592.0 59.0 458.0 364.0 341.0 703.0 823.0 536.0 445.0 507.0 874.0 822.0 523.0 0.0 448.0 804.0 272.0 621.0 362.0 270.0 488.0 337.0 542.0 670.0 186.0 568.0 488.0 331.0 597.0 524.0 525.0 771.0 534.0 167.0 650.0 629.0 845.0 636.0 596.0 607.0 404.0 777.0 642.0 335.0 485.0 353.0 287.0 407.0 552.0 543.0 172.0 416.0 
854.0 931.0 79.0 529.0 51.0 877.0 488.0 511.0 824.0 413.0 890.0 304.0 413.0 599.0 649.0 141.0 815.0 874.0 363.0 908.0 862.0 990.0 575.0 684.0 416.0 224.0 235.0 441.0 645.0 393.0 476.0 573.0 187.0 408.0 466.0 570.0 644.0 770.0 575.0 758.0 759.0 448.0 0.0 860.0 610.0 725.0 132.0 193.0 42.0 705.0 559.0 684.0 345.0 895.0 108.0 499.0 778.0 157.0 79.0 566.0 834.0 287.0 893.0 578.0 832.0 353.0 221.0 342.0 44.0 482.0 360.0 321.0 382.0 464.0 323.0 737.0 871.0 777.0 340.0 420.0 
116.0 208.0 905.0 419.0 910.0 29.0 606.0 354.0 140.0 809.0 655.0 649.0 860.0 268.0 421.0 789.0 188.0 623.0 537.0 472.0 85.0 259.0 591.0 319.0 933.0 649.0 883.0 518.0 225.0 815.0 395.0 446.0 946.0 625.0 753.0 298.0 377.0 415.0 652.0 222.0 369.0 804.0 860.0 0.0 594.0 186.0 913.0 863.0 886.0 620.0 304.0 177.0 928.0 536.0 777.0 475.0 265.0 753.0 910.0 473.0 476.0 762.0 363.0 295.0 129.0 616.0 755.0 599.0 846.0 628.0 614.0 568.0 480.0 465.0 594.0 543.0 516.0 360.0 681.0 454.0 
671.0 779.0 600.0 622.0 647.0 622.0 761.0 473.0 472.0 859.0 280.0 641.0 343.0 404.0 740.0 648.0 695.0 265.0 561.0 341.0 655.0 839.0 37.0 686.0 418.0 425.0 786.0 217.0 417.0 313.0 354.0 164.0 569.0 713.0 856.0 389.0 217.0 239.0 860.0 672.0 263.0 272.0 610.0 594.0 0.0 410.0 570.0 482.0 652.0 97.0 404.0 501.0 450.0 304.0 604.0 194.0 352.0 621.0 688.0 712.0 263.0 347.0 382.0 508.0 665.0 654.0 679.0 621.0 572.0 774.0 658.0 345.0 448.0 247.0 313.0 140.0 285.0 282.0 273.0 346.0 
265.0 373.0 760.0 387.0 775.0 213.0 578.0 264.0 99.0 758.0 506.0 566.0 679.0 138.0 448.0 677.0 304.0 474.0 451.0 355.0 247.0 431.0 406.0 358.0 754.0 505.0 790.0 343.0 96.0 635.0 250.0 261.0 788.0 573.0 717.0 161.0 193.0 258.0 650.0 301.0 211.0 621.0 725.0 186.0 410.0 0.0 760.0 702.0 756.0 443.0 178.0 138.0 753.0 403.0 657.0 295.0 123.0 642.0 784.0 467.0 333.0 591.0 264.0 234.0 263.0 545.0 660.0 520.0 706.0 599.0 545.0 414.0 363.0 292.0 432.0 373.0 378.0 209.0 507.0 306.0 
922.0 1007.0 58.0 624.0 123.0 933.0 608.0 579.0 858.0 545.0 845.0 421.0 312.0 646.0 752.0 270.0 892.0 833.0 460.0 892.0 926.0 1068.0 536.0 775.0 299.0 266.0 362.0 441.0 690.0 303.0 518.0 569.0 56.0 528.0 595.0 616.0 648.0 761.0 699.0 838.0 758.0 362.0 132.0 913.0 570.0 760.0 0.0 93.0 158.0 659.0 609.0 742.0 226.0 869.0 230.0 499.0 793.0 280.0 187.0 673.0 815.0 224.0 894.0 647.0 902.0 468.0 349.0 452.0 102.0 604.0 475.0 348.0 450.0 477.0 331.0 706.0 847.0 777.0 302.0 460.0 
883.0 974.0 140.0 613.0 203.0 885.0 625.0 546.0 797.0 592.0 754.0 439.0 224.0 596.0 745.0 314.0 860.0 743.0 455.0 809.0 884.0 1036.0 449.0 756.0 223.0 235.0 426.0 370.0 639.0 211.0 469.0 493.0 91.0 547.0 634.0 567.0 575.0 681.0 722.0 809.0 681.0 270.0 193.0 863.0 482.0 702.0 93.0 0.0 230.0 569.0 562.0 698.0 155.0 782.0 267.0 427.0 724.0 315.0 264.0 672.0 732.0 136.0 817.0 614.0 864.0 483.0 389.0 461.0 151.0 624.0 490.0 297.0 422.0 412.0 271.0 619.0 761.0 701.0 219.0 412.0 
875.0 949.0 101.0 542.0 43.0 902.0 485.0 535.0 854.0 393.0 931.0 306.0 451.0 628.0 657.0 134.0 834.0 915.0 377.0 947.0 885.0 1007.0 616.0 698.0 451.0 258.0 204.0 480.0 674.0 432.0 507.0 611.0 211.0 407.0 451.0 600.0 681.0 809.0 568.0 775.0 797.0 488.0 42.0 886.0 652.0 756.0 158.0 230.0 0.0 746.0 587.0 710.0 379.0 935.0 116.0 537.0 812.0 159.0 38.0 573.0 874.0 328.0 930.0 600.0 853.0 356.0 213.0 348.0 85.0 477.0 362.0 356.0 407.0 501.0 361.0 778.0 910.0 814.0 382.0 452.0 
708.0 815.0 692.0 699.0 740.0 648.0 847.0 548.0 488.0 952.0 186.0 734.0 409.0 464.0 812.0 744.0 741.0 175.0 650.0 287.0 689.0 873.0 133.0 749.0 480.0 521.0 882.0 309.0 469.0 386.0 433.0 231.0 654.0 802.0 947.0 453.0 257.0 222.0 945.0 725.0 259.0 337.0 705.0 620.0 97.0 443.0 659.0 569.0 746.0 0.0 470.0 551.0 522.0 234.0 700.0 278.0 361.0 717.0 783.0 790.0 215.0 435.0 352.0 575.0 705.0 745.0 775.0 712.0 666.0 862.0 748.0 440.0 536.0 333.0 408.0 89.0 221.0 275.0 365.0 433.0 
325.0 424.0 601.0 243.0 610.0 324.0 422.0 96.0 273.0 587.0 588.0 389.0 586.0 42.0 343.0 502.0 319.0 558.0 275.0 484.0 323.0 487.0 384.0 283.0 655.0 345.0 612.0 246.0 88.0 540.0 94.0 241.0 643.0 406.0 553.0 22.0 229.0 356.0 506.0 282.0 317.0 542.0 559.0 304.0 404.0 178.0 609.0 562.0 587.0 470.0 0.0 137.0 640.0 514.0 483.0 225.0 272.0 466.0 613.0 333.0 439.0 469.0 416.0 106.0 309.0 371.0 482.0 345.0 543.0 441.0 371.0 265.0 187.0 190.0 296.0 427.0 486.0 326.0 396.0 151.0 
190.0 291.0 731.0 265.0 735.0 193.0 458.0 178.0 197.0 650.0 636.0 477.0 718.0 109.0 312.0 612.0 195.0 604.0 364.0 492.0 187.0 355.0 489.0 221.0 789.0 477.0 710.0 375.0 84.0 673.0 230.0 339.0 778.0 465.0 601.0 137.0 295.0 388.0 521.0 174.0 342.0 670.0 684.0 177.0 501.0 138.0 742.0 698.0 710.0 551.0 137.0 0.0 775.0 538.0 601.0 344.0 260.0 576.0 733.0 337.0 466.0 605.0 400.0 123.0 176.0 448.0 581.0 427.0 672.0 479.0 446.0 401.0 303.0 319.0 433.0 491.0 513.0 343.0 530.0 287.0 
964.0 1062.0 282.0 733.0 348.0 952.0 767.0 644.0 843.0 746.0 698.0 584.0 116.0 668.0 868.0 468.0 953.0 694.0 585.0 791.0 961.0 1125.0 424.0 867.0 75.0 355.0 579.0 411.0 706.0 138.0 548.0 513.0 185.0 691.0 786.0 640.0 596.0 678.0 867.0 907.0 688.0 186.0 345.0 928.0 450.0 753.0 226.0 155.0 379.0 522.0 640.0 775.0 0.0 751.0 420.0 461.0 751.0 467.0 411.0 801.0 713.0 172.0 820.0 709.0 948.0 626.0 541.0 601.0 305.0 769.0 632.0 387.0 531.0 464.0 347.0 588.0 734.0 708.0 248.0 495.0 
645.0 744.0 894.0 756.0 936.0 563.0 932.0 608.0 398.0 1075.0 132.0 859.0 641.0 490.0 842.0 908.0 699.0 105.0 758.0 75.0 618.0 793.0 335.0 758.0 713.0 688.0 1042.0 460.0 472.0 614.0 519.0 335.0 871.0 905.0 1053.0 493.0 294.0 158.0 1019.0 703.0 199.0 568.0 895.0 536.0 304.0 403.0 869.0 782.0 935.0 234.0 514.0 538.0 751.0 0.0 870.0 408.0 284.0 877.0 970.0 844.0 75.0 647.0 183.0 609.0 650.0 858.0 923.0 827.0 859.0 950.0 860.0 594.0 644.0 456.0 577.0 165.0 28.0 196.0 568.0 544.0 
762.0 835.0 184.0 427.0 152.0 792.0 381.0 424.0 754.0 326.0 880.0 196.0 467.0 524.0 543.0 51.0 719.0 861.0 262.0 874.0 773.0 892.0 568.0 583.0 485.0 183.0 185.0 410.0 571.0 438.0 409.0 538.0 285.0 301.0 369.0 497.0 600.0 734.0 470.0 661.0 717.0 488.0 108.0 777.0 604.0 657.0 230.0 267.0 116.0 700.0 483.0 601.0 420.0 870.0 0.0 464.0 722.0 51.0 133.0 460.0 804.0 321.0 847.0 488.0 740.0 245.0 123.0 235.0 129.0 375.0 252.0 277.0 299.0 420.0 295.0 720.0 844.0 734.0 349.0 358.0 
529.0 634.0 513.0 429.0 544.0 501.0 570.0 283.0 382.0 681.0 436.0 463.0 385.0 237.0 551.0 501.0 536.0 412.0 374.0 412.0 519.0 696.0 167.0 503.0 460.0 283.0 635.0 60.0 263.0 341.0 162.0 75.0 517.0 526.0 671.0 214.0 149.0 272.0 668.0 505.0 261.0 331.0 499.0 475.0 194.0 295.0 499.0 427.0 537.0 278.0 225.0 344.0 461.0 408.0 464.0 0.0 297.0 470.0 571.0 520.0 341.0 304.0 397.0 325.0 517.0 470.0 517.0 437.0 468.0 584.0 473.0 187.0 259.0 56.0 177.0 268.0 382.0 280.0 218.0 155.0 
367.0 470.0 801.0 501.0 826.0 293.0 689.0 366.0 128.0 859.0 394.0 657.0 662.0 237.0 569.0 749.0 416.0 362.0 544.0 233.0 342.0 523.0 358.0 480.0 739.0 555.0 870.0 355.0 206.0 622.0 318.0 238.0 813.0 677.0 823.0 252.0 155.0 150.0 766.0 420.0 105.0 597.0 778.0 265.0 352.0 123.0 793.0 724.0 812.0 361.0 272.0 260.0 751.0 284.0 722.0 297.0 0.0 714.0 843.0 584.0 216.0 600.0 146.0 348.0 370.0 642.0 742.0 615.0 752.0 709.0 642.0 458.0 444.0 317.0 464.0 280.0 260.0 96.0 513.0 365.0 
731.0 800.0 234.0 387.0 198.0 766.0 331.0 399.0 738.0 281.0 895.0 148.0 508.0 507.0 499.0 37.0 685.0 874.0 225.0 877.0 743.0 856.0 586.0 543.0 530.0 197.0 166.0 419.0 552.0 476.0 398.0 543.0 336.0 251.0 320.0 481.0 600.0 736.0 420.0 625.0 716.0 524.0 157.0 753.0 621.0 642.0 280.0 315.0 159.0 717.0 466.0 576.0 467.0 877.0 51.0 470.0 714.0 0.0 169.0 414.0 810.0 358.0 844.0 460.0 708.0 198.0 75.0 190.0 179.0 325.0 204.0 284.0 280.0 423.0 310.0 731.0 851.0 732.0 377.0 350.0 
895.0 966.0 130.0 555.0 65.0 925.0 486.0 557.0 882.0 378.0 967.0 313.0 486.0 654.0 666.0 138.0 851.0 951.0 392.0 982.0 906.0 1023.0 653.0 712.0 483.0 291.0 181.0 514.0 700.0 468.0 535.0 645.0 237.0 408.0 440.0 626.0 714.0 843.0 564.0 792.0 830.0 525.0 79.0 910.0 688.0 784.0 187.0 264.0 38.0 783.0 613.0 733.0 411.0 970.0 133.0 571.0 843.0 169.0 0.0 580.0 909.0 365.0 963.0 621.0 872.0 362.0 211.0 357.0 122.0 476.0 368.0 389.0 431.0 533.0 396.0 814.0 946.0 848.0 419.0 482.0 
400.0 431.0 638.0 92.0 611.0 472.0 140.0 244.0 533.0 352.0 920.0 268.0 791.0 356.0 87.0 443.0 330.0 890.0 218.0 810.0 424.0 477.0 686.0 167.0 843.0 446.0 481.0 511.0 380.0 747.0 359.0 560.0 724.0 188.0 286.0 353.0 561.0 687.0 185.0 271.0 646.0 771.0 566.0 473.0 712.0 467.0 673.0 672.0 573.0 790.0 333.0 337.0 801.0 844.0 460.0 520.0 584.0 414.0 580.0 0.0 770.0 641.0 729.0 237.0 375.0 219.0 376.0 225.0 576.0 162.0 213.0 437.0 287.0 468.0 484.0 756.0 817.0 653.0 601.0 373.0 
581.0 683.0 838.0 681.0 877.0 503.0 857.0 533.0 337.0 1002.0 180.0 787.0 606.0 415.0 768.0 841.0 632.0 148.0 684.0 79.0 556.0 734.0 290.0 685.0 681.0 623.0 974.0 396.0 398.0 576.0 445.0 267.0 821.0 831.0 979.0 418.0 220.0 83.0 944.0 633.0 125.0 534.0 834.0 476.0 263.0 333.0 815.0 732.0 874.0 215.0 439.0 466.0 713.0 75.0 804.0 341.0 216.0 810.0 909.0 770.0 0.0 597.0 146.0 534.0 585.0 784.0 853.0 753.0 800.0 876.0 786.0 528.0 571.0 387.0 513.0 130.0 48.0 124.0 515.0 472.0 
794.0 891.0 260.0 569.0 314.0 785.0 622.0 473.0 683.0 636.0 621.0 448.0 157.0 499.0 704.0 371.0 782.0 609.0 428.0 675.0 791.0 954.0 313.0 697.0 203.0 201.0 502.0 250.0 538.0 120.0 377.0 365.0 225.0 551.0 662.0 470.0 448.0 548.0 725.0 736.0 551.0 167.0 287.0 762.0 347.0 591.0 224.0 136.0 328.0 435.0 469.0 605.0 172.0 647.0 321.0 304.0 600.0 358.0 365.0 641.0 597.0 0.0 686.0 538.0 778.0 484.0 431.0 456.0 244.0 627.0 490.0 217.0 363.0 299.0 176.0 483.0 626.0 570.0 88.0 323.0 
475.0 569.0 909.0 647.0 939.0 388.0 834.0 511.0 229.0 1002.0 313.0 796.0 720.0 382.0 711.0 878.0 536.0 283.0 685.0 113.0 446.0 615.0 401.0 619.0 796.0 673.0 1004.0 456.0 351.0 685.0 453.0 326.0 907.0 821.0 968.0 395.0 250.0 144.0 911.0 549.0 137.0 650.0 893.0 363.0 382.0 264.0 894.0 817.0 930.0 352.0 416.0 400.0 820.0 183.0 847.0 397.0 146.0 844.0 963.0 729.0 146.0 686.0 0.0 494.0 484.0 784.0 877.0 756.0 864.0 855.0 785.0 575.0 581.0 430.0 572.0 264.0 169.0 117.0 600.0 494.0 
277.0 361.0 631.0 154.0 628.0 307.0 344.0 69.0 312.0 530.0 689.0 355.0 667.0 120.0 239.0 496.0 247.0 659.0 243.0 573.0 285.0 423.0 488.0 179.0 732.0 383.0 589.0 337.0 143.0 621.0 172.0 346.0 688.0 344.0 484.0 123.0 331.0 452.0 418.0 199.0 410.0 629.0 578.0 295.0 508.0 234.0 647.0 614.0 600.0 575.0 106.0 123.0 709.0 609.0 488.0 325.0 348.0 460.0 621.0 237.0 534.0 538.0 494.0 0.0 256.0 326.0 460.0 305.0 570.0 365.0 324.0 323.0 198.0 283.0 363.0 531.0 582.0 416.0 472.0 217.0 
26.0 117.0 886.0 341.0 882.0 114.0 513.0 323.0 255.0 723.0 763.0 587.0 893.0 284.0 311.0 743.0 59.0 731.0 484.0 591.0 53.0 180.0 656.0 211.0 963.0 637.0 822.0 550.0 255.0 848.0 401.0 506.0 941.0 546.0 660.0 311.0 451.0 517.0 546.0 106.0 470.0 845.0 832.0 129.0 665.0 263.0 902.0 864.0 853.0 705.0 309.0 176.0 948.0 650.0 740.0 517.0 370.0 708.0 872.0 375.0 585.0 778.0 484.0 256.0 0.0 549.0 698.0 536.0 825.0 536.0 545.0 569.0 453.0 494.0 604.0 636.0 628.0 464.0 704.0 456.0 
573.0 627.0 428.0 210.0 395.0 625.0 143.0 282.0 633.0 219.0 904.0 50.0 640.0 409.0 305.0 224.0 516.0 879.0 101.0 841.0 590.0 680.0 621.0 363.0 678.0 284.0 274.0 437.0 450.0 600.0 340.0 532.0 522.0 68.0 202.0 391.0 565.0 704.0 243.0 455.0 673.0 636.0 353.0 616.0 654.0 545.0 468.0 483.0 356.0 745.0 371.0 448.0 626.0 858.0 245.0 470.0 642.0 198.0 362.0 219.0 784.0 484.0 784.0 326.0 549.0 0.0 158.0 33.0 369.0 144.0 7.0 320.0 215.0 415.0 364.0 735.0 830.0 685.0 468.0 318.0 
722.0 782.0 300.0 364.0 255.0 766.0 275.0 405.0 754.0 206.0 949.0 113.0 582.0 523.0 462.0 81.0 669.0 927.0 218.0 918.0 737.0 836.0 644.0 519.0 604.0 259.0 130.0 471.0 567.0 550.0 425.0 589.0 405.0 198.0 247.0 499.0 639.0 778.0 356.0 608.0 754.0 596.0 221.0 755.0 679.0 660.0 349.0 389.0 213.0 775.0 482.0 581.0 541.0 923.0 123.0 517.0 742.0 75.0 211.0 376.0 853.0 431.0 877.0 460.0 698.0 158.0 0.0 163.0 249.0 266.0 164.0 336.0 299.0 467.0 368.0 783.0 896.0 769.0 445.0 385.0 
561.0 620.0 414.0 202.0 386.0 608.0 167.0 257.0 610.0 249.0 872.0 51.0 612.0 384.0 309.0 220.0 507.0 846.0 71.0 811.0 577.0 674.0 589.0 358.0 652.0 255.0 286.0 405.0 425.0 572.0 309.0 500.0 505.0 97.0 235.0 364.0 534.0 673.0 270.0 446.0 643.0 607.0 342.0 599.0 621.0 520.0 452.0 461.0 348.0 712.0 345.0 427.0 601.0 827.0 235.0 437.0 615.0 190.0 357.0 225.0 753.0 456.0 756.0 305.0 536.0 33.0 163.0 0.0 354.0 172.0 37.0 287.0 183.0 383.0 332.0 703.0 799.0 655.0 438.0 286.0 
846.0 927.0 63.0 533.0 77.0 864.0 507.0 502.0 804.0 448.0 851.0 320.0 369.0 582.0 657.0 170.0 811.0 836.0 367.0 875.0 853.0 986.0 536.0 686.0 374.0 201.0 276.0 410.0 628.0 349.0 457.0 542.0 157.0 427.0 495.0 554.0 615.0 738.0 598.0 755.0 729.0 404.0 44.0 846.0 572.0 706.0 102.0 151.0 85.0 666.0 543.0 672.0 305.0 859.0 129.0 468.0 752.0 179.0 122.0 576.0 800.0 244.0 864.0 570.0 825.0 369.0 249.0 354.0 0.0 503.0 375.0 295.0 372.0 437.0 293.0 700.0 836.0 748.0 301.0 400.0 
561.0 591.0 559.0 215.0 519.0 630.0 23.0 346.0 675.0 191.0 1010.0 186.0 783.0 473.0 240.0 344.0 491.0 983.0 216.0 925.0 584.0 635.0 744.0 328.0 822.0 427.0 346.0 560.0 506.0 743.0 437.0 639.0 659.0 78.0 125.0 463.0 658.0 793.0 99.0 432.0 757.0 777.0 482.0 628.0 774.0 599.0 604.0 624.0 477.0 862.0 441.0 479.0 769.0 950.0 375.0 584.0 709.0 325.0 476.0 162.0 876.0 627.0 855.0 365.0 536.0 144.0 266.0 172.0 503.0 0.0 138.0 453.0 327.0 529.0 499.0 842.0 923.0 766.0 608.0 429.0 
569.0 623.0 434.0 206.0 402.0 622.0 136.0 281.0 632.0 218.0 907.0 57.0 646.0 409.0 300.0 230.0 512.0 881.0 102.0 843.0 587.0 675.0 625.0 358.0 685.0 290.0 278.0 441.0 449.0 606.0 341.0 535.0 529.0 62.0 199.0 391.0 566.0 705.0 236.0 451.0 674.0 642.0 360.0 614.0 658.0 545.0 475.0 490.0 362.0 748.0 371.0 446.0 632.0 860.0 252.0 473.0 642.0 204.0 368.0 213.0 786.0 490.0 785.0 324.0 545.0 7.0 164.0 37.0 375.0 138.0 0.0 324.0 217.0 418.0 369.0 738.0 832.0 686.0 474.0 320.0 
587.0 680.0 347.0 358.0 369.0 589.0 444.0 257.0 512.0 515.0 613.0 300.0 358.0 300.0 493.0 315.0 569.0 592.0 239.0 598.0 587.0 743.0 310.0 481.0 416.0 99.0 450.0 136.0 344.0 313.0 173.0 261.0 379.0 383.0 518.0 271.0 326.0 457.0 547.0 521.0 442.0 335.0 321.0 568.0 345.0 414.0 348.0 297.0 356.0 440.0 265.0 401.0 387.0 594.0 277.0 187.0 458.0 284.0 389.0 437.0 528.0 217.0 575.0 323.0 569.0 320.0 336.0 287.0 295.0 453.0 324.0 0.0 151.0 145.0 49.0 448.0 568.0 459.0 165.0 115.0 
474.0 558.0 433.0 207.0 432.0 496.0 313.0 131.0 459.0 431.0 691.0 217.0 508.0 228.0 343.0 315.0 443.0 665.0 116.0 630.0 481.0 619.0 418.0 337.0 565.0 188.0 429.0 235.0 274.0 464.0 129.0 318.0 492.0 268.0 414.0 202.0 352.0 492.0 414.0 389.0 463.0 485.0 382.0 480.0 448.0 363.0 450.0 422.0 407.0 536.0 187.0 303.0 531.0 644.0 299.0 259.0 444.0 280.0 431.0 287.0 571.0 363.0 581.0 198.0 453.0 215.0 299.0 183.0 372.0 327.0 217.0 151.0 0.0 204.0 199.0 522.0 617.0 476.0 315.0 105.0 
507.0 609.0 485.0 378.0 511.0 489.0 515.0 236.0 386.0 627.0 490.0 409.0 400.0 210.0 503.0 455.0 507.0 466.0 318.0 455.0 501.0 673.0 219.0 461.0 472.0 243.0 587.0 57.0 244.0 355.0 114.0 122.0 500.0 471.0 616.0 184.0 181.0 314.0 614.0 471.0 297.0 353.0 464.0 465.0 247.0 292.0 477.0 412.0 501.0 333.0 190.0 319.0 464.0 456.0 420.0 56.0 317.0 423.0 533.0 468.0 387.0 299.0 430.0 283.0 494.0 415.0 467.0 383.0 437.0 529.0 418.0 145.0 204.0 0.0 147.0 322.0 430.0 315.0 217.0 100.0 
621.0 716.0 339.0 405.0 368.0 616.0 491.0 299.0 528.0 554.0 586.0 341.0 311.0 328.0 540.0 337.0 607.0 567.0 286.0 586.0 619.0 780.0 277.0 526.0 372.0 114.0 475.0 119.0 370.0 266.0 203.0 250.0 357.0 429.0 561.0 299.0 323.0 448.0 594.0 561.0 437.0 287.0 323.0 594.0 313.0 432.0 331.0 271.0 361.0 408.0 296.0 433.0 347.0 577.0 295.0 177.0 464.0 310.0 396.0 484.0 513.0 176.0 572.0 363.0 604.0 364.0 368.0 332.0 293.0 499.0 369.0 49.0 199.0 147.0 0.0 425.0 551.0 455.0 117.0 148.0 
637.0 743.0 733.0 665.0 777.0 571.0 826.0 513.0 408.0 948.0 169.0 730.0 480.0 414.0 769.0 760.0 675.0 145.0 637.0 206.0 615.0 799.0 171.0 699.0 553.0 538.0 897.0 313.0 411.0 451.0 406.0 204.0 707.0 788.0 935.0 408.0 201.0 135.0 920.0 665.0 176.0 407.0 737.0 543.0 140.0 373.0 706.0 619.0 778.0 89.0 427.0 491.0 588.0 165.0 720.0 268.0 280.0 731.0 814.0 756.0 130.0 483.0 264.0 531.0 636.0 735.0 783.0 703.0 700.0 842.0 738.0 448.0 522.0 322.0 425.0 0.0 146.0 190.0 405.0 418.0 
623.0 723.0 871.0 729.0 912.0 542.0 905.0 580.0 377.0 1047.0 144.0 832.0 624.0 462.0 815.0 882.0 676.0 114.0 730.0 71.0 597.0 773.0 315.0 732.0 697.0 662.0 1016.0 434.0 445.0 597.0 492.0 309.0 850.0 877.0 1026.0 465.0 266.0 131.0 992.0 678.0 173.0 552.0 871.0 516.0 285.0 378.0 847.0 761.0 910.0 221.0 486.0 513.0 734.0 28.0 844.0 382.0 260.0 851.0 946.0 817.0 48.0 626.0 169.0 582.0 628.0 830.0 896.0 799.0 836.0 923.0 832.0 568.0 617.0 430.0 551.0 146.0 0.0 170.0 545.0 517.0 
462.0 565.0 792.0 566.0 823.0 388.0 747.0 421.0 222.0 903.0 299.0 693.0 611.0 298.0 647.0 766.0 509.0 267.0 585.0 159.0 437.0 618.0 295.0 563.0 688.0 557.0 894.0 339.0 277.0 575.0 348.0 209.0 791.0 727.0 875.0 305.0 134.0 56.0 830.0 509.0 20.0 543.0 777.0 360.0 282.0 209.0 777.0 701.0 814.0 275.0 326.0 343.0 708.0 196.0 734.0 280.0 96.0 732.0 848.0 653.0 124.0 570.0 117.0 416.0 464.0 685.0 769.0 655.0 748.0 766.0 686.0 459.0 476.0 315.0 455.0 190.0 170.0 0.0 484.0 384.0 
719.0 819.0 328.0 522.0 375.0 705.0 601.0 411.0 598.0 643.0 551.0 440.0 196.0 422.0 657.0 397.0 712.0 537.0 399.0 592.0 715.0 882.0 238.0 640.0 261.0 190.0 534.0 165.0 459.0 150.0 305.0 278.0 309.0 535.0 659.0 394.0 361.0 463.0 704.0 669.0 464.0 172.0 340.0 681.0 273.0 507.0 302.0 219.0 382.0 365.0 396.0 530.0 248.0 568.0 349.0 218.0 513.0 377.0 419.0 601.0 515.0 88.0 600.0 472.0 704.0 468.0 445.0 438.0 301.0 608.0 474.0 165.0 315.0 217.0 117.0 405.0 545.0 484.0 0.0 256.0 
473.0 569.0 456.0 286.0 470.0 474.0 415.0 157.0 404.0 533.0 587.0 316.0 451.0 186.0 415.0 385.0 459.0 561.0 220.0 535.0 473.0 632.0 317.0 386.0 516.0 200.0 510.0 138.0 231.0 405.0 59.0 215.0 493.0 372.0 518.0 157.0 255.0 394.0 514.0 414.0 370.0 416.0 420.0 454.0 346.0 306.0 460.0 412.0 452.0 433.0 151.0 287.0 495.0 544.0 358.0 155.0 365.0 350.0 482.0 373.0 472.0 323.0 494.0 217.0 456.0 318.0 385.0 286.0 400.0 429.0 320.0 115.0 105.0 100.0 148.0 418.0 517.0 384.0 256.0 0.0 
