125 0.0 5
1 897 149
2 115 279
3 415 547
4 576 925
5 317 382
6 272 909
7 202 739
8 254 770
9 889 53
10 741 638
11 112 791
12 608 853
13 122 970
14 876 666
15 439 648
16 279 256
17 861 966
18 567 520
19 362 286
20 913 979
21 518 659
22 290 941
23 686 686
24 957 773
25 997 599
26 388 135
27 449 107
28 491 408
29 666 778
30 493 271
31 837 597
32 895 94
33 780 935
34 8 76
35 245 302
36 506 959
37 579 919
38 323 723
39 394 377
40 431 93
41 722 139
42 71 772
43 392 577
44 805 668
45 906 101
46 700 848
47 174 24
48 455 701
49 189 285
50 687 460
51 175 853
52 933 168
53 393 575
54 898 24
55 175 129
56 862 904
57 961 667
58 810 704
59 415 247
60 395 477
61 116 396
62 931 990
63 472 937
64 14 445
65 74 438
66 125 490
67 67 604
68 548 269
69 966 550
70 60 864
71 960 580
72 691 218
73 488 505
74 958 788
75 559 232
76 903 423
77 888 305
78 111 801
79 141 116
80 650 664
81 81 424
82 614 62
83 729 823
84 807 855
85 105 761
86 767 652
87 716 596
88 706 387
89 245 916
90 958 580
91 409 686
92 174 498
93 300 653
94 894 312
95 13 690
96 569 740
97 528 131
98 401 527
99 243 547
100 264 754
101 475 151
102 832 963
103 707 961
104 232 101
105 214 530
106 221 673
107 995 815
108 799 592
109 309 534
110 895 772
111 491 345
112 270 183
113 337 395
114 62 722
115 923 912
116 200 299
117 139 607
118 651 559
119 451 379
120 822 93
121 566 860
122 666 776
123 511 495
124 776 690
125 388 342
opening costs
712 218 816 516 331 903 65 454 690 1 403 134 734 127 282 602 213 258 521 604 942 931 929 810 738 757 661 796 705 306 26 856 456 932 410 7 626 42 38 2 530 430 763 706 128 344 488 808 198 147 823 287 465 509 810 41 235 406 64 175 895 210 223 784 490 250 942 535 574 554 196 80 93 330 554 164 41 466 987 896 748 408 266 292 677 691 434 697 561 909 295 455 463 255 670 675 537 833 727 676 552 580 798 357 717 110 69 102 545 926 604 110 652 806 794 1000 560 403 988 401 928 385 169 876 552 
star costs
0.0 793.0 626.0 840.0 626.0 984.0 912.0 894.0 97.0 514.0 1015.0 762.0 1130.0 518.0 678.0 628.0 818.0 497.0 553.0 831.0 636.0 998.0 577.0 627.0 461.0 510.0 450.0 482.0 671.0 423.0 452.0 56.0 795.0 892.0 670.0 900.0 834.0 812.0 553.0 470.0 176.0 1035.0 662.0 528.0 49.0 727.0 734.0 708.0 721.0 376.0 1009.0 41.0 660.0 126.0 723.0 756.0 522.0 562.0 492.0 600.0 820.0 842.0 896.0 932.0 873.0 844.0 947.0 370.0 407.0 1101.0 436.0 218.0 543.0 642.0 349.0 275.0 157.0 1022.0 757.0 572.0 862.0 297.0 695.0 712.0 1001.0 520.0 483.0 306.0 1007.0 436.0 726.0 803.0 782.0 164.0 1037.0 676.0 370.0 624.0 766.0 876.0 423.0 817.0 834.0 667.0 783.0 856.0 674.0 454.0 703.0 624.0 451.0 628.0 612.0 1013.0 764.0 713.0 886.0 479.0 502.0 94.0 785.0 669.0 519.0 555.0 545.0 
793.0 0.0 403.0 794.0 227.0 650.0 469.0 511.0 807.0 722.0 513.0 757.0 692.0 854.0 492.0 166.0 1015.0 513.0 248.0 1062.0 554.0 685.0 702.0 977.0 939.0 309.0 376.0 398.0 744.0 379.0 789.0 802.0 935.0 230.0 133.0 785.0 791.0 491.0 296.0 367.0 623.0 495.0 407.0 793.0 811.0 817.0 262.0 542.0 75.0 600.0 578.0 826.0 407.0 824.0 162.0 974.0 931.0 815.0 302.0 343.0 118.0 1083.0 749.0 195.0 165.0 212.0 329.0 434.0 894.0 588.0 898.0 580.0 437.0 985.0 447.0 802.0 774.0 523.0 166.0 660.0 149.0 545.0 821.0 901.0 483.0 752.0 680.0 601.0 651.0 896.0 503.0 227.0 418.0 780.0 424.0 648.0 439.0 379.0 297.0 498.0 383.0 991.0 904.0 214.0 270.0 409.0 1031.0 753.0 321.0 923.0 382.0 183.0 251.0 447.0 1027.0 88.0 329.0 605.0 351.0 732.0 736.0 743.0 452.0 779.0 281.0 
626.0 403.0 0.0 411.0 192.0 390.0 287.0 276.0 685.0 339.0 390.0 362.0 515.0 477.0 104.0 322.0 612.0 155.0 267.0 660.0 153.0 414.0 305.0 588.0 585.0 413.0 442.0 159.0 342.0 287.0 425.0 661.0 533.0 623.0 299.0 422.0 407.0 199.0 172.0 455.0 511.0 412.0 38.0 409.0 664.0 415.0 576.0 160.0 347.0 286.0 389.0 642.0 36.0 712.0 482.0 573.0 560.0 426.0 300.0 73.0 335.0 681.0 395.0 414.0 358.0 296.0 353.0 309.0 552.0 476.0 546.0 430.0 85.0 595.0 347.0 504.0 532.0 397.0 511.0 263.0 356.0 525.0 419.0 499.0 377.0 368.0 305.0 333.0 407.0 545.0 140.0 246.0 157.0 534.0 427.0 247.0 432.0 25.0 172.0 257.0 401.0 590.0 507.0 483.0 202.0 232.0 639.0 387.0 107.0 531.0 216.0 392.0 171.0 394.0 626.0 329.0 283.0 237.0 172.0 610.0 348.0 340.0 110.0 389.0 207.0 
840.0 794.0 411.0 0.0 602.0 305.0 418.0 358.0 927.0 332.0 483.0 79.0 457.0 397.0 310.0 732.0 288.0 406.0 674.0 342.0 273.0 287.0 264.0 411.0 533.0 813.0 828.0 524.0 173.0 660.0 420.0 891.0 205.0 1022.0 706.0 78.0 7.0 324.0 578.0 845.0 800.0 528.0 394.0 345.0 888.0 146.0 987.0 255.0 748.0 479.0 408.0 837.0 395.0 957.0 892.0 287.0 464.0 322.0 697.0 484.0 702.0 361.0 105.0 740.0 700.0 627.0 602.0 657.0 542.0 520.0 517.0 717.0 430.0 406.0 694.0 600.0 695.0 482.0 919.0 272.0 705.0 864.0 184.0 242.0 499.0 334.0 358.0 554.0 332.0 515.0 292.0 587.0 388.0 691.0 611.0 186.0 796.0 435.0 504.0 356.0 781.0 259.0 136.0 893.0 536.0 436.0 434.0 401.0 474.0 354.0 587.0 803.0 582.0 553.0 348.0 731.0 541.0 374.0 561.0 868.0 66.0 175.0 435.0 309.0 613.0 
626.0 227.0 192.0 602.0 0.0 529.0 376.0 394.0 660.0 496.0 458.0 554.0 620.0 628.0 293.0 132.0 799.0 286.0 107.0 844.0 343.0 560.0 479.0 750.0 714.0 258.0 306.0 176.0 528.0 209.0 563.0 646.0 722.0 435.0 108.0 608.0 598.0 342.0 78.0 311.0 473.0 462.0 209.0 566.0 653.0 604.0 386.0 348.0 161.0 379.0 492.0 653.0 208.0 683.0 291.0 755.0 705.0 589.0 167.0 123.0 202.0 865.0 577.0 310.0 250.0 221.0 335.0 258.0 671.0 547.0 673.0 409.0 211.0 759.0 285.0 588.0 577.0 467.0 319.0 437.0 240.0 437.0 604.0 682.0 435.0 525.0 453.0 390.0 539.0 671.0 318.0 185.0 272.0 582.0 433.0 438.0 328.0 168.0 181.0 376.0 280.0 777.0 699.0 294.0 181.0 307.0 805.0 526.0 153.0 698.0 178.0 205.0 24.0 425.0 806.0 144.0 287.0 379.0 135.0 582.0 539.0 527.0 225.0 553.0 82.0 
984.0 650.0 390.0 305.0 529.0 0.0 184.0 141.0 1056.0 542.0 199.0 341.0 162.0 652.0 310.0 654.0 592.0 489.0 630.0 645.0 351.0 37.0 471.0 699.0 789.0 783.0 822.0 547.0 416.0 676.0 646.0 1026.0 509.0 874.0 608.0 240.0 308.0 193.0 546.0 832.0 892.0 244.0 354.0 585.0 1028.0 433.0 891.0 278.0 630.0 612.0 113.0 993.0 356.0 1085.0 787.0 591.0 731.0 576.0 678.0 450.0 537.0 664.0 202.0 531.0 511.0 445.0 368.0 697.0 782.0 217.0 763.0 809.0 459.0 697.0 736.0 797.0 863.0 194.0 804.0 451.0 522.0 914.0 466.0 538.0 224.0 558.0 544.0 679.0 28.0 761.0 262.0 423.0 258.0 863.0 340.0 342.0 820.0 404.0 364.0 156.0 785.0 563.0 439.0 809.0 384.0 242.0 730.0 615.0 377.0 638.0 606.0 727.0 519.0 282.0 652.0 615.0 330.0 516.0 560.0 985.0 299.0 416.0 479.0 550.0 579.0 
912.0 469.0 287.0 418.0 376.0 184.0 0.0 61.0 971.0 549.0 104.0 422.0 245.0 678.0 254.0 490.0 698.0 426.0 481.0 751.0 326.0 221.0 487.0 756.0 808.0 632.0 679.0 440.0 466.0 552.0 651.0 947.0 611.0 691.0 440.0 376.0 418.0 123.0 410.0 686.0 794.0 136.0 250.0 608.0 951.0 510.0 716.0 256.0 455.0 560.0 118.0 928.0 252.0 998.0 611.0 681.0 763.0 610.0 537.0 326.0 354.0 772.0 335.0 349.0 328.0 261.0 191.0 584.0 788.0 190.0 775.0 715.0 370.0 758.0 621.0 769.0 812.0 111.0 626.0 455.0 338.0 793.0 534.0 617.0 100.0 572.0 534.0 615.0 183.0 773.0 214.0 243.0 131.0 814.0 196.0 368.0 690.0 291.0 197.0 64.0 649.0 669.0 552.0 639.0 210.0 69.0 797.0 615.0 232.0 694.0 489.0 561.0 370.0 142.0 742.0 441.0 147.0 484.0 438.0 896.0 384.0 466.0 394.0 577.0 439.0 
894.0 511.0 276.0 358.0 394.0 141.0 61.0 0.0 958.0 505.0 144.0 364.0 240.0 631.0 222.0 515.0 638.0 401.0 496.0 692.0 287.0 175.0 441.0 704.0 763.0 649.0 692.0 433.0 413.0 554.0 609.0 932.0 552.0 737.0 469.0 315.0 358.0 84.0 418.0 700.0 786.0 184.0 238.0 561.0 935.0 453.0 751.0 213.0 490.0 533.0 115.0 908.0 240.0 986.0 646.0 623.0 715.0 560.0 548.0 326.0 399.0 712.0 275.0 405.0 378.0 309.0 251.0 581.0 746.0 216.0 732.0 705.0 354.0 705.0 619.0 736.0 787.0 147.0 664.0 410.0 387.0 795.0 478.0 560.0 150.0 527.0 494.0 593.0 147.0 730.0 177.0 284.0 126.0 787.0 254.0 317.0 696.0 285.0 224.0 19.0 658.0 610.0 492.0 670.0 244.0 103.0 743.0 574.0 243.0 642.0 487.0 588.0 385.0 198.0 684.0 475.0 200.0 450.0 438.0 884.0 325.0 413.0 377.0 529.0 449.0 
97.0 807.0 685.0 927.0 660.0 1056.0 971.0 958.0 0.0 604.0 1072.0 848.0 1196.0 614.0 747.0 643.0 914.0 568.0 577.0 927.0 711.0 1072.0 665.0 724.0 557.0 508.0 444.0 534.0 759.0 453.0 547.0 42.0 889.0 882.0 691.0 984.0 920.0 878.0 592.0 460.0 188.0 1090.0 723.0 621.0 51.0 818.0 716.0 780.0 738.0 455.0 1073.0 124.0 721.0 31.0 719.0 852.0 619.0 656.0 513.0 652.0 846.0 938.0 978.0 959.0 902.0 881.0 990.0 404.0 503.0 1160.0 532.0 258.0 605.0 739.0 376.0 371.0 253.0 1080.0 751.0 657.0 890.0 276.0 787.0 807.0 1057.0 612.0 570.0 381.0 1077.0 532.0 795.0 843.0 841.0 260.0 1084.0 758.0 370.0 681.0 814.0 940.0 426.0 912.0 927.0 659.0 827.0 912.0 770.0 547.0 754.0 720.0 494.0 633.0 650.0 1064.0 860.0 732.0 933.0 560.0 547.0 79.0 870.0 757.0 582.0 647.0 579.0 
514.0 722.0 339.0 332.0 496.0 542.0 549.0 505.0 604.0 0.0 648.0 253.0 703.0 138.0 303.0 600.0 350.0 211.0 518.0 382.0 224.0 544.0 73.0 255.0 259.0 615.0 606.0 340.0 159.0 443.0 105.0 566.0 300.0 924.0 600.0 398.0 325.0 427.0 435.0 627.0 500.0 684.0 355.0 71.0 562.0 214.0 836.0 293.0 656.0 187.0 606.0 508.0 354.0 634.0 762.0 293.0 222.0 96.0 510.0 382.0 671.0 401.0 403.0 753.0 697.0 634.0 675.0 417.0 242.0 718.0 227.0 423.0 286.0 264.0 445.0 270.0 365.0 651.0 796.0 95.0 694.0 590.0 186.0 227.0 648.0 30.0 49.0 254.0 569.0 225.0 336.0 585.0 442.0 361.0 730.0 200.0 550.0 358.0 507.0 491.0 555.0 338.0 325.0 740.0 538.0 522.0 310.0 75.0 445.0 205.0 386.0 655.0 472.0 685.0 329.0 639.0 603.0 120.0 389.0 551.0 283.0 158.0 271.0 63.0 461.0 
1015.0 513.0 390.0 483.0 458.0 199.0 104.0 144.0 1072.0 648.0 0.0 500.0 180.0 775.0 357.0 561.0 770.0 530.0 564.0 823.0 427.0 233.0 584.0 846.0 906.0 712.0 763.0 539.0 555.0 645.0 751.0 1049.0 684.0 723.0 507.0 429.0 485.0 222.0 501.0 768.0 893.0 46.0 353.0 704.0 1052.0 591.0 770.0 355.0 512.0 664.0 89.0 1031.0 355.0 1099.0 665.0 759.0 859.0 704.0 623.0 423.0 396.0 843.0 389.0 360.0 356.0 302.0 193.0 681.0 888.0 90.0 874.0 815.0 473.0 847.0 716.0 873.0 916.0 11.0 676.0 553.0 369.0 886.0 618.0 698.0 31.0 670.0 635.0 719.0 183.0 872.0 316.0 300.0 234.0 918.0 142.0 460.0 781.0 392.0 277.0 157.0 736.0 741.0 619.0 701.0 281.0 161.0 884.0 716.0 324.0 784.0 586.0 629.0 456.0 86.0 820.0 500.0 186.0 587.0 534.0 996.0 460.0 555.0 497.0 672.0 528.0 
762.0 757.0 362.0 79.0 554.0 341.0 422.0 364.0 848.0 253.0 500.0 0.0 500.0 327.0 266.0 682.0 278.0 336.0 619.0 331.0 214.0 330.0 185.0 359.0 465.0 751.0 763.0 461.0 95.0 594.0 344.0 812.0 191.0 982.0 660.0 148.0 73.0 314.0 522.0 781.0 724.0 544.0 351.0 271.0 809.0 93.0 936.0 216.0 706.0 401.0 433.0 759.0 352.0 879.0 844.0 260.0 400.0 252.0 636.0 433.0 672.0 351.0 160.0 721.0 677.0 605.0 596.0 588.0 470.0 549.0 446.0 641.0 369.0 356.0 623.0 522.0 616.0 500.0 873.0 194.0 680.0 792.0 125.0 200.0 512.0 257.0 279.0 477.0 369.0 444.0 260.0 561.0 368.0 612.0 617.0 120.0 727.0 387.0 477.0 358.0 715.0 250.0 147.0 841.0 510.0 427.0 389.0 324.0 438.0 299.0 522.0 751.0 533.0 562.0 321.0 689.0 530.0 298.0 500.0 790.0 43.0 97.0 371.0 235.0 557.0 
1130.0 692.0 515.0 457.0 620.0 162.0 245.0 240.0 1196.0 703.0 180.0 500.0 0.0 813.0 452.0 732.0 740.0 633.0 725.0 792.0 504.0 171.0 632.0 858.0 951.0 877.0 923.0 673.0 577.0 792.0 807.0 1169.0 659.0 902.0 680.0 385.0 460.0 319.0 653.0 930.0 1025.0 205.0 477.0 747.0 1171.0 591.0 948.0 429.0 689.0 762.0 129.0 1141.0 480.0 1224.0 843.0 743.0 893.0 738.0 781.0 564.0 575.0 810.0 352.0 536.0 535.0 481.0 371.0 821.0 943.0 123.0 925.0 944.0 592.0 856.0 858.0 954.0 1015.0 170.0 855.0 611.0 548.0 1033.0 625.0 695.0 210.0 720.0 702.0 826.0 135.0 923.0 404.0 475.0 364.0 1015.0 301.0 503.0 933.0 524.0 440.0 259.0 892.0 711.0 586.0 876.0 450.0 314.0 887.0 776.0 475.0 798.0 726.0 801.0 614.0 256.0 804.0 676.0 364.0 670.0 677.0 1123.0 458.0 578.0 614.0 712.0 683.0 
518.0 854.0 477.0 397.0 628.0 652.0 678.0 631.0 614.0 138.0 775.0 327.0 813.0 0.0 438.0 725.0 301.0 342.0 640.0 316.0 359.0 648.0 192.0 135.0 139.0 722.0 704.0 464.0 238.0 551.0 80.0 573.0 286.0 1050.0 729.0 472.0 391.0 556.0 563.0 726.0 550.0 812.0 493.0 72.0 566.0 254.0 952.0 423.0 786.0 280.0 726.0 502.0 492.0 643.0 884.0 239.0 86.0 77.0 623.0 517.0 807.0 329.0 487.0 890.0 834.0 772.0 812.0 515.0 147.0 840.0 121.0 485.0 421.0 147.0 538.0 245.0 362.0 777.0 919.0 227.0 832.0 659.0 216.0 202.0 777.0 110.0 175.0 327.0 679.0 119.0 468.0 722.0 577.0 355.0 864.0 316.0 639.0 495.0 645.0 619.0 653.0 301.0 340.0 857.0 676.0 656.0 191.0 107.0 583.0 108.0 502.0 775.0 604.0 816.0 251.0 770.0 740.0 250.0 513.0 576.0 366.0 238.0 404.0 103.0 586.0 
678.0 492.0 104.0 310.0 293.0 310.0 254.0 222.0 747.0 303.0 357.0 266.0 452.0 438.0 0.0 424.0 529.0 182.0 371.0 579.0 80.0 329.0 250.0 533.0 561.0 516.0 542.0 246.0 262.0 381.0 402.0 718.0 446.0 717.0 397.0 319.0 306.0 139.0 275.0 556.0 583.0 389.0 86.0 367.0 720.0 329.0 678.0 56.0 441.0 312.0 335.0 689.0 87.0 775.0 583.0 495.0 523.0 376.0 402.0 177.0 410.0 600.0 291.0 471.0 422.0 352.0 375.0 395.0 537.0 437.0 526.0 499.0 152.0 538.0 433.0 516.0 566.0 362.0 610.0 212.0 423.0 612.0 339.0 423.0 353.0 329.0 282.0 374.0 331.0 524.0 49.0 305.0 140.0 566.0 429.0 160.0 525.0 127.0 221.0 205.0 499.0 504.0 413.0 585.0 255.0 220.0 581.0 365.0 173.0 473.0 308.0 495.0 273.0 385.0 552.0 423.0 303.0 230.0 270.0 675.0 248.0 261.0 170.0 340.0 311.0 
628.0 166.0 322.0 732.0 132.0 654.0 490.0 515.0 643.0 600.0 561.0 682.0 732.0 725.0 424.0 0.0 919.0 391.0 89.0 962.0 469.0 686.0 593.0 853.0 796.0 163.0 227.0 261.0 650.0 215.0 654.0 637.0 844.0 326.0 58.0 739.0 728.0 470.0 167.0 223.0 459.0 557.0 341.0 669.0 646.0 727.0 255.0 479.0 95.0 457.0 606.0 660.0 339.0 662.0 165.0 872.0 797.0 695.0 137.0 250.0 215.0 982.0 708.0 326.0 275.0 281.0 408.0 270.0 748.0 647.0 755.0 414.0 326.0 863.0 282.0 646.0 611.0 571.0 197.0 552.0 260.0 388.0 724.0 799.0 535.0 629.0 554.0 447.0 661.0 753.0 450.0 264.0 398.0 618.0 510.0 565.0 279.0 298.0 294.0 499.0 223.0 898.0 825.0 162.0 282.0 422.0 909.0 620.0 280.0 804.0 230.0 74.0 151.0 515.0 920.0 90.0 378.0 480.0 212.0 567.0 669.0 649.0 334.0 660.0 139.0 
818.0 1015.0 612.0 288.0 799.0 592.0 698.0 638.0 914.0 350.0 770.0 278.0 740.0 301.0 529.0 919.0 0.0 535.0 844.0 54.0 461.0 572.0 331.0 216.0 392.0 957.0 953.0 670.0 271.0 787.0 370.0 873.0 87.0 1233.0 906.0 356.0 286.0 591.0 752.0 974.0 839.0 814.0 610.0 304.0 867.0 200.0 1166.0 485.0 957.0 536.0 696.0 802.0 610.0 943.0 1083.0 63.0 316.0 267.0 847.0 676.0 939.0 74.0 391.0 995.0 948.0 877.0 873.0 765.0 430.0 808.0 399.0 768.0 594.0 203.0 794.0 545.0 662.0 768.0 1114.0 369.0 950.0 938.0 195.0 124.0 784.0 328.0 398.0 600.0 619.0 399.0 532.0 832.0 643.0 655.0 892.0 370.0 899.0 636.0 747.0 634.0 902.0 30.0 155.0 1070.0 781.0 704.0 202.0 380.0 701.0 197.0 723.0 982.0 775.0 836.0 83.0 940.0 807.0 458.0 717.0 874.0 314.0 273.0 587.0 289.0 784.0 
497.0 513.0 155.0 406.0 286.0 489.0 426.0 401.0 568.0 211.0 530.0 336.0 633.0 342.0 182.0 391.0 535.0 0.0 312.0 575.0 148.0 504.0 205.0 465.0 438.0 425.0 430.0 136.0 277.0 260.0 281.0 538.0 467.0 714.0 389.0 444.0 400.0 318.0 225.0 449.0 412.0 557.0 185.0 281.0 539.0 354.0 633.0 213.0 446.0 135.0 515.0 508.0 183.0 597.0 554.0 485.0 421.0 305.0 313.0 178.0 468.0 595.0 428.0 559.0 500.0 444.0 508.0 252.0 401.0 613.0 398.0 327.0 81.0 475.0 289.0 350.0 387.0 536.0 588.0 167.0 496.0 461.0 344.0 413.0 522.0 240.0 168.0 193.0 511.0 396.0 230.0 394.0 299.0 388.0 580.0 221.0 391.0 167.0 326.0 383.0 381.0 517.0 463.0 537.0 354.0 379.0 520.0 243.0 259.0 414.0 191.0 450.0 262.0 544.0 530.0 429.0 437.0 93.0 183.0 498.0 341.0 275.0 62.0 270.0 253.0 
553.0 248.0 267.0 674.0 107.0 630.0 481.0 496.0 577.0 518.0 564.0 619.0 725.0 640.0 371.0 89.0 844.0 312.0 0.0 886.0 405.0 659.0 515.0 769.0 708.0 154.0 200.0 178.0 579.0 132.0 568.0 567.0 772.0 412.0 119.0 689.0 670.0 439.0 97.0 205.0 389.0 567.0 293.0 585.0 575.0 656.0 323.0 426.0 174.0 369.0 598.0 584.0 291.0 597.0 245.0 795.0 710.0 613.0 66.0 194.0 270.0 906.0 661.0 383.0 326.0 313.0 434.0 187.0 660.0 653.0 667.0 336.0 253.0 780.0 205.0 559.0 527.0 573.0 279.0 476.0 314.0 338.0 651.0 723.0 541.0 546.0 471.0 359.0 641.0 665.0 403.0 284.0 373.0 533.0 534.0 499.0 228.0 245.0 287.0 479.0 177.0 825.0 759.0 227.0 286.0 412.0 825.0 534.0 254.0 722.0 142.0 139.0 112.0 530.0 841.0 163.0 391.0 398.0 129.0 499.0 610.0 577.0 257.0 579.0 62.0 
831.0 1062.0 660.0 342.0 844.0 645.0 751.0 692.0 927.0 382.0 823.0 331.0 792.0 316.0 579.0 962.0 54.0 575.0 886.0 0.0 509.0 625.0 371.0 211.0 390.0 994.0 988.0 711.0 319.0 824.0 390.0 886.0 141.0 1279.0 952.0 408.0 340.0 644.0 795.0 1009.0 862.0 868.0 659.0 330.0 879.0 251.0 1208.0 536.0 1003.0 567.0 749.0 812.0 659.0 956.0 1126.0 91.0 316.0 294.0 886.0 722.0 988.0 22.0 443.0 1046.0 999.0 928.0 926.0 799.0 433.0 861.0 402.0 793.0 637.0 197.0 827.0 557.0 675.0 822.0 1158.0 411.0 1001.0 965.0 242.0 164.0 837.0 359.0 431.0 628.0 671.0 402.0 583.0 882.0 695.0 668.0 946.0 419.0 932.0 683.0 798.0 687.0 937.0 83.0 207.0 1112.0 831.0 757.0 184.0 404.0 751.0 208.0 762.0 1024.0 821.0 889.0 68.0 986.0 859.0 496.0 758.0 891.0 367.0 320.0 630.0 320.0 826.0 
636.0 554.0 153.0 273.0 343.0 351.0 326.0 287.0 711.0 224.0 427.0 214.0 504.0 359.0 80.0 469.0 461.0 148.0 405.0 509.0 0.0 363.0 171.0 454.0 483.0 540.0 557.0 253.0 190.0 389.0 325.0 680.0 381.0 775.0 450.0 301.0 268.0 206.0 309.0 573.0 559.0 462.0 151.0 288.0 680.0 263.0 723.0 76.0 499.0 262.0 395.0 643.0 151.0 741.0 632.0 423.0 444.0 296.0 425.0 220.0 481.0 530.0 282.0 548.0 496.0 428.0 455.0 392.0 462.0 502.0 450.0 474.0 157.0 459.0 429.0 452.0 513.0 432.0 662.0 133.0 497.0 605.0 268.0 350.0 426.0 250.0 208.0 331.0 375.0 448.0 113.0 380.0 219.0 512.0 506.0 96.0 529.0 177.0 297.0 272.0 510.0 438.0 357.0 628.0 331.0 298.0 502.0 289.0 244.0 394.0 316.0 537.0 321.0 461.0 478.0 481.0 383.0 167.0 288.0 643.0 207.0 189.0 165.0 260.0 343.0 
998.0 685.0 414.0 287.0 560.0 37.0 221.0 175.0 1072.0 544.0 233.0 330.0 171.0 648.0 329.0 686.0 572.0 504.0 659.0 625.0 363.0 0.0 471.0 688.0 786.0 812.0 850.0 570.0 410.0 701.0 647.0 1041.0 491.0 910.0 641.0 217.0 290.0 221.0 574.0 860.0 911.0 277.0 379.0 583.0 1042.0 421.0 925.0 292.0 664.0 624.0 145.0 1006.0 381.0 1101.0 821.0 574.0 725.0 572.0 706.0 476.0 573.0 643.0 183.0 568.0 548.0 481.0 405.0 720.0 781.0 243.0 762.0 827.0 479.0 686.0 759.0 803.0 873.0 228.0 839.0 455.0 558.0 937.0 455.0 525.0 259.0 558.0 549.0 693.0 52.0 760.0 282.0 458.0 289.0 873.0 374.0 344.0 845.0 429.0 397.0 189.0 812.0 543.0 418.0 842.0 418.0 277.0 717.0 618.0 408.0 629.0 629.0 759.0 549.0 317.0 634.0 649.0 367.0 526.0 585.0 1002.0 288.0 411.0 498.0 547.0 607.0 
577.0 702.0 305.0 264.0 479.0 471.0 487.0 441.0 665.0 73.0 584.0 185.0 632.0 192.0 250.0 593.0 331.0 205.0 515.0 371.0 171.0 471.0 0.0 285.0 323.0 627.0 626.0 340.0 95.0 458.0 176.0 628.0 267.0 913.0 585.0 327.0 257.0 365.0 426.0 646.0 549.0 621.0 314.0 121.0 625.0 163.0 837.0 232.0 639.0 227.0 538.0 574.0 314.0 696.0 756.0 281.0 276.0 126.0 516.0 359.0 640.0 391.0 330.0 714.0 661.0 595.0 625.0 440.0 312.0 651.0 294.0 469.0 269.0 291.0 472.0 341.0 432.0 587.0 789.0 43.0 660.0 629.0 144.0 208.0 586.0 88.0 95.0 300.0 498.0 292.0 277.0 546.0 388.0 428.0 674.0 129.0 578.0 327.0 465.0 428.0 576.0 314.0 276.0 741.0 498.0 466.0 335.0 147.0 407.0 227.0 393.0 653.0 455.0 626.0 328.0 622.0 553.0 132.0 387.0 609.0 212.0 93.0 260.0 91.0 456.0 
627.0 977.0 588.0 411.0 750.0 699.0 756.0 704.0 724.0 255.0 846.0 359.0 858.0 135.0 533.0 853.0 216.0 465.0 769.0 211.0 454.0 688.0 285.0 0.0 179.0 855.0 838.0 592.0 292.0 684.0 214.0 682.0 240.0 1178.0 854.0 488.0 406.0 636.0 689.0 860.0 677.0 887.0 599.0 185.0 674.0 268.0 1084.0 508.0 910.0 414.0 787.0 606.0 598.0 752.0 1014.0 162.0 107.0 163.0 756.0 636.0 922.0 219.0 512.0 999.0 945.0 879.0 906.0 650.0 224.0 902.0 194.0 616.0 541.0 16.0 672.0 355.0 474.0 847.0 1048.0 326.0 943.0 790.0 234.0 171.0 853.0 226.0 300.0 461.0 727.0 194.0 555.0 830.0 668.0 466.0 948.0 390.0 773.0 608.0 749.0 694.0 787.0 228.0 313.0 989.0 782.0 743.0 57.0 241.0 691.0 63.0 633.0 906.0 727.0 897.0 144.0 894.0 835.0 374.0 642.0 694.0 401.0 292.0 526.0 200.0 714.0 
461.0 939.0 585.0 533.0 714.0 789.0 808.0 763.0 557.0 259.0 906.0 465.0 951.0 139.0 561.0 796.0 392.0 438.0 708.0 390.0 483.0 786.0 323.0 179.0 0.0 766.0 737.0 541.0 377.0 602.0 161.0 516.0 400.0 1119.0 809.0 609.0 527.0 686.0 643.0 760.0 536.0 943.0 606.0 205.0 507.0 388.0 1004.0 552.0 867.0 340.0 861.0 436.0 605.0 584.0 947.0 334.0 77.0 215.0 681.0 615.0 905.0 397.0 625.0 995.0 937.0 879.0 931.0 558.0 58.0 974.0 42.0 489.0 518.0 193.0 572.0 200.0 314.0 909.0 983.0 354.0 933.0 660.0 350.0 319.0 907.0 237.0 282.0 361.0 817.0 44.0 595.0 830.0 700.0 305.0 989.0 451.0 663.0 601.0 756.0 750.0 688.0 400.0 464.0 913.0 787.0 780.0 217.0 199.0 692.0 201.0 567.0 838.0 691.0 944.0 322.0 852.0 859.0 349.0 589.0 536.0 504.0 376.0 498.0 240.0 662.0 
510.0 309.0 413.0 813.0 258.0 783.0 632.0 649.0 508.0 615.0 712.0 751.0 877.0 722.0 516.0 163.0 957.0 425.0 154.0 994.0 540.0 812.0 627.0 855.0 766.0 0.0 68.0 292.0 701.0 172.0 645.0 509.0 891.0 385.0 220.0 833.0 807.0 592.0 243.0 61.0 335.0 712.0 443.0 677.0 520.0 779.0 242.0 570.0 250.0 442.0 749.0 546.0 441.0 522.0 214.0 904.0 782.0 709.0 116.0 343.0 377.0 1013.0 807.0 486.0 437.0 442.0 569.0 209.0 712.0 800.0 725.0 315.0 384.0 867.0 197.0 591.0 529.0 722.0 248.0 591.0 422.0 238.0 768.0 834.0 687.0 642.0 566.0 406.0 794.0 724.0 552.0 422.0 526.0 537.0 670.0 632.0 141.0 393.0 437.0 632.0 89.0 940.0 886.0 160.0 432.0 564.0 912.0 615.0 407.0 815.0 234.0 128.0 265.0 672.0 944.0 250.0 534.0 499.0 253.0 437.0 747.0 699.0 381.0 678.0 207.0 
450.0 376.0 442.0 828.0 306.0 822.0 679.0 692.0 444.0 606.0 763.0 763.0 923.0 704.0 542.0 227.0 953.0 430.0 200.0 988.0 557.0 850.0 626.0 838.0 737.0 68.0 0.0 304.0 706.0 170.0 626.0 447.0 892.0 443.0 283.0 854.0 823.0 629.0 276.0 23.0 275.0 765.0 474.0 665.0 458.0 783.0 288.0 595.0 316.0 426.0 795.0 488.0 472.0 457.0 275.0 898.0 759.0 698.0 145.0 374.0 441.0 1006.0 831.0 551.0 501.0 502.0 627.0 190.0 681.0 852.0 697.0 267.0 400.0 851.0 167.0 554.0 482.0 772.0 309.0 593.0 486.0 172.0 769.0 830.0 739.0 631.0 558.0 381.0 835.0 695.0 581.0 479.0 566.0 490.0 729.0 645.0 83.0 423.0 486.0 673.0 52.0 938.0 893.0 218.0 484.0 611.0 895.0 599.0 450.0 801.0 242.0 195.0 310.0 727.0 935.0 315.0 589.0 496.0 273.0 374.0 763.0 704.0 393.0 669.0 243.0 
482.0 398.0 159.0 524.0 176.0 547.0 440.0 433.0 534.0 340.0 539.0 461.0 673.0 464.0 246.0 261.0 670.0 136.0 178.0 711.0 253.0 570.0 340.0 592.0 541.0 292.0 304.0 0.0 410.0 138.0 395.0 512.0 602.0 587.0 268.0 552.0 519.0 357.0 102.0 321.0 355.0 556.0 196.0 408.0 517.0 488.0 498.0 296.0 327.0 203.0 546.0 503.0 194.0 560.0 422.0 620.0 537.0 436.0 179.0 119.0 376.0 730.0 530.0 479.0 419.0 376.0 468.0 151.0 496.0 628.0 500.0 276.0 98.0 603.0 189.0 413.0 411.0 547.0 456.0 302.0 411.0 368.0 479.0 548.0 524.0 369.0 294.0 217.0 565.0 498.0 290.0 330.0 311.0 415.0 555.0 342.0 280.0 150.0 285.0 414.0 258.0 652.0 594.0 402.0 303.0 379.0 648.0 359.0 222.0 544.0 63.0 316.0 155.0 532.0 664.0 311.0 405.0 221.0 50.0 457.0 459.0 408.0 90.0 401.0 123.0 
671.0 744.0 342.0 173.0 528.0 416.0 466.0 413.0 759.0 159.0 555.0 95.0 577.0 238.0 262.0 650.0 271.0 277.0 579.0 319.0 190.0 410.0 95.0 292.0 377.0 701.0 706.0 410.0 0.0 536.0 250.0 722.0 195.0 963.0 636.0 242.0 166.0 348.0 485.0 725.0 642.0 596.0 340.0 178.0 719.0 78.0 901.0 225.0 686.0 319.0 497.0 666.0 341.0 789.0 814.0 234.0 316.0 162.0 588.0 406.0 670.0 340.0 251.0 733.0 683.0 613.0 624.0 523.0 377.0 613.0 355.0 561.0 326.0 293.0 557.0 427.0 523.0 556.0 845.0 116.0 684.0 718.0 78.0 161.0 562.0 162.0 189.0 394.0 444.0 353.0 273.0 567.0 387.0 519.0 659.0 105.0 662.0 366.0 482.0 403.0 656.0 249.0 188.0 805.0 516.0 458.0 332.0 229.0 433.0 230.0 468.0 715.0 505.0 607.0 290.0 669.0 555.0 220.0 454.0 703.0 130.0 2.0 323.0 141.0 518.0 
423.0 379.0 287.0 660.0 209.0 676.0 552.0 554.0 453.0 443.0 645.0 594.0 792.0 551.0 381.0 215.0 787.0 260.0 132.0 824.0 389.0 701.0 458.0 684.0 602.0 172.0 170.0 138.0 536.0 0.0 474.0 440.0 724.0 523.0 250.0 689.0 654.0 483.0 146.0 189.0 265.0 656.0 323.0 505.0 447.0 614.0 404.0 432.0 305.0 271.0 664.0 452.0 321.0 475.0 349.0 733.0 614.0 537.0 82.0 229.0 398.0 842.0 667.0 510.0 452.0 429.0 541.0 56.0 550.0 735.0 560.0 205.0 235.0 696.0 77.0 438.0 397.0 654.0 385.0 424.0 440.0 242.0 601.0 664.0 626.0 470.0 395.0 243.0 692.0 559.0 424.0 392.0 428.0 404.0 638.0 476.0 145.0 273.0 373.0 535.0 122.0 771.0 723.0 312.0 381.0 486.0 741.0 444.0 321.0 643.0 75.0 240.0 200.0 624.0 772.0 295.0 489.0 329.0 116.0 375.0 594.0 534.0 225.0 506.0 127.0 
452.0 789.0 425.0 420.0 563.0 646.0 651.0 609.0 547.0 105.0 751.0 344.0 807.0 80.0 402.0 654.0 370.0 281.0 568.0 390.0 325.0 647.0 176.0 214.0 161.0 645.0 626.0 395.0 250.0 474.0 0.0 507.0 343.0 980.0 662.0 491.0 413.0 530.0 495.0 648.0 473.0 786.0 446.0 78.0 501.0 286.0 877.0 396.0 720.0 204.0 710.0 440.0 445.0 577.0 811.0 309.0 143.0 111.0 549.0 458.0 749.0 405.0 499.0 837.0 780.0 720.0 771.0 438.0 138.0 822.0 125.0 407.0 361.0 227.0 459.0 187.0 297.0 755.0 847.0 199.0 776.0 580.0 251.0 260.0 751.0 90.0 122.0 248.0 673.0 123.0 438.0 671.0 540.0 291.0 830.0 304.0 560.0 442.0 597.0 595.0 575.0 367.0 387.0 783.0 627.0 621.0 270.0 39.0 532.0 185.0 429.0 703.0 540.0 786.0 327.0 704.0 699.0 190.0 444.0 505.0 378.0 248.0 342.0 112.0 517.0 
56.0 802.0 661.0 891.0 646.0 1026.0 947.0 932.0 42.0 566.0 1049.0 812.0 1169.0 573.0 718.0 637.0 873.0 538.0 567.0 886.0 680.0 1041.0 628.0 682.0 516.0 509.0 447.0 512.0 722.0 440.0 507.0 0.0 849.0 888.0 683.0 949.0 884.0 851.0 576.0 465.0 179.0 1068.0 698.0 582.0 14.0 779.0 725.0 750.0 732.0 421.0 1047.0 84.0 696.0 71.0 721.0 811.0 577.0 616.0 504.0 630.0 836.0 897.0 944.0 949.0 891.0 866.0 973.0 389.0 462.0 1136.0 491.0 239.0 579.0 697.0 364.0 330.0 212.0 1056.0 755.0 621.0 879.0 283.0 748.0 767.0 1034.0 573.0 533.0 349.0 1048.0 491.0 766.0 827.0 817.0 219.0 1065.0 724.0 369.0 657.0 794.0 914.0 424.0 872.0 888.0 664.0 809.0 889.0 728.0 508.0 733.0 678.0 476.0 632.0 635.0 1044.0 819.0 725.0 914.0 526.0 528.0 74.0 834.0 720.0 556.0 608.0 565.0 
795.0 935.0 533.0 205.0 722.0 509.0 611.0 552.0 889.0 300.0 684.0 191.0 659.0 286.0 446.0 844.0 87.0 467.0 772.0 141.0 381.0 491.0 267.0 240.0 400.0 891.0 892.0 602.0 195.0 724.0 343.0 849.0 0.0 1155.0 829.0 276.0 202.0 504.0 679.0 912.0 799.0 728.0 528.0 269.0 844.0 119.0 1095.0 401.0 879.0 485.0 611.0 783.0 529.0 919.0 1008.0 88.0 324.0 233.0 779.0 599.0 856.0 161.0 309.0 910.0 864.0 792.0 787.0 706.0 428.0 724.0 399.0 723.0 520.0 231.0 737.0 527.0 640.0 683.0 1039.0 301.0 866.0 889.0 124.0 85.0 698.0 284.0 345.0 553.0 536.0 398.0 447.0 748.0 557.0 634.0 806.0 288.0 843.0 557.0 663.0 547.0 842.0 60.0 78.0 998.0 696.0 618.0 247.0 344.0 619.0 200.0 657.0 909.0 699.0 749.0 145.0 861.0 721.0 398.0 647.0 844.0 227.0 196.0 516.0 246.0 711.0 
892.0 230.0 623.0 1022.0 435.0 874.0 691.0 737.0 882.0 924.0 723.0 982.0 902.0 1050.0 717.0 326.0 1233.0 714.0 412.0 1279.0 775.0 910.0 913.0 1178.0 1119.0 385.0 443.0 587.0 963.0 523.0 980.0 888.0 1155.0 0.0 328.0 1014.0 1019.0 720.0 490.0 424.0 717.0 699.0 632.0 993.0 899.0 1037.0 174.0 769.0 277.0 781.0 795.0 930.0 631.0 892.0 176.0 1190.0 1122.0 1019.0 442.0 558.0 338.0 1299.0 979.0 370.0 368.0 431.0 532.0 574.0 1069.0 790.0 1078.0 698.0 644.0 1188.0 573.0 960.0 910.0 733.0 139.0 871.0 356.0 607.0 1039.0 1116.0 692.0 953.0 879.0 765.0 873.0 1076.0 731.0 454.0 647.0 917.0 615.0 870.0 523.0 599.0 527.0 725.0 473.0 1211.0 1128.0 226.0 499.0 634.0 1234.0 945.0 549.0 1128.0 553.0 284.0 459.0 649.0 1240.0 295.0 547.0 805.0 537.0 815.0 963.0 961.0 655.0 984.0 464.0 
670.0 133.0 299.0 706.0 108.0 608.0 440.0 469.0 691.0 600.0 507.0 660.0 680.0 729.0 397.0 58.0 906.0 389.0 119.0 952.0 450.0 641.0 585.0 854.0 809.0 220.0 283.0 268.0 636.0 250.0 662.0 683.0 829.0 328.0 0.0 707.0 702.0 429.0 167.0 280.0 505.0 502.0 312.0 669.0 691.0 711.0 287.0 451.0 59.0 470.0 556.0 701.0 311.0 710.0 187.0 863.0 804.0 694.0 179.0 231.0 160.0 972.0 675.0 272.0 219.0 224.0 351.0 305.0 763.0 592.0 768.0 454.0 317.0 863.0 322.0 670.0 644.0 517.0 214.0 544.0 205.0 441.0 712.0 789.0 480.0 629.0 556.0 469.0 614.0 766.0 418.0 209.0 356.0 650.0 453.0 545.0 331.0 274.0 246.0 453.0 276.0 885.0 805.0 202.0 231.0 372.0 909.0 626.0 241.0 803.0 250.0 122.0 131.0 459.0 913.0 46.0 323.0 481.0 220.0 614.0 644.0 634.0 329.0 658.0 149.0 
900.0 785.0 422.0 78.0 608.0 240.0 376.0 315.0 984.0 398.0 429.0 148.0 385.0 472.0 319.0 739.0 356.0 444.0 689.0 408.0 301.0 217.0 327.0 488.0 609.0 833.0 854.0 552.0 242.0 689.0 491.0 949.0 276.0 1014.0 707.0 0.0 84.0 299.0 593.0 870.0 848.0 474.0 399.0 418.0 947.0 224.0 993.0 263.0 745.0 531.0 348.0 899.0 401.0 1014.0 894.0 361.0 541.0 397.0 718.0 495.0 685.0 427.0 41.0 712.0 677.0 605.0 565.0 692.0 616.0 457.0 592.0 764.0 455.0 484.0 729.0 668.0 758.0 426.0 919.0 329.0 684.0 904.0 262.0 319.0 448.0 403.0 420.0 606.0 265.0 590.0 290.0 569.0 369.0 755.0 562.0 228.0 829.0 445.0 489.0 318.0 809.0 327.0 202.0 901.0 519.0 404.0 510.0 470.0 469.0 432.0 615.0 812.0 589.0 504.0 420.0 728.0 509.0 426.0 583.0 922.0 116.0 244.0 465.0 382.0 629.0 
834.0 791.0 407.0 7.0 598.0 308.0 418.0 358.0 920.0 325.0 485.0 73.0 460.0 391.0 306.0 728.0 286.0 400.0 670.0 340.0 268.0 290.0 257.0 406.0 527.0 807.0 823.0 519.0 166.0 654.0 413.0 884.0 202.0 1019.0 702.0 84.0 0.0 323.0 573.0 840.0 793.0 529.0 390.0 338.0 881.0 141.0 983.0 251.0 745.0 472.0 410.0 831.0 392.0 951.0 888.0 284.0 458.0 316.0 692.0 479.0 699.0 360.0 109.0 738.0 698.0 625.0 602.0 651.0 535.0 522.0 510.0 710.0 424.0 402.0 688.0 593.0 688.0 483.0 915.0 265.0 703.0 858.0 179.0 237.0 500.0 327.0 351.0 547.0 335.0 509.0 289.0 585.0 386.0 684.0 611.0 180.0 790.0 431.0 502.0 356.0 776.0 257.0 135.0 889.0 534.0 435.0 429.0 395.0 471.0 349.0 581.0 799.0 578.0 554.0 345.0 727.0 540.0 368.0 555.0 862.0 61.0 168.0 430.0 303.0 608.0 
812.0 491.0 199.0 324.0 342.0 193.0 123.0 84.0 878.0 427.0 222.0 314.0 319.0 556.0 139.0 470.0 591.0 318.0 439.0 644.0 206.0 221.0 365.0 636.0 686.0 592.0 629.0 357.0 348.0 483.0 530.0 851.0 504.0 720.0 429.0 299.0 323.0 0.0 354.0 640.0 708.0 257.0 162.0 486.0 853.0 398.0 715.0 134.0 459.0 450.0 197.0 825.0 164.0 906.0 613.0 569.0 641.0 488.0 485.0 257.0 388.0 665.0 261.0 416.0 379.0 306.0 283.0 507.0 666.0 299.0 653.0 625.0 274.0 639.0 545.0 653.0 703.0 226.0 634.0 333.0 385.0 723.0 419.0 502.0 222.0 450.0 414.0 510.0 209.0 651.0 94.0 270.0 74.0 704.0 312.0 247.0 627.0 211.0 194.0 67.0 592.0 563.0 452.0 629.0 222.0 114.0 679.0 494.0 190.0 575.0 414.0 543.0 329.0 262.0 630.0 442.0 218.0 367.0 368.0 804.0 279.0 348.0 296.0 455.0 387.0 
553.0 296.0 172.0 578.0 78.0 546.0 410.0 418.0 592.0 435.0 501.0 522.0 653.0 563.0 275.0 167.0 752.0 225.0 97.0 795.0 309.0 574.0 426.0 689.0 643.0 243.0 276.0 102.0 485.0 146.0 495.0 576.0 679.0 490.0 167.0 593.0 573.0 354.0 0.0 287.0 406.0 511.0 201.0 504.0 582.0 562.0 416.0 330.0 225.0 305.0 524.0 579.0 199.0 616.0 331.0 705.0 637.0 530.0 132.0 101.0 279.0 815.0 566.0 387.0 326.0 292.0 399.0 189.0 598.0 591.0 602.0 337.0 159.0 698.0 220.0 512.0 500.0 510.0 364.0 385.0 317.0 385.0 558.0 632.0 481.0 464.0 390.0 313.0 560.0 600.0 310.0 252.0 292.0 505.0 494.0 403.0 281.0 151.0 228.0 399.0 241.0 732.0 663.0 321.0 237.0 343.0 744.0 459.0 179.0 638.0 103.0 231.0 60.0 479.0 753.0 210.0 344.0 315.0 58.0 514.0 513.0 483.0 167.0 494.0 36.0 
470.0 367.0 455.0 845.0 311.0 832.0 686.0 700.0 460.0 627.0 768.0 781.0 930.0 726.0 556.0 223.0 974.0 449.0 205.0 1009.0 573.0 860.0 646.0 860.0 760.0 61.0 23.0 321.0 725.0 189.0 648.0 465.0 912.0 424.0 280.0 870.0 840.0 640.0 287.0 0.0 295.0 769.0 486.0 686.0 476.0 802.0 267.0 609.0 309.0 448.0 802.0 508.0 484.0 473.0 259.0 919.0 782.0 720.0 155.0 386.0 438.0 1027.0 845.0 546.0 497.0 502.0 628.0 212.0 704.0 856.0 720.0 289.0 416.0 873.0 189.0 576.0 504.0 777.0 291.0 612.0 482.0 186.0 789.0 850.0 744.0 653.0 579.0 403.0 844.0 718.0 594.0 480.0 576.0 513.0 729.0 662.0 105.0 436.0 492.0 682.0 73.0 958.0 911.0 200.0 488.0 617.0 917.0 621.0 458.0 823.0 260.0 185.0 317.0 730.0 956.0 310.0 592.0 516.0 287.0 391.0 779.0 723.0 410.0 690.0 253.0 
176.0 623.0 511.0 800.0 473.0 892.0 794.0 786.0 188.0 500.0 893.0 724.0 1025.0 550.0 583.0 459.0 839.0 412.0 389.0 862.0 559.0 911.0 549.0 677.0 536.0 335.0 275.0 355.0 642.0 265.0 473.0 179.0 799.0 717.0 505.0 848.0 793.0 708.0 406.0 295.0 0.0 909.0 549.0 536.0 188.0 710.0 560.0 623.0 553.0 323.0 900.0 213.0 547.0 211.0 548.0 778.0 580.0 572.0 326.0 471.0 659.0 877.0 837.0 772.0 714.0 693.0 804.0 218.0 478.0 982.0 502.0 85.0 435.0 691.0 188.0 337.0 235.0 901.0 582.0 530.0 702.0 133.0 685.0 722.0 877.0 515.0 458.0 249.0 912.0 501.0 631.0 656.0 666.0 244.0 898.0 621.0 195.0 504.0 630.0 767.0 248.0 832.0 823.0 492.0 642.0 733.0 730.0 460.0 572.0 657.0 310.0 455.0 463.0 881.0 799.0 546.0 748.0 426.0 362.0 111.0 738.0 640.0 414.0 554.0 391.0 
1035.0 495.0 412.0 528.0 462.0 244.0 136.0 184.0 1090.0 684.0 46.0 544.0 205.0 812.0 389.0 557.0 814.0 557.0 567.0 868.0 462.0 277.0 621.0 887.0 943.0 712.0 765.0 556.0 596.0 656.0 786.0 1068.0 728.0 699.0 502.0 474.0 529.0 257.0 511.0 769.0 909.0 0.0 376.0 742.0 1072.0 634.0 756.0 391.0 502.0 691.0 132.0 1053.0 378.0 1116.0 652.0 802.0 897.0 743.0 628.0 439.0 379.0 888.0 434.0 332.0 335.0 288.0 169.0 694.0 923.0 93.0 910.0 832.0 496.0 888.0 728.0 903.0 942.0 50.0 660.0 589.0 349.0 894.0 660.0 741.0 36.0 707.0 669.0 743.0 226.0 908.0 349.0 293.0 259.0 943.0 101.0 500.0 788.0 412.0 284.0 194.0 741.0 785.0 664.0 691.0 282.0 180.0 925.0 750.0 337.0 824.0 599.0 622.0 462.0 51.0 864.0 491.0 179.0 618.0 547.0 1013.0 503.0 596.0 520.0 710.0 535.0 
662.0 407.0 38.0 394.0 209.0 354.0 250.0 238.0 723.0 355.0 353.0 351.0 477.0 493.0 86.0 341.0 610.0 185.0 293.0 659.0 151.0 379.0 314.0 599.0 606.0 443.0 474.0 196.0 340.0 323.0 446.0 698.0 528.0 632.0 312.0 399.0 390.0 162.0 201.0 486.0 549.0 376.0 0.0 423.0 701.0 411.0 595.0 140.0 356.0 318.0 352.0 679.0 3.0 750.0 498.0 573.0 577.0 437.0 331.0 101.0 331.0 680.0 369.0 401.0 348.0 281.0 327.0 346.0 575.0 439.0 569.0 468.0 120.0 605.0 384.0 534.0 566.0 360.0 525.0 273.0 347.0 561.0 418.0 500.0 341.0 383.0 325.0 368.0 370.0 567.0 111.0 232.0 120.0 568.0 396.0 241.0 467.0 51.0 152.0 219.0 435.0 586.0 497.0 503.0 185.0 197.0 649.0 408.0 94.0 540.0 253.0 413.0 191.0 361.0 628.0 338.0 255.0 260.0 207.0 648.0 333.0 339.0 145.0 401.0 236.0 
528.0 793.0 409.0 345.0 566.0 585.0 608.0 561.0 621.0 71.0 704.0 271.0 747.0 72.0 367.0 669.0 304.0 281.0 585.0 330.0 288.0 583.0 121.0 185.0 205.0 677.0 665.0 408.0 178.0 505.0 78.0 582.0 269.0 993.0 669.0 418.0 338.0 486.0 504.0 686.0 536.0 742.0 423.0 0.0 576.0 209.0 902.0 352.0 726.0 240.0 657.0 517.0 423.0 651.0 830.0 243.0 157.0 37.0 574.0 453.0 741.0 346.0 429.0 822.0 767.0 703.0 741.0 475.0 200.0 771.0 179.0 465.0 357.0 195.0 501.0 264.0 373.0 707.0 864.0 156.0 765.0 636.0 173.0 188.0 707.0 42.0 115.0 298.0 613.0 177.0 397.0 654.0 506.0 367.0 793.0 247.0 605.0 428.0 575.0 548.0 614.0 297.0 309.0 807.0 607.0 585.0 241.0 77.0 514.0 138.0 451.0 723.0 542.0 745.0 272.0 709.0 669.0 189.0 457.0 576.0 307.0 177.0 342.0 37.0 530.0 
49.0 811.0 664.0 888.0 653.0 1028.0 951.0 935.0 51.0 562.0 1052.0 809.0 1171.0 566.0 720.0 646.0 867.0 539.0 575.0 879.0 680.0 1042.0 625.0 674.0 507.0 520.0 458.0 517.0 719.0 447.0 501.0 14.0 844.0 899.0 691.0 947.0 881.0 853.0 582.0 476.0 188.0 1072.0 701.0 576.0 0.0 775.0 737.0 751.0 741.0 421.0 1049.0 73.0 699.0 78.0 732.0 805.0 569.0 611.0 513.0 635.0 844.0 890.0 942.0 957.0 898.0 873.0 979.0 396.0 453.0 1140.0 483.0 245.0 582.0 689.0 371.0 323.0 205.0 1060.0 766.0 619.0 886.0 295.0 744.0 761.0 1038.0 569.0 531.0 349.0 1050.0 482.0 768.0 833.0 820.0 212.0 1070.0 723.0 380.0 661.0 800.0 916.0 434.0 866.0 883.0 674.0 815.0 893.0 720.0 503.0 738.0 672.0 482.0 642.0 641.0 1048.0 812.0 734.0 919.0 525.0 534.0 85.0 832.0 717.0 558.0 604.0 572.0 
727.0 817.0 415.0 146.0 604.0 433.0 510.0 453.0 818.0 214.0 591.0 93.0 591.0 254.0 329.0 727.0 200.0 354.0 656.0 251.0 263.0 421.0 163.0 268.0 388.0 779.0 783.0 488.0 78.0 614.0 286.0 779.0 119.0 1037.0 711.0 224.0 141.0 398.0 562.0 802.0 710.0 634.0 411.0 209.0 775.0 0.0 978.0 286.0 761.0 389.0 526.0 719.0 411.0 848.0 891.0 172.0 318.0 182.0 666.0 481.0 739.0 272.0 245.0 796.0 749.0 678.0 679.0 599.0 400.0 641.0 374.0 631.0 404.0 265.0 632.0 471.0 575.0 591.0 922.0 191.0 751.0 791.0 39.0 108.0 602.0 208.0 253.0 462.0 461.0 373.0 334.0 632.0 445.0 571.0 705.0 170.0 738.0 439.0 548.0 447.0 733.0 176.0 114.0 882.0 581.0 510.0 297.0 275.0 502.0 210.0 545.0 792.0 581.0 651.0 233.0 743.0 611.0 294.0 532.0 765.0 135.0 80.0 401.0 176.0 595.0 
734.0 262.0 576.0 987.0 386.0 891.0 716.0 751.0 716.0 836.0 770.0 936.0 948.0 952.0 678.0 255.0 1166.0 633.0 323.0 1208.0 723.0 925.0 837.0 1084.0 1004.0 242.0 288.0 498.0 901.0 404.0 877.0 725.0 1095.0 174.0 287.0 993.0 983.0 715.0 416.0 267.0 560.0 756.0 595.0 902.0 737.0 978.0 0.0 734.0 262.0 674.0 830.0 773.0 593.0 724.0 106.0 1118.0 1017.0 932.0 329.0 505.0 377.0 1228.0 961.0 451.0 426.0 469.0 590.0 448.0 951.0 848.0 963.0 553.0 575.0 1095.0 438.0 832.0 768.0 780.0 98.0 798.0 411.0 442.0 973.0 1045.0 741.0 864.0 789.0 645.0 895.0 962.0 703.0 474.0 642.0 776.0 686.0 818.0 370.0 552.0 528.0 736.0 327.0 1147.0 1078.0 97.0 508.0 651.0 1141.0 845.0 528.0 1039.0 452.0 186.0 406.0 707.0 1162.0 277.0 585.0 717.0 451.0 652.0 924.0 899.0 580.0 898.0 384.0 
708.0 542.0 160.0 255.0 348.0 278.0 256.0 213.0 780.0 293.0 355.0 216.0 429.0 423.0 56.0 479.0 485.0 213.0 426.0 536.0 76.0 292.0 232.0 508.0 552.0 570.0 595.0 296.0 225.0 432.0 396.0 750.0 401.0 769.0 451.0 263.0 251.0 134.0 330.0 609.0 623.0 391.0 140.0 352.0 751.0 286.0 734.0 0.0 494.0 335.0 319.0 716.0 141.0 810.0 637.0 455.0 508.0 356.0 456.0 232.0 457.0 557.0 237.0 510.0 463.0 392.0 400.0 442.0 533.0 428.0 520.0 538.0 199.0 511.0 481.0 528.0 587.0 359.0 664.0 199.0 466.0 659.0 300.0 385.0 356.0 316.0 282.0 402.0 301.0 518.0 49.0 347.0 163.0 587.0 443.0 121.0 575.0 183.0 263.0 199.0 551.0 460.0 363.0 641.0 296.0 236.0 552.0 361.0 222.0 446.0 358.0 551.0 328.0 394.0 514.0 477.0 330.0 243.0 323.0 711.0 194.0 224.0 214.0 322.0 366.0 
721.0 75.0 347.0 748.0 161.0 630.0 455.0 490.0 738.0 656.0 512.0 706.0 689.0 786.0 441.0 95.0 957.0 446.0 174.0 1003.0 499.0 664.0 639.0 910.0 867.0 250.0 316.0 327.0 686.0 305.0 720.0 732.0 879.0 277.0 59.0 745.0 745.0 459.0 225.0 309.0 553.0 502.0 356.0 726.0 741.0 761.0 262.0 494.0 0.0 528.0 569.0 754.0 355.0 756.0 157.0 915.0 862.0 750.0 230.0 282.0 133.0 1024.0 711.0 238.0 192.0 215.0 342.0 360.0 821.0 594.0 826.0 507.0 372.0 919.0 374.0 728.0 700.0 522.0 176.0 597.0 177.0 480.0 763.0 841.0 484.0 685.0 612.0 527.0 634.0 824.0 458.0 214.0 385.0 706.0 442.0 593.0 373.0 322.0 268.0 475.0 316.0 935.0 852.0 189.0 247.0 390.0 965.0 683.0 277.0 858.0 308.0 131.0 185.0 456.0 966.0 18.0 326.0 538.0 279.0 662.0 688.0 685.0 385.0 714.0 208.0 
376.0 600.0 286.0 479.0 379.0 612.0 560.0 533.0 455.0 187.0 664.0 401.0 762.0 280.0 312.0 457.0 536.0 135.0 369.0 567.0 262.0 624.0 227.0 414.0 340.0 442.0 426.0 203.0 319.0 271.0 204.0 421.0 485.0 781.0 470.0 531.0 472.0 450.0 305.0 448.0 323.0 691.0 318.0 240.0 421.0 389.0 674.0 335.0 528.0 0.0 646.0 382.0 316.0 485.0 610.0 478.0 344.0 274.0 346.0 293.0 575.0 584.0 524.0 674.0 614.0 563.0 637.0 237.0 294.0 746.0 299.0 243.0 205.0 426.0 262.0 220.0 254.0 670.0 646.0 208.0 608.0 405.0 366.0 413.0 656.0 208.0 140.0 76.0 636.0 297.0 359.0 515.0 433.0 255.0 713.0 304.0 366.0 294.0 453.0 516.0 375.0 524.0 502.0 580.0 479.0 513.0 470.0 174.0 386.0 375.0 228.0 501.0 356.0 678.0 510.0 513.0 568.0 106.0 250.0 392.0 418.0 317.0 180.0 247.0 322.0 
