100 0.0 5
1 217 480
2 237 6
3 588 49
4 622 592
5 19 647
6 10 296
7 66 104
8 963 885
9 958 467
10 492 916
11 445 558
12 358 320
13 908 874
14 922 43
15 454 211
16 14 629
17 339 212
18 163 196
19 542 239
20 847 523
21 741 713
22 77 839
23 520 743
24 635 703
25 530 215
26 512 576
27 331 455
28 576 80
29 134 460
30 2 310
31 627 42
32 562 39
33 874 42
34 144 215
35 886 852
36 501 387
37 117 996
38 780 261
39 994 201
40 330 255
41 3 315
42 75 667
43 170 549
44 493 325
45 776 514
46 912 145
47 823 805
48 762 638
49 472 732
50 122 143
51 202 997
52 994 890
53 996 342
54 977 201
55 218 345
56 399 365
57 699 698
58 867 125
59 371 303
60 205 402
61 885 605
62 64 584
63 470 563
64 465 401
65 753 1000
66 913 897
67 810 523
68 474 5
69 388 542
70 179 295
71 521 358
72 945 23
73 637 566
74 8 972
75 431 793
76 384 968
77 333 447
78 251 537
79 839 401
80 570 6
81 435 558
82 85 799
83 425 340
84 774 404
85 727 548
86 621 284
87 20 710
88 125 890
89 249 499
90 727 937
91 326 694
92 223 181
93 541 919
94 247 107
95 117 709
96 182 371
97 487 362
98 609 517
99 856 578
100 308 447
opening costs
80 514 119 317 181 3 289 336 499 993 177 365 935 389 29 637 988 74 2 802 612 441 432 943 387 792 343 1 424 848 430 102 233 752 520 545 248 824 525 732 124 50 671 675 352 266 229 136 144 641 111 440 426 162 311 467 539 701 586 707 914 179 122 670 814 817 260 756 785 530 207 55 124 618 97 648 498 625 9 687 647 964 393 434 498 130 130 189 348 462 929 176 635 224 79 203 180 487 50 666 
star costs
0.0 475.0 569.0 421.0 260.0 277.0 406.0 849.0 742.0 516.0 241.0 214.0 796.0 830.0 359.0 252.0 295.0 290.0 405.0 632.0 574.0 386.0 402.0 474.0 411.0 311.0 117.0 538.0 86.0 275.0 600.0 560.0 790.0 275.0 766.0 299.0 526.0 605.0 826.0 252.0 271.0 235.0 84.0 317.0 561.0 772.0 688.0 568.0 359.0 351.0 518.0 879.0 792.0 810.0 136.0 216.0 530.0 741.0 235.0 79.0 680.0 185.0 267.0 261.0 747.0 812.0 595.0 541.0 182.0 189.0 328.0 860.0 429.0 535.0 380.0 516.0 121.0 67.0 627.0 592.0 232.0 346.0 251.0 563.0 515.0 450.0 303.0 421.0 38.0 685.0 241.0 300.0 546.0 375.0 250.0 115.0 295.0 394.0 647.0 97.0 
475.0 0.0 354.0 702.0 678.0 369.0 198.0 1141.0 856.0 946.0 590.0 337.0 1098.0 686.0 299.0 662.0 230.0 204.0 384.0 800.0 869.0 849.0 790.0 803.0 360.0 633.0 459.0 347.0 466.0 385.0 392.0 327.0 639.0 229.0 1067.0 464.0 998.0 600.0 782.0 266.0 388.0 681.0 548.0 410.0 741.0 690.0 991.0 822.0 764.0 179.0 992.0 1164.0 831.0 766.0 340.0 394.0 833.0 642.0 326.0 398.0 883.0 604.0 604.0 457.0 1120.0 1119.0 772.0 238.0 557.0 295.0 453.0 709.0 689.0 993.0 811.0 974.0 452.0 532.0 721.0 333.0 587.0 808.0 384.0 669.0 731.0 475.0 737.0 892.0 494.0 1053.0 694.0 176.0 963.0 102.0 714.0 370.0 436.0 633.0 843.0 447.0 
569.0 354.0 0.0 545.0 826.0 629.0 525.0 917.0 559.0 873.0 529.0 356.0 885.0 335.0 211.0 817.0 298.0 450.0 196.0 541.0 682.0 941.0 698.0 656.0 176.0 533.0 481.0 34.0 613.0 642.0 40.0 28.0 287.0 475.0 857.0 350.0 1058.0 287.0 434.0 331.0 643.0 804.0 652.0 292.0 502.0 338.0 792.0 615.0 693.0 476.0 1024.0 934.0 503.0 418.0 474.0 369.0 659.0 290.0 335.0 521.0 631.0 749.0 528.0 373.0 966.0 909.0 524.0 123.0 533.0 478.0 317.0 358.0 520.0 1091.0 761.0 942.0 473.0 594.0 433.0 47.0 532.0 904.0 334.0 401.0 518.0 238.0 872.0 961.0 564.0 899.0 697.0 389.0 872.0 346.0 811.0 519.0 329.0 469.0 594.0 487.0 
421.0 702.0 545.0 0.0 606.0 680.0 740.0 450.0 359.0 350.0 181.0 380.0 402.0 626.0 417.0 610.0 474.0 607.0 362.0 236.0 170.0 599.0 183.0 112.0 389.0 112.0 322.0 515.0 506.0 682.0 551.0 557.0 605.0 609.0 371.0 239.0 647.0 367.0 540.0 446.0 679.0 553.0 455.0 297.0 173.0 533.0 293.0 148.0 206.0 673.0 584.0 477.0 450.0 529.0 474.0 319.0 132.0 528.0 383.0 459.0 264.0 559.0 155.0 248.0 429.0 422.0 201.0 606.0 240.0 534.0 255.0 655.0 31.0 723.0 278.0 445.0 324.0 376.0 290.0 589.0 191.0 576.0 320.0 242.0 114.0 309.0 614.0 580.0 385.0 361.0 314.0 573.0 337.0 614.0 519.0 493.0 267.0 77.0 235.0 346.0 
260.0 678.0 826.0 606.0 0.0 352.0 546.0 974.0 957.0 545.0 436.0 472.0 918.0 1087.0 616.0 19.0 541.0 474.0 664.0 838.0 726.0 201.0 511.0 619.0 670.0 499.0 367.0 795.0 220.0 338.0 858.0 816.0 1048.0 450.0 891.0 548.0 363.0 854.0 1073.0 501.0 333.0 60.0 181.0 574.0 769.0 1025.0 820.0 744.0 461.0 515.0 395.0 1005.0 1024.0 1057.0 362.0 474.0 682.0 996.0 493.0 308.0 868.0 78.0 459.0 510.0 815.0 929.0 801.0 787.0 384.0 387.0 580.0 1117.0 624.0 326.0 438.0 487.0 373.0 257.0 857.0 846.0 426.0 166.0 510.0 794.0 715.0 703.0 64.0 266.0 274.0 766.0 311.0 509.0 589.0 587.0 116.0 321.0 548.0 605.0 840.0 352.0 
277.0 369.0 629.0 680.0 352.0 0.0 200.0 1121.0 964.0 786.0 508.0 349.0 1068.0 947.0 453.0 334.0 340.0 183.0 536.0 868.0 842.0 548.0 679.0 746.0 527.0 575.0 359.0 606.0 206.0 17.0 668.0 609.0 901.0 157.0 1038.0 500.0 709.0 771.0 989.0 323.0 21.0 377.0 300.0 484.0 797.0 915.0 960.0 827.0 636.0 190.0 727.0 1150.0 988.0 972.0 214.0 396.0 798.0 874.0 362.0 222.0 928.0 294.0 532.0 467.0 1024.0 1085.0 832.0 548.0 451.0 170.0 515.0 975.0 683.0 677.0 652.0 770.0 357.0 341.0 836.0 631.0 500.0 509.0 418.0 772.0 760.0 612.0 415.0 606.0 314.0 962.0 509.0 243.0 819.0 304.0 427.0 188.0 482.0 639.0 892.0 335.0 
406.0 198.0 525.0 740.0 546.0 200.0 0.0 1190.0 964.0 917.0 592.0 364.0 1141.0 859.0 403.0 528.0 294.0 134.0 495.0 887.0 910.0 736.0 784.0 827.0 478.0 650.0 440.0 511.0 363.0 216.0 565.0 501.0 811.0 136.0 1110.0 519.0 894.0 732.0 934.0 305.0 221.0 564.0 457.0 481.0 820.0 847.0 1032.0 878.0 748.0 69.0 904.0 1217.0 960.0 917.0 285.0 424.0 869.0 802.0 365.0 329.0 961.0 481.0 612.0 498.0 1130.0 1161.0 854.0 420.0 544.0 222.0 522.0 883.0 735.0 870.0 780.0 921.0 435.0 471.0 829.0 514.0 586.0 696.0 430.0 769.0 797.0 584.0 608.0 789.0 436.0 1064.0 645.0 175.0 944.0 182.0 608.0 292.0 494.0 683.0 922.0 420.0 
849.0 1141.0 917.0 450.0 974.0 1121.0 1190.0 0.0 419.0 473.0 613.0 828.0 57.0 843.0 845.0 983.0 918.0 1056.0 772.0 381.0 281.0 888.0 466.0 376.0 798.0 547.0 765.0 894.0 932.0 1120.0 908.0 937.0 848.0 1059.0 84.0 680.0 854.0 651.0 685.0 894.0 1117.0 915.0 862.0 732.0 416.0 742.0 162.0 319.0 515.0 1122.0 770.0 32.0 545.0 685.0 921.0 768.0 324.0 767.0 831.0 899.0 291.0 949.0 589.0 695.0 240.0 52.0 394.0 1007.0 670.0 982.0 688.0 863.0 457.0 959.0 540.0 585.0 768.0 793.0 500.0 963.0 622.0 883.0 766.0 517.0 412.0 692.0 960.0 839.0 812.0 242.0 666.0 1022.0 424.0 1058.0 865.0 935.0 708.0 511.0 326.0 788.0 
742.0 856.0 559.0 359.0 957.0 964.0 964.0 419.0 0.0 648.0 522.0 618.0 411.0 426.0 566.0 958.0 670.0 840.0 475.0 125.0 329.0 957.0 518.0 401.0 497.0 460.0 628.0 544.0 825.0 969.0 539.0 584.0 434.0 853.0 392.0 464.0 994.0 273.0 269.0 663.0 968.0 906.0 793.0 487.0 188.0 326.0 364.0 261.0 554.0 897.0 924.0 425.0 131.0 267.0 750.0 569.0 348.0 354.0 610.0 756.0 157.0 902.0 498.0 498.0 572.0 433.0 159.0 670.0 575.0 798.0 451.0 445.0 336.0 1076.0 620.0 762.0 626.0 711.0 137.0 603.0 531.0 934.0 548.0 195.0 245.0 384.0 969.0 935.0 710.0 524.0 672.0 789.0 615.0 797.0 876.0 782.0 483.0 353.0 151.0 651.0 
516.0 946.0 873.0 350.0 545.0 786.0 917.0 473.0 648.0 0.0 362.0 611.0 419.0 974.0 707.0 558.0 721.0 792.0 679.0 530.0 322.0 423.0 176.0 257.0 703.0 341.0 489.0 841.0 580.0 780.0 885.0 880.0 954.0 783.0 400.0 530.0 384.0 716.0 874.0 681.0 775.0 486.0 489.0 592.0 493.0 878.0 350.0 388.0 186.0 857.0 302.0 503.0 764.0 864.0 634.0 559.0 301.0 876.0 625.0 589.0 502.0 542.0 354.0 516.0 275.0 422.0 506.0 912.0 389.0 696.0 559.0 1002.0 379.0 488.0 138.0 120.0 496.0 450.0 621.0 914.0 363.0 424.0 580.0 585.0 437.0 646.0 515.0 368.0 483.0 236.0 278.0 783.0 50.0 846.0 429.0 627.0 555.0 416.0 497.0 504.0 
241.0 590.0 529.0 181.0 436.0 508.0 592.0 613.0 522.0 362.0 0.0 254.0 561.0 702.0 348.0 437.0 362.0 459.0 334.0 404.0 335.0 464.0 200.0 240.0 354.0 70.0 154.0 496.0 327.0 508.0 548.0 533.0 672.0 457.0 531.0 180.0 548.0 448.0 655.0 325.0 505.0 386.0 276.0 238.0 334.0 624.0 452.0 327.0 177.0 526.0 502.0 642.0 592.0 641.0 312.0 199.0 291.0 605.0 266.0 287.0 443.0 382.0 26.0 159.0 539.0 578.0 367.0 554.0 60.0 375.0 214.0 733.0 193.0 602.0 236.0 415.0 158.0 196.0 425.0 566.0 10.0 434.0 219.0 364.0 283.0 326.0 452.0 462.0 205.0 473.0 181.0 438.0 374.0 493.0 362.0 323.0 201.0 170.0 412.0 177.0 
214.0 337.0 356.0 380.0 472.0 349.0 364.0 828.0 618.0 611.0 254.0 0.0 781.0 629.0 146.0 463.0 110.0 232.0 202.0 530.0 549.0 591.0 453.0 473.0 202.0 299.0 138.0 325.0 265.0 357.0 387.0 348.0 587.0 239.0 750.0 158.0 718.0 427.0 648.0 71.0 356.0 448.0 297.0 136.0 461.0 581.0 672.0 515.0 428.0 295.0 695.0 855.0 639.0 631.0 143.0 61.0 510.0 546.0 22.0 174.0 600.0 396.0 268.0 135.0 787.0 801.0 496.0 336.0 225.0 181.0 168.0 658.0 372.0 741.0 479.0 649.0 130.0 242.0 488.0 379.0 251.0 552.0 70.0 425.0 434.0 266.0 517.0 616.0 210.0 719.0 376.0 194.0 627.0 241.0 458.0 184.0 136.0 320.0 561.0 137.0 
796.0 1098.0 885.0 402.0 918.0 1068.0 1141.0 57.0 411.0 419.0 561.0 781.0 0.0 832.0 804.0 927.0 873.0 1008.0 733.0 357.0 232.0 832.0 410.0 323.0 760.0 496.0 714.0 861.0 878.0 1068.0 879.0 904.0 833.0 1009.0 32.0 635.0 801.0 627.0 679.0 847.0 1064.0 859.0 807.0 689.0 384.0 730.0 110.0 278.0 459.0 1074.0 717.0 88.0 540.0 677.0 870.0 720.0 274.0 751.0 784.0 847.0 270.0 893.0 538.0 649.0 200.0 24.0 365.0 972.0 617.0 931.0 645.0 852.0 411.0 906.0 484.0 533.0 717.0 739.0 479.0 932.0 569.0 827.0 721.0 489.0 373.0 657.0 904.0 784.0 759.0 192.0 610.0 975.0 370.0 1013.0 809.0 884.0 663.0 466.0 301.0 737.0 
830.0 686.0 335.0 626.0 1087.0 947.0 859.0 843.0 426.0 974.0 702.0 629.0 832.0 0.0 498.0 1081.0 608.0 775.0 428.0 486.0 695.0 1161.0 808.0 720.0 429.0 673.0 721.0 348.0 892.0 958.0 296.0 361.0 49.0 797.0 810.0 544.0 1248.0 261.0 174.0 629.0 959.0 1053.0 907.0 514.0 494.0 103.0 769.0 617.0 823.0 807.0 1196.0 851.0 309.0 168.0 767.0 615.0 692.0 99.0 610.0 802.0 564.0 1015.0 689.0 581.0 972.0 855.0 493.0 450.0 731.0 785.0 510.0 31.0 596.0 1304.0 897.0 1071.0 715.0 834.0 368.0 354.0 709.0 1128.0 579.0 391.0 542.0 386.0 1122.0 1164.0 813.0 916.0 883.0 713.0 956.0 679.0 1045.0 810.0 540.0 569.0 540.0 735.0 
359.0 299.0 211.0 417.0 616.0 453.0 403.0 845.0 566.0 707.0 348.0 146.0 804.0 498.0 0.0 607.0 116.0 292.0 93.0 502.0 579.0 733.0 537.0 525.0 77.0 370.0 274.0 180.0 406.0 463.0 242.0 204.0 453.0 311.0 773.0 183.0 855.0 330.0 541.0 132.0 463.0 593.0 442.0 121.0 443.0 463.0 700.0 527.0 522.0 339.0 826.0 868.0 558.0 524.0 272.0 164.0 546.0 422.0 124.0 314.0 584.0 540.0 353.0 191.0 844.0 826.0 474.0 207.0 338.0 288.0 162.0 526.0 400.0 883.0 583.0 761.0 266.0 385.0 430.0 236.0 348.0 695.0 133.0 374.0 434.0 183.0 662.0 755.0 354.0 776.0 500.0 233.0 714.0 232.0 602.0 316.0 155.0 344.0 545.0 278.0 
252.0 662.0 817.0 610.0 19.0 334.0 528.0 983.0 958.0 558.0 437.0 463.0 927.0 1081.0 607.0 0.0 529.0 458.0 657.0 840.0 732.0 220.0 519.0 626.0 662.0 501.0 362.0 786.0 208.0 320.0 849.0 806.0 1042.0 434.0 901.0 544.0 382.0 850.0 1070.0 490.0 315.0 72.0 176.0 568.0 771.0 1021.0 828.0 749.0 470.0 498.0 414.0 1015.0 1024.0 1054.0 350.0 467.0 689.0 991.0 484.0 297.0 872.0 68.0 461.0 506.0 827.0 939.0 804.0 776.0 384.0 373.0 575.0 1111.0 627.0 344.0 449.0 502.0 368.0 255.0 856.0 836.0 427.0 185.0 503.0 793.0 718.0 699.0 82.0 284.0 269.0 777.0 319.0 495.0 602.0 572.0 131.0 308.0 544.0 606.0 844.0 346.0 
295.0 230.0 298.0 474.0 541.0 340.0 294.0 918.0 670.0 721.0 362.0 110.0 873.0 608.0 116.0 529.0 0.0 177.0 205.0 596.0 643.0 680.0 562.0 574.0 192.0 404.0 244.0 272.0 322.0 351.0 335.0 283.0 562.0 196.0 842.0 239.0 815.0 444.0 656.0 44.0 352.0 527.0 378.0 192.0 532.0 577.0 766.0 601.0 537.0 228.0 797.0 943.0 670.0 639.0 180.0 165.0 605.0 536.0 97.0 233.0 673.0 463.0 375.0 228.0 891.0 894.0 565.0 248.0 334.0 181.0 234.0 635.0 463.0 829.0 589.0 758.0 236.0 337.0 535.0 310.0 360.0 640.0 155.0 476.0 514.0 292.0 592.0 711.0 301.0 823.0 483.0 121.0 736.0 140.0 545.0 224.0 211.0 408.0 634.0 238.0 
290.0 204.0 450.0 607.0 474.0 183.0 134.0 1056.0 840.0 792.0 459.0 232.0 1008.0 775.0 292.0 458.0 177.0 0.0 382.0 759.0 776.0 649.0 654.0 693.0 368.0 516.0 309.0 429.0 266.0 198.0 489.0 429.0 728.0 27.0 977.0 389.0 802.0 621.0 832.0 178.0 200.0 480.0 354.0 355.0 691.0 751.0 899.0 745.0 619.0 68.0 802.0 1083.0 846.0 815.0 159.0 291.0 735.0 708.0 234.0 211.0 830.0 401.0 479.0 366.0 998.0 1027.0 725.0 365.0 413.0 101.0 393.0 801.0 602.0 792.0 655.0 804.0 304.0 353.0 707.0 450.0 453.0 609.0 299.0 646.0 665.0 467.0 534.0 696.0 315.0 932.0 524.0 62.0 816.0 123.0 516.0 177.0 365.0 550.0 792.0 290.0 
405.0 384.0 196.0 362.0 664.0 536.0 495.0 772.0 475.0 679.0 334.0 202.0 733.0 428.0 93.0 657.0 205.0 382.0 0.0 417.0 515.0 760.0 505.0 474.0 27.0 339.0 302.0 163.0 465.0 545.0 215.0 201.0 387.0 399.0 703.0 154.0 869.0 240.0 454.0 213.0 545.0 634.0 485.0 99.0 362.0 382.0 632.0 456.0 498.0 431.0 831.0 793.0 466.0 437.0 341.0 191.0 486.0 345.0 183.0 375.0 502.0 590.0 332.0 180.0 790.0 756.0 391.0 244.0 340.0 368.0 121.0 458.0 341.0 907.0 566.0 746.0 295.0 417.0 339.0 235.0 337.0 723.0 155.0 285.0 361.0 91.0 704.0 774.0 392.0 723.0 504.0 325.0 681.0 324.0 634.0 384.0 135.0 286.0 463.0 314.0 
632.0 800.0 541.0 236.0 838.0 868.0 887.0 381.0 125.0 530.0 404.0 530.0 357.0 486.0 502.0 840.0 596.0 759.0 417.0 0.0 218.0 833.0 395.0 279.0 442.0 340.0 521.0 520.0 716.0 872.0 529.0 562.0 482.0 768.0 332.0 372.0 870.0 271.0 354.0 583.0 870.0 786.0 678.0 406.0 72.0 384.0 284.0 144.0 430.0 819.0 801.0 396.0 235.0 348.0 654.0 476.0 230.0 399.0 525.0 654.0 91.0 786.0 380.0 402.0 487.0 380.0 37.0 639.0 460.0 706.0 366.0 510.0 215.0 952.0 496.0 643.0 520.0 597.0 123.0 587.0 414.0 811.0 460.0 140.0 123.0 329.0 848.0 810.0 599.0 432.0 549.0 712.0 501.0 731.0 754.0 683.0 395.0 239.0 56.0 545.0 
574.0 869.0 682.0 170.0 726.0 842.0 910.0 281.0 329.0 322.0 335.0 549.0 232.0 695.0 579.0 732.0 643.0 776.0 515.0 218.0 0.0 676.0 224.0 107.0 541.0 267.0 485.0 655.0 658.0 842.0 681.0 698.0 685.0 778.0 201.0 405.0 686.0 454.0 572.0 616.0 839.0 668.0 595.0 461.0 203.0 594.0 124.0 78.0 270.0 842.0 610.0 309.0 451.0 564.0 640.0 488.0 45.0 602.0 553.0 620.0 180.0 690.0 310.0 417.0 288.0 252.0 203.0 757.0 393.0 701.0 418.0 720.0 181.0 778.0 321.0 439.0 488.0 521.0 328.0 728.0 344.0 662.0 489.0 311.0 166.0 446.0 722.0 641.0 537.0 225.0 416.0 743.0 288.0 782.0 625.0 656.0 434.0 237.0 178.0 509.0 
386.0 849.0 941.0 599.0 201.0 548.0 736.0 888.0 957.0 423.0 464.0 591.0 832.0 1161.0 733.0 220.0 680.0 649.0 760.0 833.0 676.0 0.0 454.0 575.0 772.0 509.0 461.0 909.0 384.0 535.0 969.0 936.0 1128.0 628.0 810.0 620.0 163.0 911.0 1118.0 637.0 530.0 173.0 305.0 662.0 771.0 1086.0 747.0 714.0 410.0 698.0 202.0 919.0 1045.0 1104.0 514.0 574.0 638.0 1065.0 612.0 456.0 842.0 256.0 481.0 586.0 695.0 839.0 799.0 924.0 431.0 554.0 655.0 1192.0 623.0 150.0 357.0 334.0 469.0 349.0 879.0 968.0 456.0 41.0 609.0 822.0 713.0 778.0 142.0 71.0 382.0 658.0 289.0 675.0 471.0 752.0 137.0 480.0 629.0 622.0 822.0 455.0 
402.0 790.0 698.0 183.0 511.0 679.0 784.0 466.0 518.0 176.0 200.0 453.0 410.0 808.0 537.0 519.0 562.0 654.0 505.0 395.0 224.0 454.0 0.0 122.0 529.0 168.0 345.0 666.0 479.0 676.0 710.0 706.0 786.0 649.0 382.0 357.0 476.0 548.0 721.0 524.0 672.0 452.0 401.0 419.0 344.0 716.0 310.0 264.0 50.0 721.0 407.0 497.0 623.0 709.0 500.0 397.0 185.0 709.0 465.0 465.0 391.0 483.0 187.0 347.0 347.0 423.0 365.0 740.0 241.0 564.0 386.0 837.0 213.0 561.0 103.0 263.0 351.0 339.0 468.0 739.0 204.0 439.0 415.0 424.0 285.0 470.0 502.0 422.0 365.0 284.0 201.0 636.0 178.0 693.0 405.0 503.0 383.0 243.0 375.0 365.0 
474.0 803.0 656.0 112.0 619.0 746.0 827.0 376.0 401.0 257.0 240.0 473.0 323.0 720.0 525.0 626.0 574.0 693.0 474.0 279.0 107.0 575.0 122.0 0.0 500.0 177.0 393.0 626.0 557.0 746.0 662.0 669.0 703.0 693.0 292.0 344.0 596.0 466.0 618.0 542.0 742.0 562.0 490.0 404.0 236.0 623.0 214.0 143.0 166.0 760.0 524.0 405.0 511.0 608.0 550.0 413.0 65.0 623.0 480.0 525.0 269.0 584.0 217.0 347.0 320.0 339.0 252.0 717.0 295.0 612.0 364.0 748.0 138.0 683.0 223.0 366.0 396.0 419.0 365.0 701.0 248.0 559.0 420.0 330.0 181.0 420.0 616.0 544.0 437.0 252.0 310.0 666.0 236.0 712.0 519.0 562.0 372.0 188.0 254.0 416.0 
411.0 360.0 176.0 389.0 670.0 527.0 478.0 798.0 497.0 703.0 354.0 202.0 760.0 429.0 77.0 662.0 192.0 368.0 27.0 442.0 541.0 772.0 529.0 500.0 0.0 362.0 312.0 143.0 466.0 537.0 199.0 179.0 386.0 386.0 730.0 175.0 884.0 255.0 465.0 204.0 537.0 642.0 492.0 117.0 388.0 389.0 659.0 483.0 521.0 415.0 849.0 820.0 483.0 448.0 338.0 200.0 512.0 349.0 182.0 375.0 528.0 595.0 354.0 198.0 817.0 783.0 417.0 218.0 357.0 361.0 144.0 458.0 367.0 920.0 587.0 768.0 305.0 427.0 361.0 213.0 356.0 735.0 164.0 309.0 387.0 115.0 711.0 788.0 400.0 749.0 521.0 309.0 705.0 303.0 644.0 382.0 154.0 313.0 488.0 322.0 
311.0 633.0 533.0 112.0 499.0 575.0 650.0 547.0 460.0 341.0 70.0 299.0 496.0 673.0 370.0 501.0 404.0 516.0 339.0 340.0 267.0 509.0 168.0 177.0 362.0 0.0 218.0 501.0 396.0 576.0 547.0 540.0 646.0 516.0 465.0 190.0 577.0 414.0 611.0 370.0 573.0 447.0 344.0 252.0 272.0 589.0 387.0 258.0 162.0 583.0 523.0 576.0 538.0 598.0 374.0 240.0 224.0 574.0 308.0 353.0 375.0 449.0 44.0 182.0 488.0 514.0 303.0 573.0 129.0 436.0 219.0 703.0 126.0 641.0 232.0 413.0 221.0 264.0 371.0 573.0 80.0 482.0 252.0 314.0 217.0 312.0 510.0 499.0 275.0 421.0 221.0 490.0 345.0 539.0 417.0 389.0 216.0 114.0 345.0 242.0 
117.0 459.0 481.0 322.0 367.0 359.0 440.0 765.0 628.0 489.0 154.0 138.0 714.0 721.0 274.0 362.0 244.0 309.0 302.0 521.0 485.0 461.0 345.0 393.0 312.0 218.0 0.0 448.0 198.0 360.0 509.0 476.0 683.0 305.0 683.0 184.0 582.0 490.0 710.0 201.0 357.0 333.0 187.0 208.0 449.0 659.0 604.0 469.0 311.0 376.0 558.0 793.0 675.0 695.0 158.0 113.0 441.0 630.0 158.0 137.0 574.0 297.0 177.0 145.0 690.0 731.0 484.0 473.0 105.0 221.0 214.0 751.0 326.0 610.0 353.0 516.0 9.0 115.0 511.0 509.0 147.0 423.0 149.0 446.0 407.0 337.0 403.0 482.0 94.0 624.0 240.0 295.0 510.0 358.0 333.0 172.0 182.0 285.0 540.0 25.0 
538.0 347.0 34.0 515.0 795.0 606.0 511.0 894.0 544.0 841.0 496.0 325.0 861.0 348.0 180.0 786.0 272.0 429.0 163.0 520.0 655.0 909.0 666.0 626.0 143.0 501.0 448.0 0.0 583.0 619.0 64.0 44.0 301.0 453.0 832.0 317.0 1025.0 273.0 436.0 302.0 620.0 772.0 621.0 259.0 478.0 343.0 766.0 589.0 661.0 459.0 991.0 912.0 496.0 419.0 446.0 336.0 631.0 295.0 303.0 492.0 610.0 719.0 495.0 340.0 937.0 884.0 502.0 127.0 499.0 452.0 284.0 374.0 490.0 1058.0 728.0 909.0 441.0 561.0 415.0 75.0 499.0 871.0 301.0 380.0 492.0 209.0 841.0 928.0 532.0 871.0 663.0 368.0 840.0 331.0 779.0 490.0 296.0 439.0 572.0 455.0 
86.0 466.0 613.0 506.0 220.0 206.0 363.0 932.0 825.0 580.0 327.0 265.0 878.0 892.0 406.0 208.0 322.0 266.0 465.0 716.0 658.0 384.0 479.0 557.0 466.0 396.0 198.0 583.0 0.0 200.0 647.0 601.0 850.0 246.0 849.0 375.0 537.0 676.0 899.0 284.0 196.0 216.0 97.0 384.0 645.0 840.0 771.0 653.0 434.0 318.0 542.0 962.0 871.0 882.0 143.0 282.0 614.0 806.0 285.0 92.0 765.0 143.0 352.0 337.0 822.0 894.0 679.0 569.0 267.0 172.0 401.0 922.0 515.0 528.0 447.0 567.0 200.0 141.0 708.0 630.0 317.0 343.0 315.0 643.0 600.0 518.0 275.0 431.0 122.0 762.0 303.0 293.0 614.0 371.0 250.0 102.0 367.0 479.0 732.0 175.0 
275.0 385.0 642.0 682.0 338.0 17.0 216.0 1120.0 969.0 780.0 508.0 357.0 1068.0 958.0 463.0 320.0 351.0 198.0 545.0 872.0 842.0 535.0 676.0 746.0 537.0 576.0 360.0 619.0 200.0 0.0 681.0 623.0 913.0 171.0 1037.0 505.0 696.0 780.0 998.0 333.0 6.0 365.0 293.0 492.0 801.0 925.0 959.0 828.0 632.0 206.0 716.0 1150.0 995.0 982.0 219.0 401.0 798.0 885.0 370.0 223.0 931.0 281.0 533.0 472.0 1020.0 1084.0 836.0 562.0 451.0 178.0 522.0 986.0 685.0 663.0 647.0 761.0 359.0 337.0 842.0 645.0 499.0 496.0 425.0 778.0 764.0 620.0 401.0 593.0 312.0 959.0 503.0 256.0 814.0 319.0 416.0 191.0 488.0 642.0 896.0 336.0 
600.0 392.0 40.0 551.0 858.0 668.0 565.0 908.0 539.0 885.0 548.0 387.0 879.0 296.0 242.0 849.0 335.0 489.0 215.0 529.0 681.0 969.0 710.0 662.0 199.0 547.0 509.0 64.0 647.0 681.0 0.0 66.0 247.0 514.0 851.0 368.0 1082.0 268.0 400.0 366.0 682.0 834.0 683.0 314.0 495.0 304.0 788.0 612.0 708.0 516.0 1046.0 925.0 476.0 385.0 510.0 396.0 660.0 254.0 366.0 555.0 620.0 782.0 545.0 394.0 967.0 902.0 515.0 158.0 555.0 515.0 334.0 319.0 525.0 1118.0 777.0 958.0 501.0 622.0 417.0 68.0 551.0 932.0 361.0 391.0 516.0 243.0 903.0 986.0 594.0 901.0 719.0 428.0 882.0 386.0 840.0 554.0 350.0 476.0 583.0 516.0 
560.0 327.0 28.0 557.0 816.0 609.0 501.0 937.0 584.0 880.0 533.0 348.0 904.0 361.0 204.0 806.0 283.0 429.0 201.0 562.0 698.0 936.0 706.0 669.0 179.0 540.0 476.0 44.0 601.0 623.0 66.0 0.0 313.0 454.0 876.0 354.0 1056.0 312.0 462.0 317.0 624.0 795.0 644.0 295.0 521.0 366.0 810.0 632.0 699.0 453.0 1024.0 955.0 530.0 446.0 461.0 365.0 674.0 317.0 326.0 510.0 652.0 739.0 533.0 375.0 980.0 928.0 544.0 95.0 533.0 461.0 322.0 384.0 533.0 1086.0 766.0 946.0 468.0 588.0 456.0 34.0 535.0 898.0 331.0 423.0 536.0 253.0 863.0 957.0 557.0 914.0 697.0 368.0 881.0 323.0 805.0 505.0 332.0 481.0 614.0 481.0 
790.0 639.0 287.0 605.0 1048.0 901.0 811.0 848.0 434.0 954.0 672.0 587.0 833.0 49.0 453.0 1042.0 562.0 728.0 387.0 482.0 685.0 1128.0 786.0 703.0 386.0 646.0 683.0 301.0 850.0 913.0 247.0 313.0 0.0 751.0 811.0 509.0 1218.0 239.0 200.0 585.0 913.0 1015.0 868.0 475.0 483.0 110.0 765.0 607.0 799.0 759.0 1168.0 857.0 324.0 190.0 723.0 575.0 679.0 84.0 567.0 760.0 564.0 975.0 660.0 545.0 966.0 856.0 486.0 402.0 698.0 740.0 474.0 74.0 576.0 1271.0 872.0 1048.0 676.0 796.0 361.0 307.0 678.0 1094.0 539.0 376.0 527.0 351.0 1085.0 1132.0 775.0 907.0 852.0 666.0 939.0 631.0 1009.0 767.0 503.0 544.0 537.0 696.0 
275.0 229.0 475.0 609.0 450.0 157.0 136.0 1059.0 853.0 783.0 457.0 239.0 1009.0 797.0 311.0 434.0 196.0 27.0 399.0 768.0 778.0 628.0 649.0 693.0 386.0 516.0 305.0 453.0 246.0 171.0 514.0 454.0 751.0 0.0 978.0 397.0 782.0 638.0 851.0 191.0 173.0 458.0 336.0 366.0 700.0 772.0 900.0 749.0 613.0 76.0 785.0 1086.0 862.0 834.0 150.0 296.0 736.0 729.0 244.0 197.0 838.0 378.0 477.0 371.0 994.0 1028.0 734.0 392.0 409.0 88.0 404.0 824.0 606.0 770.0 646.0 791.0 300.0 340.0 720.0 475.0 450.0 587.0 308.0 658.0 672.0 482.0 511.0 676.0 303.0 928.0 513.0 87.0 809.0 150.0 495.0 161.0 374.0 555.0 800.0 285.0 
766.0 1067.0 857.0 371.0 891.0 1038.0 1110.0 84.0 392.0 400.0 531.0 750.0 32.0 810.0 773.0 901.0 842.0 977.0 703.0 332.0 201.0 810.0 382.0 292.0 730.0 465.0 683.0 832.0 849.0 1037.0 851.0 876.0 811.0 978.0 0.0 604.0 783.0 601.0 660.0 816.0 1034.0 832.0 778.0 658.0 356.0 708.0 79.0 248.0 432.0 1043.0 700.0 115.0 522.0 658.0 839.0 689.0 243.0 728.0 753.0 817.0 248.0 865.0 507.0 617.0 199.0 53.0 338.0 942.0 587.0 901.0 615.0 832.0 380.0 887.0 459.0 516.0 686.0 709.0 454.0 904.0 539.0 803.0 689.0 462.0 344.0 627.0 878.0 762.0 729.0 181.0 582.0 944.0 352.0 982.0 783.0 853.0 632.0 435.0 276.0 706.0 
299.0 464.0 350.0 239.0 548.0 500.0 519.0 680.0 464.0 530.0 180.0 158.0 635.0 544.0 183.0 544.0 239.0 389.0 154.0 372.0 405.0 620.0 357.0 344.0 175.0 190.0 184.0 317.0 375.0 505.0 368.0 354.0 509.0 397.0 604.0 0.0 720.0 307.0 527.0 217.0 504.0 510.0 369.0 63.0 303.0 477.0 528.0 363.0 347.0 451.0 680.0 705.0 498.0 512.0 287.0 105.0 369.0 451.0 155.0 297.0 442.0 480.0 179.0 39.0 663.0 656.0 338.0 383.0 192.0 335.0 36.0 575.0 225.0 766.0 412.0 593.0 179.0 292.0 339.0 388.0 184.0 586.0 90.0 274.0 278.0 159.0 580.0 629.0 276.0 595.0 354.0 347.0 534.0 379.0 502.0 320.0 29.0 170.0 404.0 203.0 
526.0 998.0 1058.0 647.0 363.0 709.0 894.0 854.0 994.0 384.0 548.0 718.0 801.0 1248.0 855.0 382.0 815.0 802.0 869.0 870.0 686.0 163.0 476.0 596.0 884.0 577.0 582.0 1025.0 537.0 696.0 1082.0 1056.0 1218.0 782.0 783.0 720.0 0.0 990.0 1184.0 772.0 691.0 332.0 451.0 770.0 817.0 1165.0 732.0 738.0 443.0 854.0 86.0 884.0 1096.0 1172.0 659.0 692.0 654.0 1150.0 739.0 601.0 862.0 416.0 559.0 690.0 637.0 803.0 840.0 1054.0 529.0 704.0 756.0 1278.0 675.0 112.0 374.0 269.0 590.0 479.0 936.0 1089.0 542.0 200.0 725.0 885.0 757.0 873.0 303.0 107.0 515.0 613.0 368.0 822.0 431.0 899.0 287.0 629.0 735.0 687.0 850.0 582.0 
605.0 600.0 287.0 367.0 854.0 771.0 732.0 651.0 273.0 716.0 448.0 427.0 627.0 261.0 330.0 850.0 444.0 621.0 240.0 271.0 454.0 911.0 548.0 466.0 255.0 414.0 490.0 273.0 676.0 780.0 268.0 312.0 239.0 638.0 601.0 307.0 990.0 0.0 223.0 451.0 779.0 814.0 675.0 295.0 254.0 176.0 546.0 378.0 563.0 669.0 936.0 665.0 231.0 206.0 569.0 395.0 445.0 162.0 412.0 593.0 360.0 786.0 433.0 345.0 740.0 650.0 264.0 399.0 483.0 602.0 277.0 290.0 337.0 1050.0 637.0 811.0 485.0 597.0 152.0 331.0 456.0 879.0 364.0 144.0 292.0 161.0 883.0 909.0 582.0 679.0 628.0 563.0 701.0 555.0 801.0 609.0 310.0 308.0 326.0 508.0 
826.0 782.0 434.0 540.0 1073.0 989.0 934.0 685.0 269.0 874.0 655.0 648.0 679.0 174.0 541.0 1070.0 656.0 832.0 454.0 354.0 572.0 1118.0 721.0 618.0 465.0 611.0 710.0 436.0 899.0 998.0 400.0 462.0 200.0 851.0 660.0 527.0 1184.0 223.0 0.0 667.0 998.0 1031.0 895.0 517.0 382.0 100.0 628.0 495.0 745.0 874.0 1123.0 689.0 142.0 17.0 790.0 618.0 578.0 149.0 632.0 815.0 419.0 1006.0 637.0 566.0 835.0 701.0 371.0 556.0 696.0 821.0 499.0 185.0 511.0 1252.0 817.0 980.0 706.0 816.0 254.0 467.0 664.0 1089.0 586.0 300.0 438.0 383.0 1099.0 1110.0 803.0 783.0 831.0 772.0 849.0 753.0 1014.0 830.0 532.0 499.0 402.0 729.0 
252.0 266.0 331.0 446.0 501.0 323.0 305.0 894.0 663.0 681.0 325.0 71.0 847.0 629.0 132.0 490.0 44.0 178.0 213.0 583.0 616.0 637.0 524.0 542.0 204.0 370.0 201.0 302.0 284.0 333.0 366.0 317.0 585.0 191.0 816.0 217.0 772.0 451.0 667.0 0.0 333.0 485.0 335.0 178.0 516.0 593.0 739.0 578.0 498.0 237.0 753.0 919.0 672.0 650.0 144.0 130.0 577.0 553.0 64.0 193.0 657.0 424.0 339.0 199.0 857.0 868.0 550.0 289.0 293.0 157.0 218.0 658.0 438.0 786.0 548.0 716.0 193.0 293.0 530.0 346.0 321.0 597.0 128.0 469.0 494.0 293.0 551.0 668.0 258.0 790.0 440.0 131.0 697.0 170.0 502.0 189.0 190.0 383.0 618.0 194.0 
271.0 388.0 643.0 679.0 333.0 21.0 221.0 1117.0 968.0 775.0 505.0 356.0 1064.0 959.0 463.0 315.0 352.0 200.0 545.0 870.0 839.0 530.0 672.0 742.0 537.0 573.0 357.0 620.0 196.0 6.0 682.0 624.0 913.0 173.0 1034.0 504.0 691.0 779.0 998.0 333.0 0.0 360.0 288.0 491.0 799.0 925.0 956.0 825.0 628.0 210.0 711.0 1146.0 994.0 981.0 218.0 400.0 795.0 885.0 369.0 220.0 929.0 276.0 529.0 470.0 1016.0 1081.0 834.0 564.0 447.0 178.0 520.0 987.0 682.0 658.0 642.0 757.0 356.0 333.0 841.0 646.0 496.0 491.0 423.0 777.0 761.0 619.0 396.0 588.0 308.0 955.0 498.0 258.0 809.0 321.0 411.0 188.0 487.0 639.0 893.0 333.0 
235.0 681.0 804.0 553.0 60.0 377.0 564.0 915.0 906.0 486.0 386.0 448.0 859.0 1053.0 593.0 72.0 527.0 480.0 634.0 786.0 668.0 173.0 452.0 562.0 642.0 447.0 333.0 772.0 216.0 365.0 834.0 795.0 1015.0 458.0 832.0 510.0 332.0 814.0 1031.0 485.0 360.0 0.0 152.0 541.0 718.0 987.0 761.0 688.0 403.0 527.0 354.0 946.0 977.0 1016.0 353.0 443.0 625.0 960.0 470.0 296.0 813.0 84.0 409.0 473.0 756.0 869.0 749.0 773.0 338.0 387.0 543.0 1083.0 572.0 313.0 378.0 432.0 340.0 219.0 809.0 826.0 377.0 133.0 479.0 747.0 663.0 667.0 70.0 229.0 242.0 706.0 253.0 509.0 530.0 586.0 60.0 315.0 513.0 555.0 787.0 321.0 
84.0 548.0 652.0 455.0 181.0 300.0 457.0 862.0 793.0 489.0 276.0 297.0 807.0 907.0 442.0 176.0 378.0 354.0 485.0 678.0 595.0 305.0 401.0 490.0 492.0 344.0 187.0 621.0 97.0 293.0 683.0 644.0 868.0 336.0 778.0 369.0 451.0 675.0 895.0 335.0 288.0 152.0 0.0 394.0 608.0 845.0 702.0 599.0 354.0 409.0 450.0 892.0 852.0 879.0 210.0 294.0 550.0 816.0 318.0 152.0 718.0 112.0 301.0 331.0 738.0 821.0 641.0 624.0 219.0 255.0 400.0 937.0 468.0 453.0 358.0 471.0 193.0 82.0 686.0 675.0 266.0 265.0 330.0 622.0 558.0 524.0 221.0 344.0 94.0 679.0 213.0 372.0 524.0 449.0 169.0 179.0 369.0 441.0 687.0 172.0 
317.0 410.0 292.0 297.0 574.0 484.0 481.0 732.0 487.0 592.0 238.0 136.0 689.0 514.0 121.0 568.0 192.0 355.0 99.0 406.0 461.0 662.0 419.0 404.0 117.0 252.0 208.0 259.0 384.0 492.0 314.0 295.0 475.0 366.0 658.0 63.0 770.0 295.0 517.0 178.0 491.0 541.0 394.0 0.0 341.0 457.0 583.0 413.0 408.0 414.0 733.0 756.0 504.0 500.0 276.0 103.0 427.0 425.0 124.0 299.0 482.0 502.0 240.0 81.0 724.0 710.0 374.0 321.0 242.0 316.0 44.0 544.0 281.0 809.0 473.0 653.0 202.0 322.0 355.0 329.0 241.0 626.0 70.0 292.0 324.0 135.0 610.0 675.0 300.0 656.0 406.0 306.0 596.0 329.0 538.0 315.0 38.0 225.0 443.0 222.0 
561.0 741.0 502.0 173.0 769.0 797.0 820.0 416.0 188.0 493.0 334.0 461.0 384.0 494.0 443.0 771.0 532.0 691.0 362.0 72.0 203.0 771.0 344.0 236.0 388.0 272.0 449.0 478.0 645.0 801.0 495.0 521.0 483.0 700.0 356.0 303.0 817.0 254.0 382.0 516.0 799.0 718.0 608.0 341.0 0.0 394.0 295.0 125.0 375.0 752.0 751.0 435.0 280.0 372.0 584.0 406.0 200.0 400.0 457.0 582.0 142.0 716.0 310.0 331.0 487.0 407.0 36.0 592.0 390.0 636.0 299.0 520.0 149.0 895.0 444.0 600.0 449.0 526.0 130.0 549.0 344.0 748.0 392.0 111.0 60.0 278.0 781.0 752.0 528.0 426.0 485.0 646.0 469.0 668.0 688.0 611.0 327.0 168.0 103.0 473.0 
772.0 690.0 338.0 533.0 1025.0 915.0 847.0 742.0 326.0 878.0 624.0 581.0 730.0 103.0 463.0 1021.0 577.0 751.0 382.0 384.0 594.0 1086.0 716.0 623.0 389.0 589.0 659.0 343.0 840.0 925.0 304.0 366.0 110.0 772.0 708.0 477.0 1165.0 176.0 100.0 593.0 925.0 987.0 845.0 457.0 394.0 0.0 666.0 516.0 734.0 791.0 1110.0 750.0 215.0 86.0 723.0 559.0 593.0 50.0 564.0 753.0 461.0 955.0 609.0 516.0 870.0 753.0 392.0 460.0 658.0 749.0 446.0 127.0 503.0 1226.0 808.0 978.0 654.0 769.0 267.0 370.0 631.0 1055.0 525.0 294.0 444.0 323.0 1056.0 1084.0 752.0 814.0 803.0 690.0 859.0 667.0 975.0 765.0 478.0 480.0 437.0 676.0 
688.0 991.0 792.0 293.0 820.0 960.0 1032.0 162.0 364.0 350.0 452.0 672.0 110.0 769.0 700.0 828.0 766.0 899.0 632.0 284.0 124.0 747.0 310.0 214.0 659.0 387.0 604.0 766.0 771.0 959.0 788.0 810.0 765.0 900.0 79.0 528.0 732.0 546.0 628.0 739.0 956.0 761.0 702.0 583.0 295.0 666.0 0.0 178.0 359.0 965.0 651.0 191.0 495.0 624.0 761.0 612.0 164.0 682.0 676.0 738.0 210.0 791.0 428.0 540.0 208.0 129.0 283.0 873.0 509.0 822.0 540.0 792.0 303.0 832.0 393.0 469.0 607.0 632.0 405.0 839.0 460.0 739.0 613.0 404.0 275.0 559.0 809.0 704.0 651.0 164.0 510.0 866.0 305.0 905.0 713.0 775.0 557.0 359.0 230.0 628.0 
568.0 822.0 615.0 148.0 744.0 827.0 878.0 319.0 261.0 388.0 327.0 515.0 278.0 617.0 527.0 749.0 601.0 745.0 456.0 144.0 78.0 714.0 264.0 143.0 483.0 258.0 469.0 589.0 653.0 828.0 612.0 632.0 607.0 749.0 248.0 363.0 738.0 378.0 495.0 578.0 825.0 688.0 599.0 413.0 125.0 516.0 178.0 0.0 305.0 810.0 666.0 343.0 378.0 488.0 618.0 455.0 87.0 524.0 515.0 605.0 128.0 701.0 302.0 380.0 363.0 300.0 125.0 696.0 387.0 677.0 370.0 642.0 145.0 825.0 366.0 502.0 470.0 521.0 250.0 661.0 337.0 696.0 450.0 235.0 97.0 382.0 746.0 686.0 532.0 302.0 440.0 707.0 358.0 740.0 649.0 639.0 390.0 196.0 112.0 493.0 
359.0 764.0 693.0 206.0 461.0 636.0 748.0 515.0 554.0 186.0 177.0 428.0 459.0 823.0 522.0 470.0 537.0 619.0 498.0 430.0 270.0 410.0 50.0 166.0 521.0 162.0 311.0 661.0 434.0 632.0 708.0 699.0 799.0 613.0 432.0 347.0 443.0 563.0 745.0 498.0 628.0 403.0 354.0 408.0 375.0 734.0 359.0 305.0 0.0 686.0 379.0 546.0 654.0 733.0 463.0 375.0 230.0 725.0 441.0 425.0 433.0 435.0 170.0 332.0 389.0 471.0 398.0 728.0 208.0 527.0 378.0 853.0 235.0 523.0 74.0 252.0 318.0 295.0 495.0 733.0 178.0 393.0 395.0 446.0 315.0 473.0 453.0 382.0 323.0 328.0 151.0 605.0 200.0 665.0 356.0 464.0 371.0 255.0 414.0 329.0 
351.0 179.0 476.0 673.0 515.0 190.0 69.0 1122.0 897.0 857.0 526.0 295.0 1074.0 807.0 339.0 498.0 228.0 68.0 431.0 819.0 842.0 698.0 721.0 760.0 415.0 583.0 376.0 459.0 318.0 206.0 516.0 453.0 759.0 76.0 1043.0 451.0 854.0 669.0 874.0 237.0 210.0 527.0 409.0 414.0 752.0 791.0 965.0 810.0 686.0 0.0 858.0 1149.0 897.0 857.0 224.0 355.0 801.0 746.0 296.0 272.0 892.0 445.0 546.0 430.0 1065.0 1093.0 786.0 379.0 480.0 163.0 454.0 832.0 667.0 837.0 720.0 866.0 371.0 415.0 763.0 469.0 520.0 658.0 362.0 703.0 729.0 519.0 577.0 748.0 378.0 999.0 588.0 108.0 882.0 131.0 567.0 236.0 426.0 615.0 854.0 357.0 
518.0 992.0 1024.0 584.0 395.0 727.0 904.0 770.0 924.0 302.0 502.0 695.0 717.0 1196.0 826.0 414.0 797.0 802.0 831.0 801.0 610.0 202.0 407.0 524.0 849.0 523.0 558.0 991.0 542.0 716.0 1046.0 1024.0 1168.0 785.0 700.0 680.0 86.0 936.0 1123.0 753.0 711.0 354.0 450.0 733.0 751.0 1110.0 651.0 666.0 379.0 858.0 0.0 800.0 1030.0 1111.0 653.0 662.0 581.0 1097.0 715.0 596.0 788.0 436.0 511.0 652.0 552.0 718.0 771.0 1029.0 492.0 703.0 715.0 1226.0 613.0 196.0 307.0 185.0 566.0 463.0 873.0 1058.0 498.0 230.0 694.0 824.0 691.0 828.0 340.0 132.0 501.0 529.0 328.0 817.0 348.0 892.0 301.0 627.0 697.0 630.0 777.0 561.0 
879.0 1164.0 934.0 477.0 1005.0 1150.0 1217.0 32.0 425.0 503.0 642.0 855.0 88.0 851.0 868.0 1015.0 943.0 1083.0 793.0 396.0 309.0 919.0 497.0 405.0 820.0 576.0 793.0 912.0 962.0 1150.0 925.0 955.0 857.0 1086.0 115.0 705.0 884.0 665.0 689.0 919.0 1146.0 946.0 892.0 756.0 435.0 750.0 191.0 343.0 546.0 1149.0 800.0 0.0 549.0 690.0 949.0 794.0 352.0 776.0 856.0 928.0 306.0 980.0 618.0 721.0 265.0 82.0 411.0 1027.0 699.0 1010.0 712.0 869.0 483.0 990.0 572.0 615.0 796.0 823.0 513.0 981.0 651.0 914.0 792.0 534.0 434.0 712.0 991.0 869.0 842.0 272.0 697.0 1048.0 454.0 1083.0 896.0 964.0 733.0 537.0 342.0 817.0 
792.0 831.0 503.0 450.0 1024.0 988.0 960.0 545.0 131.0 764.0 592.0 639.0 540.0 309.0 558.0 1024.0 670.0 846.0 466.0 235.0 451.0 1045.0 623.0 511.0 483.0 538.0 675.0 496.0 871.0 995.0 476.0 530.0 324.0 862.0 522.0 498.0 1096.0 231.0 142.0 672.0 994.0 977.0 852.0 504.0 280.0 215.0 495.0 378.0 654.0 897.0 1030.0 549.0 0.0 143.0 779.0 598.0 464.0 253.0 627.0 794.0 286.0 963.0 571.0 535.0 702.0 562.0 260.0 622.0 641.0 819.0 476.0 324.0 424.0 1172.0 723.0 876.0 672.0 771.0 168.0 543.0 602.0 1020.0 572.0 231.0 339.0 380.0 1044.0 1030.0 764.0 653.0 757.0 790.0 735.0 786.0 953.0 815.0 510.0 425.0 275.0 696.0 
810.0 766.0 418.0 529.0 1057.0 972.0 917.0 685.0 267.0 864.0 641.0 631.0 677.0 168.0 524.0 1054.0 639.0 815.0 437.0 348.0 564.0 1104.0 709.0 608.0 448.0 598.0 695.0 419.0 882.0 982.0 385.0 446.0 190.0 834.0 658.0 512.0 1172.0 206.0 17.0 650.0 981.0 1016.0 879.0 500.0 372.0 86.0 624.0 488.0 733.0 857.0 1111.0 690.0 143.0 0.0 773.0 601.0 570.0 134.0 615.0 798.0 415.0 991.0 623.0 550.0 830.0 699.0 363.0 540.0 681.0 804.0 483.0 181.0 499.0 1239.0 806.0 970.0 690.0 800.0 243.0 452.0 650.0 1074.0 570.0 288.0 428.0 366.0 1084.0 1096.0 787.0 778.0 817.0 755.0 841.0 737.0 999.0 813.0 516.0 486.0 396.0 713.0 
136.0 340.0 474.0 474.0 362.0 214.0 285.0 921.0 750.0 634.0 312.0 143.0 870.0 767.0 272.0 350.0 180.0 159.0 341.0 654.0 640.0 514.0 500.0 550.0 338.0 374.0 158.0 446.0 143.0 219.0 510.0 461.0 723.0 150.0 839.0 287.0 659.0 569.0 790.0 144.0 218.0 353.0 210.0 276.0 584.0 723.0 761.0 618.0 463.0 224.0 653.0 949.0 779.0 773.0 0.0 183.0 597.0 686.0 159.0 59.0 716.0 285.0 334.0 254.0 846.0 888.0 619.0 426.0 261.0 64.0 304.0 796.0 474.0 662.0 497.0 645.0 154.0 195.0 624.0 489.0 305.0 474.0 208.0 560.0 548.0 408.0 416.0 553.0 158.0 781.0 366.0 165.0 659.0 240.0 378.0 45.0 270.0 428.0 680.0 137.0 
216.0 394.0 369.0 319.0 474.0 396.0 424.0 768.0 569.0 559.0 199.0 61.0 720.0 615.0 164.0 467.0 165.0 291.0 191.0 476.0 488.0 574.0 397.0 413.0 200.0 240.0 113.0 336.0 282.0 401.0 396.0 365.0 575.0 296.0 689.0 105.0 692.0 395.0 618.0 130.0 400.0 443.0 294.0 103.0 406.0 559.0 612.0 455.0 375.0 355.0 662.0 794.0 598.0 601.0 183.0 0.0 449.0 526.0 69.0 198.0 543.0 401.0 211.0 76.0 728.0 740.0 441.0 368.0 178.0 231.0 123.0 645.0 312.0 723.0 430.0 604.0 106.0 227.0 442.0 398.0 197.0 536.0 37.0 378.0 376.0 237.0 513.0 593.0 202.0 660.0 338.0 255.0 572.0 300.0 445.0 218.0 89.0 260.0 505.0 123.0 
530.0 833.0 659.0 132.0 682.0 798.0 869.0 324.0 348.0 301.0 291.0 510.0 274.0 692.0 546.0 689.0 605.0 735.0 486.0 230.0 45.0 638.0 185.0 65.0 512.0 224.0 441.0 631.0 614.0 798.0 660.0 674.0 679.0 736.0 243.0 369.0 654.0 445.0 578.0 577.0 795.0 625.0 550.0 427.0 200.0 593.0 164.0 87.0 230.0 801.0 581.0 352.0 464.0 570.0 597.0 449.0 0.0 598.0 514.0 576.0 208.0 646.0 266.0 379.0 307.0 293.0 208.0 729.0 348.0 658.0 384.0 719.0 146.0 744.0 285.0 415.0 444.0 477.0 329.0 704.0 299.0 623.0 451.0 304.0 153.0 422.0 680.0 606.0 493.0 241.0 374.0 703.0 272.0 745.0 583.0 612.0 398.0 203.0 198.0 465.0 
741.0 642.0 290.0 528.0 996.0 874.0 802.0 767.0 354.0 876.0 605.0 546.0 751.0 99.0 422.0 991.0 536.0 708.0 345.0 399.0 602.0 1065.0 709.0 623.0 349.0 574.0 630.0 295.0 806.0 885.0 254.0 317.0 84.0 729.0 728.0 451.0 1150.0 162.0 149.0 553.0 885.0 960.0 816.0 425.0 400.0 50.0 682.0 524.0 725.0 746.0 1097.0 776.0 253.0 134.0 686.0 526.0 598.0 0.0 527.0 718.0 481.0 925.0 592.0 488.0 883.0 774.0 403.0 411.0 636.0 709.0 418.0 129.0 498.0 1207.0 798.0 972.0 624.0 742.0 278.0 320.0 612.0 1033.0 492.0 295.0 446.0 293.0 1030.0 1066.0 723.0 824.0 786.0 647.0 859.0 621.0 951.0 728.0 448.0 470.0 454.0 646.0 
235.0 326.0 335.0 383.0 493.0 362.0 365.0 831.0 610.0 625.0 266.0 22.0 784.0 610.0 124.0 484.0 97.0 234.0 183.0 525.0 553.0 612.0 465.0 480.0 182.0 308.0 158.0 303.0 285.0 370.0 366.0 326.0 567.0 244.0 753.0 155.0 739.0 412.0 632.0 64.0 369.0 470.0 318.0 124.0 457.0 564.0 676.0 515.0 441.0 296.0 715.0 856.0 627.0 615.0 159.0 69.0 514.0 527.0 0.0 194.0 597.0 417.0 279.0 136.0 795.0 805.0 492.0 316.0 240.0 193.0 160.0 639.0 375.0 762.0 494.0 666.0 149.0 263.0 479.0 358.0 263.0 573.0 66.0 416.0 433.0 251.0 538.0 637.0 231.0 728.0 394.0 192.0 640.0 232.0 479.0 201.0 131.0 321.0 558.0 158.0 
79.0 398.0 521.0 459.0 308.0 222.0 329.0 899.0 756.0 589.0 287.0 174.0 847.0 802.0 314.0 297.0 233.0 211.0 375.0 654.0 620.0 456.0 465.0 525.0 375.0 353.0 137.0 492.0 92.0 223.0 555.0 510.0 760.0 197.0 817.0 297.0 601.0 593.0 815.0 193.0 220.0 296.0 152.0 299.0 582.0 753.0 738.0 605.0 425.0 272.0 596.0 928.0 794.0 798.0 59.0 198.0 576.0 718.0 194.0 0.0 710.0 231.0 311.0 261.0 812.0 864.0 617.0 480.0 231.0 111.0 320.0 832.0 463.0 604.0 452.0 594.0 136.0 143.0 635.0 539.0 278.0 415.0 229.0 570.0 543.0 433.0 360.0 495.0 107.0 748.0 317.0 222.0 617.0 298.0 320.0 39.0 285.0 421.0 675.0 113.0 
680.0 883.0 631.0 264.0 868.0 928.0 961.0 291.0 157.0 502.0 443.0 600.0 270.0 564.0 584.0 872.0 673.0 830.0 502.0 91.0 180.0 842.0 391.0 269.0 528.0 375.0 574.0 610.0 765.0 931.0 620.0 652.0 564.0 838.0 248.0 442.0 862.0 360.0 419.0 657.0 929.0 813.0 718.0 482.0 142.0 461.0 210.0 128.0 433.0 892.0 788.0 306.0 286.0 415.0 716.0 543.0 208.0 481.0 597.0 710.0 0.0 822.0 418.0 467.0 417.0 294.0 112.0 728.0 501.0 772.0 440.0 586.0 252.0 951.0 492.0 619.0 575.0 638.0 210.0 677.0 453.0 824.0 531.0 230.0 168.0 416.0 872.0 812.0 645.0 368.0 567.0 787.0 466.0 810.0 776.0 741.0 467.0 290.0 40.0 599.0 
185.0 604.0 749.0 559.0 78.0 294.0 481.0 949.0 902.0 542.0 382.0 396.0 893.0 1015.0 540.0 68.0 463.0 401.0 590.0 786.0 690.0 256.0 483.0 584.0 595.0 449.0 297.0 719.0 143.0 281.0 782.0 739.0 975.0 378.0 865.0 480.0 416.0 786.0 1006.0 424.0 276.0 84.0 112.0 502.0 716.0 955.0 791.0 701.0 435.0 445.0 436.0 980.0 963.0 991.0 285.0 401.0 646.0 925.0 417.0 231.0 822.0 0.0 407.0 441.0 805.0 905.0 749.0 710.0 327.0 312.0 510.0 1045.0 574.0 393.0 423.0 500.0 302.0 193.0 797.0 769.0 372.0 217.0 436.0 733.0 664.0 633.0 134.0 313.0 204.0 752.0 285.0 434.0 583.0 511.0 136.0 244.0 478.0 550.0 793.0 280.0 
267.0 604.0 528.0 155.0 459.0 532.0 612.0 589.0 498.0 354.0 26.0 268.0 538.0 689.0 353.0 461.0 375.0 479.0 332.0 380.0 310.0 481.0 187.0 217.0 354.0 44.0 177.0 495.0 352.0 533.0 545.0 533.0 660.0 477.0 507.0 179.0 559.0 433.0 637.0 339.0 529.0 409.0 301.0 240.0 310.0 609.0 428.0 302.0 170.0 546.0 511.0 618.0 571.0 623.0 334.0 211.0 266.0 592.0 279.0 311.0 418.0 407.0 0.0 163.0 521.0 555.0 343.0 559.0 85.0 396.0 212.0 720.0 168.0 618.0 234.0 415.0 180.0 221.0 403.0 566.0 36.0 452.0 228.0 344.0 258.0 318.0 474.0 476.0 231.0 454.0 195.0 455.0 364.0 508.0 383.0 347.0 202.0 147.0 387.0 200.0 
261.0 457.0 373.0 248.0 510.0 467.0 498.0 695.0 498.0 516.0 159.0 135.0 649.0 581.0 191.0 506.0 228.0 366.0 180.0 402.0 417.0 586.0 347.0 347.0 198.0 182.0 145.0 340.0 337.0 472.0 394.0 375.0 545.0 371.0 617.0 39.0 690.0 345.0 566.0 199.0 470.0 473.0 331.0 81.0 331.0 516.0 540.0 380.0 332.0 430.0 652.0 721.0 535.0 550.0 254.0 76.0 379.0 488.0 136.0 261.0 467.0 441.0 163.0 0.0 665.0 669.0 366.0 397.0 161.0 306.0 71.0 611.0 239.0 732.0 394.0 573.0 140.0 254.0 374.0 409.0 160.0 551.0 73.0 310.0 301.0 195.0 542.0 596.0 238.0 597.0 325.0 328.0 524.0 367.0 465.0 285.0 45.0 185.0 430.0 164.0 
