80 0.0 5
1 809 167
2 756 466
3 38 389
4 476 73
5 664 695
6 861 393
7 411 482
8 300 273
9 855 708
10 142 152
11 610 782
12 192 897
13 109 713
14 652 900
15 716 973
16 951 286
17 418 386
18 387 387
19 564 4
20 907 401
21 440 291
22 166 931
23 755 965
24 476 535
25 107 553
26 296 845
27 91 119
28 700 424
29 387 960
30 141 868
31 967 79
32 358 58
33 336 2
34 472 704
35 772 478
36 875 497
37 322 400
38 391 512
39 118 781
40 591 159
41 881 945
42 286 15
43 12 455
44 664 423
45 521 374
46 257 57
47 314 931
48 140 923
49 10 605
50 866 422
51 978 774
52 884 241
53 364 996
54 384 116
55 216 25
56 501 576
57 546 376
58 46 865
59 253 145
60 583 997
61 847 393
62 280 898
63 543 928
64 666 958
65 345 264
66 128 123
67 500 905
68 958 338
69 562 368
70 217 312
71 888 658
72 195 343
73 492 54
74 294 2
75 294 867
76 991 838
77 627 363
78 719 156
79 753 798
80 374 338
opening costs
641 786 829 694 560 759 866 762 46 117 290 464 266 671 443 212 218 189 833 279 171 735 22 537 847 644 158 157 998 712 425 257 938 106 946 554 492 860 532 919 242 31 861 295 571 418 151 103 682 807 518 513 952 439 760 874 119 470 910 886 148 212 959 572 237 782 721 680 548 508 443 34 394 87 641 458 71 235 936 207 
star costs
0.0 304.0 803.0 347.0 548.0 232.0 508.0 520.0 543.0 668.0 647.0 956.0 888.0 750.0 812.0 186.0 449.0 476.0 295.0 254.0 390.0 999.0 800.0 497.0 802.0 851.0 720.0 280.0 899.0 969.0 181.0 464.0 501.0 634.0 314.0 337.0 540.0 542.0 925.0 219.0 782.0 545.0 848.0 295.0 355.0 563.0 911.0 1010.0 912.0 262.0 631.0 106.0 941.0 429.0 610.0 513.0 336.0 1035.0 557.0 861.0 230.0 903.0 807.0 804.0 475.0 683.0 801.0 227.0 319.0 610.0 498.0 639.0 337.0 541.0 870.0 696.0 268.0 91.0 634.0 468.0 
304.0 0.0 723.0 483.0 247.0 128.0 346.0 496.0 262.0 690.0 349.0 710.0 693.0 447.0 509.0 266.0 348.0 378.0 501.0 165.0 362.0 752.0 500.0 289.0 655.0 597.0 751.0 70.0 617.0 735.0 441.0 570.0 626.0 371.0 20.0 123.0 439.0 368.0 712.0 349.0 496.0 652.0 745.0 102.0 253.0 646.0 642.0 768.0 759.0 119.0 380.0 259.0 660.0 511.0 698.0 278.0 229.0 815.0 597.0 559.0 117.0 643.0 509.0 501.0 458.0 716.0 509.0 240.0 218.0 561.0 233.0 575.0 490.0 655.0 612.0 441.0 166.0 313.0 333.0 403.0 
803.0 723.0 0.0 541.0 697.0 824.0 385.0 287.0 878.0 259.0 694.0 531.0 332.0 799.0 895.0 919.0 381.0 350.0 652.0 870.0 414.0 557.0 920.0 462.0 178.0 524.0 276.0 663.0 670.0 490.0 980.0 461.0 489.0 537.0 740.0 844.0 285.0 374.0 401.0 599.0 1010.0 449.0 71.0 627.0 484.0 398.0 609.0 544.0 218.0 829.0 1016.0 859.0 690.0 441.0 406.0 500.0 509.0 477.0 326.0 817.0 810.0 564.0 739.0 848.0 332.0 281.0 693.0 922.0 525.0 195.0 892.0 164.0 565.0 465.0 543.0 1054.0 590.0 720.0 824.0 340.0 
347.0 483.0 541.0 0.0 650.0 501.0 415.0 267.0 740.0 344.0 722.0 872.0 738.0 846.0 932.0 521.0 319.0 327.0 112.0 542.0 221.0 913.0 935.0 462.0 606.0 793.0 388.0 417.0 892.0 863.0 492.0 119.0 157.0 632.0 502.0 583.0 362.0 448.0 794.0 144.0 962.0 199.0 602.0 398.0 305.0 220.0 874.0 914.0 708.0 524.0 863.0 442.0 930.0 102.0 265.0 504.0 311.0 902.0 235.0 931.0 490.0 848.0 858.0 906.0 232.0 352.0 833.0 551.0 308.0 353.0 716.0 390.0 25.0 196.0 815.0 923.0 327.0 257.0 777.0 284.0 
548.0 247.0 697.0 650.0 0.0 361.0 331.0 558.0 192.0 754.0 103.0 514.0 556.0 206.0 283.0 500.0 395.0 415.0 699.0 382.0 462.0 552.0 285.0 247.0 575.0 398.0 813.0 274.0 384.0 551.0 687.0 707.0 767.0 193.0 243.0 290.0 452.0 329.0 553.0 541.0 332.0 778.0 695.0 272.0 352.0 757.0 423.0 572.0 661.0 340.0 324.0 505.0 425.0 644.0 806.0 202.0 341.0 641.0 687.0 313.0 354.0 435.0 263.0 264.0 537.0 784.0 267.0 463.0 343.0 589.0 228.0 587.0 664.0 786.0 409.0 357.0 335.0 542.0 137.0 460.0 
232.0 128.0 824.0 501.0 361.0 0.0 459.0 574.0 316.0 759.0 463.0 838.0 818.0 549.0 598.0 140.0 444.0 475.0 490.0 47.0 434.0 879.0 582.0 411.0 771.0 724.0 818.0 164.0 740.0 863.0 332.0 605.0 655.0 499.0 124.0 105.0 540.0 485.0 839.0 358.0 553.0 689.0 852.0 200.0 341.0 692.0 768.0 895.0 878.0 30.0 399.0 154.0 782.0 552.0 743.0 404.0 316.0 942.0 657.0 665.0 14.0 770.0 623.0 598.0 532.0 782.0 627.0 112.0 301.0 650.0 267.0 668.0 502.0 689.0 740.0 464.0 236.0 277.0 420.0 491.0 
508.0 346.0 385.0 415.0 331.0 459.0 0.0 237.0 499.0 426.0 361.0 470.0 381.0 483.0 579.0 575.0 97.0 98.0 502.0 503.0 194.0 512.0 593.0 84.0 313.0 381.0 484.0 295.0 479.0 472.0 687.0 428.0 486.0 231.0 362.0 465.0 122.0 37.0 419.0 370.0 660.0 484.0 400.0 260.0 155.0 453.0 460.0 518.0 420.0 459.0 638.0 531.0 517.0 367.0 497.0 131.0 172.0 530.0 373.0 543.0 445.0 437.0 466.0 541.0 228.0 458.0 433.0 566.0 190.0 258.0 509.0 257.0 436.0 495.0 403.0 681.0 247.0 449.0 466.0 149.0 
520.0 496.0 287.0 267.0 558.0 574.0 237.0 0.0 706.0 200.0 596.0 634.0 480.0 720.0 815.0 652.0 164.0 144.0 377.0 621.0 142.0 672.0 829.0 316.0 341.0 573.0 260.0 428.0 693.0 616.0 695.0 223.0 274.0 465.0 515.0 618.0 129.0 256.0 540.0 313.0 889.0 259.0 341.0 394.0 243.0 221.0 659.0 670.0 441.0 586.0 844.0 585.0 726.0 179.0 262.0 364.0 267.0 645.0 137.0 778.0 561.0 626.0 699.0 777.0 46.0 229.0 663.0 662.0 279.0 92.0 703.0 127.0 292.0 272.0 595.0 893.0 340.0 436.0 694.0 99.0 
543.0 262.0 878.0 740.0 192.0 316.0 499.0 706.0 0.0 905.0 256.0 690.0 747.0 280.0 300.0 433.0 543.0 568.0 762.0 312.0 589.0 725.0 276.0 417.0 764.0 576.0 965.0 324.0 532.0 732.0 639.0 819.0 877.0 384.0 245.0 212.0 616.0 504.0 741.0 610.0 239.0 897.0 881.0 344.0 473.0 884.0 586.0 747.0 852.0 287.0 140.0 468.0 570.0 757.0 936.0 378.0 454.0 825.0 825.0 397.0 316.0 606.0 382.0 314.0 677.0 934.0 406.0 385.0 449.0 751.0 60.0 755.0 748.0 902.0 584.0 189.0 414.0 569.0 137.0 607.0 
668.0 690.0 259.0 344.0 754.0 759.0 426.0 200.0 905.0 0.0 785.0 747.0 562.0 906.0 1002.0 821.0 362.0 340.0 448.0 805.0 329.0 780.0 1019.0 509.0 403.0 710.0 61.0 621.0 845.0 717.0 829.0 236.0 246.0 644.0 710.0 811.0 307.0 438.0 630.0 450.0 1084.0 199.0 330.0 589.0 440.0 150.0 798.0 772.0 472.0 773.0 1043.0 748.0 873.0 245.0 147.0 556.0 462.0 720.0 112.0 954.0 746.0 759.0 874.0 962.0 232.0 33.0 834.0 837.0 473.0 177.0 902.0 199.0 364.0 214.0 731.0 1092.0 529.0 578.0 890.0 298.0 
647.0 349.0 694.0 722.0 103.0 463.0 361.0 596.0 256.0 785.0 0.0 434.0 506.0 126.0 219.0 602.0 441.0 454.0 780.0 484.0 520.0 469.0 234.0 282.0 553.0 321.0 842.0 370.0 286.0 477.0 789.0 767.0 827.0 159.0 345.0 390.0 479.0 348.0 493.0 624.0 317.0 833.0 682.0 364.0 418.0 807.0 332.0 491.0 626.0 442.0 369.0 607.0 327.0 704.0 854.0 234.0 412.0 571.0 731.0 217.0 456.0 350.0 161.0 185.0 582.0 817.0 166.0 565.0 417.0 613.0 305.0 605.0 738.0 842.0 328.0 386.0 420.0 636.0 144.0 503.0 
956.0 710.0 531.0 872.0 514.0 838.0 470.0 634.0 690.0 747.0 434.0 0.0 202.0 461.0 530.0 975.0 559.0 547.0 968.0 871.0 655.0 43.0 568.0 461.0 355.0 117.0 785.0 695.0 205.0 59.0 1127.0 856.0 907.0 341.0 716.0 792.0 514.0 434.0 138.0 839.0 691.0 887.0 478.0 669.0 618.0 843.0 127.0 59.0 345.0 825.0 796.0 954.0 199.0 805.0 873.0 446.0 630.0 150.0 755.0 404.0 827.0 89.0 353.0 478.0 652.0 777.0 309.0 949.0 646.0 586.0 736.0 555.0 895.0 901.0 107.0 802.0 689.0 910.0 570.0 588.0 
888.0 693.0 332.0 738.0 556.0 818.0 381.0 480.0 747.0 562.0 506.0 202.0 0.0 575.0 661.0 945.0 450.0 429.0 843.0 857.0 537.0 226.0 694.0 408.0 161.0 229.0 595.0 658.0 372.0 159.0 1067.0 701.0 747.0 364.0 704.0 796.0 379.0 347.0 69.0 735.0 807.0 721.0 276.0 627.0 534.0 673.0 300.0 213.0 147.0 812.0 872.0 908.0 381.0 658.0 697.0 416.0 552.0 165.0 586.0 553.0 805.0 252.0 485.0 609.0 508.0 591.0 436.0 929.0 570.0 416.0 781.0 380.0 763.0 735.0 241.0 891.0 626.0 827.0 650.0 460.0 
750.0 447.0 799.0 846.0 206.0 549.0 483.0 720.0 280.0 906.0 126.0 461.0 575.0 0.0 98.0 683.0 565.0 578.0 901.0 561.0 645.0 487.0 122.0 406.0 647.0 361.0 962.0 479.0 272.0 513.0 880.0 892.0 952.0 267.0 439.0 461.0 600.0 468.0 548.0 744.0 234.0 958.0 780.0 478.0 543.0 931.0 340.0 513.0 707.0 524.0 350.0 699.0 304.0 829.0 978.0 358.0 535.0 608.0 854.0 120.0 544.0 373.0 113.0 60.0 707.0 938.0 153.0 640.0 540.0 732.0 339.0 721.0 861.0 967.0 360.0 345.0 538.0 748.0 144.0 627.0 
812.0 509.0 895.0 932.0 283.0 598.0 579.0 815.0 300.0 1002.0 219.0 530.0 661.0 98.0 0.0 727.0 659.0 673.0 981.0 604.0 736.0 552.0 40.0 500.0 740.0 440.0 1059.0 550.0 330.0 585.0 929.0 983.0 1043.0 364.0 499.0 502.0 696.0 565.0 629.0 824.0 168.0 1051.0 875.0 553.0 630.0 1025.0 405.0 579.0 797.0 572.0 330.0 752.0 353.0 920.0 1072.0 452.0 621.0 679.0 949.0 136.0 595.0 443.0 179.0 53.0 801.0 1034.0 227.0 680.0 625.0 829.0 359.0 818.0 946.0 1059.0 436.0 307.0 617.0 818.0 179.0 722.0 
186.0 266.0 919.0 521.0 500.0 140.0 575.0 652.0 433.0 821.0 602.0 975.0 945.0 683.0 727.0 0.0 543.0 573.0 479.0 124.0 512.0 1016.0 707.0 537.0 886.0 862.0 877.0 287.0 879.0 998.0 208.0 636.0 678.0 636.0 263.0 225.0 640.0 604.0 969.0 382.0 663.0 719.0 955.0 319.0 439.0 731.0 907.0 1032.0 994.0 161.0 489.0 81.0 922.0 592.0 780.0 536.0 415.0 1075.0 713.0 801.0 150.0 909.0 761.0 730.0 607.0 839.0 766.0 53.0 398.0 735.0 378.0 759.0 515.0 716.0 878.0 554.0 334.0 266.0 549.0 580.0 
449.0 348.0 381.0 319.0 395.0 444.0 97.0 164.0 543.0 362.0 441.0 559.0 450.0 565.0 659.0 543.0 0.0 32.0 409.0 490.0 98.0 601.0 670.0 160.0 354.0 475.0 423.0 285.0 575.0 556.0 630.0 334.0 393.0 323.0 366.0 471.0 98.0 129.0 497.0 286.0 726.0 394.0 412.0 249.0 104.0 367.0 555.0 605.0 464.0 450.0 682.0 489.0 613.0 273.0 414.0 208.0 129.0 607.0 293.0 633.0 430.0 531.0 557.0 624.0 143.0 392.0 526.0 543.0 146.0 215.0 544.0 228.0 341.0 404.0 497.0 730.0 211.0 379.0 532.0 66.0 
476.0 378.0 350.0 327.0 415.0 475.0 98.0 144.0 568.0 340.0 454.0 547.0 429.0 578.0 673.0 573.0 32.0 0.0 422.0 521.0 110.0 588.0 686.0 173.0 326.0 467.0 400.0 316.0 573.0 541.0 657.0 331.0 389.0 329.0 396.0 501.0 67.0 126.0 478.0 306.0 746.0 386.0 382.0 280.0 135.0 355.0 549.0 591.0 436.0 481.0 707.0 519.0 610.0 272.0 401.0 221.0 160.0 588.0 277.0 641.0 461.0 523.0 564.0 636.0 130.0 370.0 531.0 574.0 177.0 186.0 570.0 197.0 350.0 397.0 489.0 754.0 242.0 405.0 551.0 51.0 
295.0 501.0 652.0 112.0 699.0 490.0 502.0 377.0 762.0 448.0 780.0 968.0 843.0 901.0 981.0 479.0 409.0 422.0 0.0 525.0 313.0 1009.0 980.0 539.0 715.0 883.0 487.0 442.0 973.0 962.0 410.0 213.0 229.0 707.0 518.0 583.0 465.0 537.0 896.0 158.0 993.0 279.0 713.0 431.0 373.0 312.0 961.0 1013.0 818.0 516.0 875.0 399.0 1012.0 212.0 349.0 576.0 373.0 1005.0 342.0 994.0 482.0 939.0 925.0 960.0 340.0 452.0 904.0 517.0 365.0 464.0 730.0 502.0 88.0 271.0 905.0 937.0 365.0 218.0 817.0 385.0 
254.0 165.0 870.0 542.0 382.0 47.0 503.0 621.0 312.0 805.0 484.0 871.0 857.0 561.0 604.0 124.0 490.0 521.0 525.0 0.0 480.0 912.0 585.0 452.0 815.0 756.0 864.0 209.0 764.0 898.0 328.0 648.0 697.0 531.0 156.0 102.0 586.0 528.0 876.0 399.0 545.0 732.0 897.0 244.0 387.0 736.0 796.0 928.0 920.0 47.0 380.0 162.0 806.0 596.0 787.0 443.0 362.0 979.0 703.0 679.0 61.0 801.0 641.0 607.0 579.0 828.0 648.0 82.0 347.0 696.0 258.0 715.0 541.0 732.0 771.0 445.0 283.0 309.0 426.0 537.0 
390.0 362.0 414.0 221.0 462.0 434.0 194.0 142.0 589.0 329.0 520.0 655.0 537.0 645.0 736.0 512.0 98.0 110.0 313.0 480.0 0.0 697.0 744.0 247.0 424.0 573.0 390.0 293.0 672.0 650.0 569.0 248.0 308.0 415.0 382.0 482.0 161.0 227.0 587.0 201.0 789.0 317.0 459.0 260.0 116.0 298.0 653.0 700.0 533.0 446.0 724.0 447.0 710.0 184.0 348.0 292.0 136.0 697.0 238.0 721.0 420.0 628.0 646.0 705.0 99.0 355.0 617.0 521.0 145.0 224.0 580.0 251.0 243.0 324.0 595.0 777.0 201.0 310.0 596.0 82.0 
999.0 752.0 557.0 913.0 552.0 879.0 512.0 672.0 725.0 780.0 469.0 43.0 226.0 487.0 552.0 1016.0 601.0 588.0 1009.0 912.0 697.0 0.0 590.0 503.0 383.0 156.0 816.0 737.0 223.0 68.0 1170.0 894.0 945.0 382.0 757.0 832.0 554.0 476.0 158.0 882.0 716.0 924.0 501.0 712.0 661.0 879.0 148.0 28.0 362.0 866.0 828.0 996.0 209.0 844.0 908.0 489.0 673.0 137.0 791.0 423.0 868.0 119.0 378.0 501.0 691.0 809.0 336.0 990.0 689.0 622.0 772.0 589.0 936.0 938.0 144.0 831.0 732.0 953.0 602.0 629.0 
800.0 500.0 920.0 935.0 285.0 582.0 593.0 829.0 276.0 1019.0 234.0 568.0 694.0 122.0 40.0 707.0 670.0 686.0 980.0 585.0 744.0 590.0 0.0 513.0 768.0 475.0 1076.0 544.0 369.0 622.0 912.0 991.0 1051.0 385.0 488.0 484.0 712.0 582.0 664.0 823.0 128.0 1060.0 902.0 550.0 636.0 1036.0 443.0 617.0 828.0 555.0 294.0 736.0 393.0 927.0 1084.0 465.0 625.0 717.0 962.0 175.0 580.0 480.0 216.0 90.0 813.0 1050.0 262.0 660.0 628.0 847.0 335.0 837.0 949.0 1068.0 472.0 269.0 616.0 810.0 168.0 734.0 
497.0 289.0 462.0 462.0 247.0 411.0 84.0 316.0 417.0 509.0 282.0 461.0 408.0 406.0 500.0 537.0 160.0 173.0 539.0 452.0 247.0 503.0 513.0 0.0 370.0 359.0 567.0 250.0 435.0 473.0 671.0 492.0 552.0 170.0 302.0 401.0 205.0 89.0 435.0 394.0 577.0 554.0 471.0 219.0 168.0 526.0 428.0 514.0 472.0 407.0 556.0 503.0 475.0 429.0 573.0 49.0 174.0 543.0 450.0 475.0 398.0 413.0 399.0 464.0 302.0 540.0 371.0 521.0 188.0 342.0 430.0 341.0 482.0 564.0 379.0 598.0 229.0 451.0 382.0 222.0 
802.0 655.0 178.0 606.0 575.0 771.0 313.0 341.0 764.0 403.0 553.0 355.0 161.0 647.0 740.0 886.0 354.0 326.0 715.0 815.0 424.0 383.0 768.0 370.0 0.0 348.0 435.0 607.0 495.0 317.0 982.0 556.0 597.0 396.0 670.0 771.0 264.0 287.0 229.0 625.0 868.0 567.0 137.0 572.0 452.0 519.0 431.0 372.0 111.0 771.0 899.0 838.0 513.0 518.0 540.0 395.0 474.0 318.0 434.0 651.0 758.0 386.0 576.0 691.0 375.0 431.0 528.0 878.0 492.0 265.0 789.0 228.0 631.0 582.0 366.0 929.0 554.0 730.0 691.0 343.0 
851.0 597.0 524.0 793.0 398.0 724.0 381.0 573.0 576.0 710.0 321.0 117.0 229.0 361.0 440.0 862.0 475.0 467.0 883.0 756.0 573.0 156.0 475.0 359.0 348.0 0.0 755.0 584.0 147.0 157.0 1019.0 790.0 844.0 226.0 602.0 676.0 446.0 347.0 190.0 747.0 594.0 831.0 483.0 560.0 522.0 789.0 88.0 175.0 374.0 710.0 686.0 843.0 166.0 735.0 824.0 339.0 532.0 251.0 702.0 325.0 713.0 56.0 261.0 387.0 584.0 742.0 213.0 834.0 547.0 539.0 621.0 513.0 815.0 844.0 23.0 696.0 585.0 809.0 460.0 513.0 
720.0 751.0 276.0 388.0 813.0 818.0 484.0 260.0 965.0 61.0 842.0 785.0 595.0 962.0 1059.0 877.0 423.0 400.0 487.0 864.0 390.0 816.0 1076.0 567.0 435.0 755.0 0.0 682.0 892.0 751.0 877.0 274.0 272.0 699.0 770.0 871.0 364.0 495.0 663.0 502.0 1143.0 221.0 346.0 649.0 500.0 178.0 843.0 806.0 493.0 833.0 1103.0 803.0 919.0 294.0 157.0 614.0 523.0 748.0 165.0 1007.0 805.0 802.0 927.0 1018.0 293.0 38.0 887.0 895.0 533.0 231.0 963.0 247.0 407.0 235.0 776.0 1152.0 589.0 630.0 949.0 358.0 
280.0 70.0 663.0 417.0 274.0 164.0 295.0 428.0 324.0 621.0 370.0 695.0 658.0 479.0 550.0 287.0 285.0 316.0 442.0 209.0 293.0 737.0 544.0 250.0 607.0 584.0 682.0 0.0 621.0 714.0 437.0 501.0 558.0 362.0 90.0 190.0 379.0 322.0 683.0 287.0 552.0 582.0 689.0 37.0 186.0 576.0 638.0 751.0 714.0 167.0 447.0 260.0 664.0 442.0 628.0 251.0 162.0 789.0 527.0 585.0 151.0 634.0 528.0 536.0 390.0 647.0 521.0 272.0 149.0 496.0 301.0 512.0 425.0 586.0 601.0 507.0 96.0 269.0 378.0 338.0 
899.0 617.0 670.0 892.0 384.0 740.0 479.0 693.0 532.0 845.0 286.0 205.0 372.0 272.0 330.0 879.0 575.0 573.0 973.0 764.0 672.0 223.0 369.0 435.0 495.0 147.0 892.0 621.0 0.0 263.0 1055.0 903.0 960.0 270.0 617.0 673.0 564.0 449.0 324.0 827.0 495.0 951.0 630.0 605.0 602.0 913.0 79.0 250.0 518.0 721.0 620.0 875.0 43.0 845.0 951.0 401.0 606.0 354.0 826.0 200.0 731.0 124.0 160.0 280.0 698.0 877.0 126.0 845.0 618.0 670.0 585.0 647.0 913.0 963.0 132.0 617.0 644.0 870.0 401.0 623.0 
969.0 735.0 490.0 863.0 551.0 863.0 472.0 616.0 732.0 717.0 477.0 59.0 159.0 513.0 585.0 998.0 556.0 541.0 962.0 898.0 650.0 68.0 622.0 473.0 317.0 157.0 751.0 714.0 263.0 0.0 1143.0 839.0 888.0 370.0 742.0 823.0 502.0 436.0 90.0 840.0 744.0 866.0 433.0 687.0 624.0 820.0 185.0 56.0 294.0 852.0 843.0 973.0 258.0 791.0 847.0 464.0 638.0 96.0 732.0 461.0 851.0 143.0 407.0 533.0 638.0 746.0 361.0 974.0 654.0 562.0 776.0 528.0 887.0 880.0 154.0 851.0 701.0 918.0 616.0 579.0 
181.0 441.0 980.0 492.0 687.0 332.0 687.0 695.0 639.0 829.0 789.0 1127.0 1067.0 880.0 929.0 208.0 630.0 657.0 410.0 328.0 569.0 1170.0 912.0 671.0 982.0 1019.0 877.0 437.0 1055.0 1143.0 0.0 610.0 636.0 798.0 445.0 429.0 721.0 721.0 1102.0 385.0 871.0 685.0 1027.0 459.0 535.0 711.0 1074.0 1182.0 1093.0 358.0 696.0 183.0 1098.0 585.0 753.0 682.0 516.0 1211.0 718.0 996.0 337.0 1069.0 949.0 930.0 649.0 841.0 949.0 260.0 498.0 786.0 585.0 816.0 476.0 678.0 1037.0 760.0 444.0 260.0 751.0 648.0 
464.0 570.0 461.0 119.0 707.0 605.0 428.0 223.0 819.0 236.0 767.0 856.0 701.0 892.0 983.0 636.0 334.0 331.0 213.0 648.0 248.0 894.0 991.0 492.0 556.0 790.0 274.0 501.0 903.0 839.0 610.0 0.0 61.0 656.0 590.0 679.0 344.0 456.0 762.0 254.0 1030.0 84.0 527.0 477.0 356.0 102.0 875.0 893.0 649.0 625.0 948.0 557.0 939.0 64.0 146.0 538.0 370.0 866.0 137.0 966.0 593.0 844.0 890.0 952.0 207.0 240.0 859.0 663.0 372.0 291.0 801.0 329.0 135.0 86.0 812.0 1005.0 407.0 375.0 839.0 281.0 
501.0 626.0 489.0 157.0 767.0 655.0 486.0 274.0 877.0 246.0 827.0 907.0 747.0 952.0 1043.0 678.0 393.0 389.0 229.0 697.0 308.0 945.0 1051.0 552.0 597.0 844.0 272.0 558.0 960.0 888.0 636.0 61.0 0.0 716.0 646.0 732.0 399.0 513.0 809.0 300.0 1090.0 52.0 557.0 534.0 416.0 97.0 930.0 942.0 686.0 677.0 1005.0 598.0 995.0 124.0 123.0 598.0 429.0 911.0 166.0 1026.0 644.0 898.0 949.0 1012.0 263.0 241.0 918.0 707.0 431.0 333.0 858.0 370.0 165.0 42.0 867.0 1063.0 464.0 413.0 899.0 339.0 
634.0 371.0 537.0 632.0 193.0 499.0 231.0 465.0 384.0 644.0 159.0 341.0 364.0 267.0 364.0 636.0 323.0 329.0 707.0 531.0 415.0 382.0 385.0 170.0 396.0 226.0 699.0 362.0 270.0 370.0 798.0 656.0 716.0 0.0 376.0 454.0 339.0 209.0 363.0 558.0 475.0 714.0 524.0 341.0 334.0 682.0 277.0 398.0 473.0 485.0 511.0 620.0 312.0 595.0 726.0 132.0 337.0 456.0 601.0 314.0 488.0 273.0 235.0 320.0 458.0 676.0 203.0 609.0 348.0 468.0 419.0 456.0 651.0 725.0 242.0 537.0 375.0 602.0 297.0 379.0 
314.0 20.0 740.0 502.0 243.0 124.0 362.0 515.0 245.0 710.0 345.0 716.0 704.0 439.0 499.0 263.0 366.0 396.0 518.0 156.0 382.0 757.0 488.0 302.0 670.0 602.0 770.0 90.0 617.0 742.0 445.0 590.0 646.0 376.0 0.0 105.0 457.0 383.0 721.0 367.0 480.0 672.0 761.0 122.0 272.0 666.0 645.0 773.0 773.0 110.0 361.0 263.0 660.0 531.0 718.0 289.0 248.0 823.0 617.0 553.0 114.0 647.0 505.0 492.0 478.0 736.0 507.0 233.0 238.0 580.0 215.0 593.0 509.0 675.0 617.0 422.0 186.0 327.0 321.0 422.0 
337.0 123.0 844.0 583.0 290.0 105.0 465.0 618.0 212.0 811.0 390.0 792.0 796.0 461.0 502.0 225.0 471.0 501.0 583.0 102.0 482.0 832.0 484.0 401.0 771.0 676.0 871.0 190.0 673.0 823.0 429.0 679.0 732.0 454.0 105.0 0.0 562.0 485.0 809.0 442.0 449.0 762.0 865.0 224.0 375.0 759.0 710.0 850.0 872.0 76.0 296.0 257.0 715.0 622.0 811.0 383.0 351.0 908.0 715.0 580.0 108.0 718.0 545.0 507.0 579.0 836.0 555.0 180.0 339.0 684.0 162.0 698.0 586.0 764.0 689.0 361.0 282.0 375.0 325.0 526.0 
540.0 439.0 285.0 362.0 452.0 540.0 122.0 129.0 616.0 307.0 479.0 514.0 379.0 600.0 696.0 640.0 98.0 67.0 465.0 586.0 161.0 554.0 712.0 205.0 264.0 446.0 364.0 379.0 564.0 502.0 721.0 344.0 399.0 339.0 457.0 562.0 0.0 132.0 433.0 362.0 781.0 387.0 315.0 343.0 201.0 350.0 532.0 554.0 374.0 545.0 756.0 585.0 598.0 291.0 390.0 252.0 226.0 541.0 265.0 652.0 526.0 500.0 573.0 656.0 138.0 339.0 536.0 640.0 243.0 137.0 623.0 140.0 386.0 399.0 468.0 800.0 308.0 466.0 587.0 81.0 
542.0 368.0 374.0 448.0 329.0 485.0 37.0 256.0 504.0 438.0 348.0 434.0 347.0 468.0 565.0 604.0 129.0 126.0 537.0 528.0 227.0 476.0 582.0 89.0 287.0 347.0 495.0 322.0 449.0 436.0 721.0 456.0 513.0 209.0 383.0 485.0 132.0 0.0 384.0 406.0 654.0 508.0 384.0 288.0 190.0 475.0 427.0 482.0 393.0 484.0 643.0 563.0 485.0 397.0 518.0 128.0 207.0 494.0 393.0 522.0 472.0 402.0 443.0 524.0 253.0 470.0 408.0 594.0 224.0 266.0 519.0 259.0 470.0 520.0 369.0 683.0 280.0 485.0 462.0 175.0 
925.0 712.0 401.0 794.0 553.0 839.0 419.0 540.0 741.0 630.0 493.0 138.0 69.0 548.0 629.0 969.0 497.0 478.0 896.0 876.0 587.0 158.0 664.0 435.0 229.0 190.0 663.0 683.0 324.0 90.0 1102.0 762.0 809.0 363.0 721.0 809.0 433.0 384.0 0.0 782.0 781.0 785.0 343.0 653.0 573.0 738.0 247.0 144.0 207.0 830.0 861.0 938.0 327.0 717.0 763.0 435.0 590.0 111.0 651.0 513.0 826.0 200.0 450.0 576.0 565.0 659.0 402.0 950.0 607.0 480.0 780.0 445.0 818.0 799.0 196.0 875.0 659.0 868.0 636.0 512.0 
219.0 349.0 599.0 144.0 541.0 358.0 370.0 313.0 610.0 450.0 624.0 839.0 735.0 744.0 824.0 382.0 286.0 306.0 158.0 399.0 201.0 882.0 823.0 394.0 625.0 747.0 502.0 287.0 827.0 840.0 385.0 254.0 300.0 558.0 367.0 442.0 362.0 406.0 782.0 0.0 838.0 338.0 651.0 274.0 227.0 350.0 821.0 888.0 733.0 381.0 727.0 305.0 868.0 212.0 399.0 427.0 222.0 892.0 339.0 839.0 347.0 802.0 771.0 803.0 268.0 465.0 752.0 409.0 212.0 405.0 581.0 437.0 145.0 336.0 768.0 789.0 208.0 129.0 660.0 282.0 
782.0 496.0 1010.0 962.0 332.0 553.0 660.0 889.0 239.0 1084.0 317.0 691.0 807.0 234.0 168.0 663.0 726.0 746.0 993.0 545.0 789.0 716.0 128.0 577.0 868.0 594.0 1143.0 552.0 495.0 744.0 871.0 1030.0 1090.0 475.0 480.0 449.0 781.0 654.0 781.0 838.0 0.0 1105.0 998.0 566.0 676.0 1086.0 568.0 742.0 936.0 524.0 197.0 705.0 520.0 967.0 1136.0 530.0 661.0 839.0 1018.0 303.0 554.0 603.0 339.0 216.0 867.0 1115.0 384.0 612.0 660.0 918.0 288.0 913.0 973.0 1111.0 593.0 154.0 636.0 806.0 195.0 791.0 
545.0 652.0 449.0 199.0 778.0 689.0 484.0 259.0 897.0 199.0 833.0 887.0 721.0 958.0 1051.0 719.0 394.0 386.0 279.0 732.0 317.0 924.0 1060.0 554.0 567.0 831.0 221.0 582.0 951.0 866.0 685.0 84.0 52.0 714.0 672.0 762.0 387.0 508.0 785.0 338.0 1105.0 0.0 519.0 557.0 430.0 52.0 917.0 920.0 652.0 709.0 1028.0 640.0 985.0 141.0 71.0 601.0 445.0 884.0 135.0 1026.0 677.0 884.0 949.0 1017.0 256.0 192.0 916.0 746.0 449.0 305.0 881.0 341.0 210.0 16.0 853.0 1084.0 488.0 456.0 912.0 335.0 
848.0 745.0 71.0 602.0 695.0 852.0 400.0 341.0 881.0 330.0 682.0 478.0 276.0 780.0 875.0 955.0 412.0 382.0 713.0 897.0 459.0 501.0 902.0 471.0 137.0 483.0 346.0 689.0 630.0 433.0 1027.0 527.0 557.0 524.0 761.0 865.0 315.0 384.0 343.0 651.0 998.0 519.0 0.0 653.0 516.0 468.0 564.0 486.0 151.0 855.0 1018.0 898.0 646.0 504.0 476.0 504.0 540.0 412.0 393.0 788.0 838.0 518.0 712.0 826.0 384.0 352.0 664.0 954.0 557.0 250.0 900.0 215.0 626.0 534.0 500.0 1052.0 622.0 768.0 817.0 381.0 
295.0 102.0 627.0 398.0 272.0 200.0 260.0 394.0 344.0 589.0 364.0 669.0 627.0 478.0 553.0 319.0 249.0 280.0 431.0 244.0 260.0 712.0 550.0 219.0 572.0 560.0 649.0 37.0 605.0 687.0 459.0 477.0 534.0 341.0 122.0 224.0 343.0 288.0 653.0 274.0 566.0 557.0 653.0 0.0 152.0 548.0 617.0 725.0 679.0 203.0 471.0 286.0 647.0 416.0 600.0 224.0 128.0 760.0 497.0 580.0 186.0 611.0 520.0 536.0 357.0 615.0 510.0 307.0 116.0 461.0 325.0 476.0 408.0 561.0 578.0 529.0 71.0 273.0 386.0 303.0 
355.0 253.0 484.0 305.0 352.0 341.0 155.0 243.0 473.0 440.0 418.0 618.0 534.0 543.0 630.0 439.0 104.0 135.0 373.0 387.0 116.0 661.0 636.0 168.0 452.0 522.0 500.0 186.0 602.0 624.0 535.0 356.0 416.0 334.0 272.0 375.0 201.0 190.0 573.0 227.0 676.0 430.0 516.0 152.0 0.0 413.0 595.0 669.0 561.0 349.0 608.0 387.0 642.0 293.0 464.0 203.0 26.0 684.0 353.0 627.0 327.0 577.0 555.0 602.0 208.0 467.0 532.0 439.0 42.0 311.0 465.0 328.0 322.0 436.0 543.0 661.0 107.0 295.0 484.0 152.0 
563.0 646.0 398.0 220.0 757.0 692.0 453.0 221.0 884.0 150.0 807.0 843.0 673.0 931.0 1025.0 731.0 367.0 355.0 312.0 736.0 298.0 879.0 1036.0 526.0 519.0 789.0 178.0 576.0 913.0 820.0 711.0 102.0 97.0 682.0 666.0 759.0 350.0 475.0 738.0 350.0 1086.0 52.0 468.0 548.0 413.0 0.0 876.0 874.0 602.0 711.0 1017.0 654.0 946.0 141.0 53.0 574.0 431.0 836.0 89.0 995.0 679.0 842.0 917.0 990.0 225.0 145.0 883.0 756.0 436.0 259.0 872.0 293.0 236.0 67.0 811.0 1072.0 481.0 473.0 892.0 305.0 
911.0 642.0 609.0 874.0 423.0 768.0 460.0 659.0 586.0 798.0 332.0 127.0 300.0 340.0 405.0 907.0 555.0 549.0 961.0 796.0 653.0 148.0 443.0 428.0 431.0 88.0 843.0 638.0 79.0 185.0 1074.0 875.0 930.0 277.0 645.0 710.0 532.0 427.0 247.0 821.0 568.0 917.0 564.0 617.0 595.0 876.0 0.0 175.0 446.0 751.0 683.0 895.0 83.0 819.0 912.0 402.0 602.0 277.0 789.0 277.0 758.0 48.0 230.0 354.0 668.0 830.0 188.0 876.0 616.0 627.0 636.0 600.0 895.0 930.0 68.0 684.0 649.0 875.0 459.0 597.0 
1010.0 768.0 544.0 914.0 572.0 895.0 518.0 670.0 747.0 772.0 491.0 59.0 213.0 513.0 579.0 1032.0 605.0 591.0 1013.0 928.0 700.0 28.0 617.0 514.0 372.0 175.0 806.0 751.0 250.0 56.0 1182.0 893.0 942.0 398.0 773.0 850.0 554.0 482.0 144.0 888.0 742.0 920.0 486.0 725.0 669.0 874.0 175.0 0.0 344.0 883.0 852.0 1010.0 236.0 844.0 902.0 501.0 682.0 111.0 787.0 450.0 884.0 143.0 404.0 528.0 691.0 801.0 361.0 1006.0 698.0 616.0 794.0 583.0 938.0 934.0 164.0 856.0 743.0 962.0 626.0 631.0 
912.0 759.0 218.0 708.0 661.0 878.0 420.0 441.0 852.0 472.0 626.0 345.0 147.0 707.0 797.0 994.0 464.0 436.0 818.0 920.0 533.0 362.0 828.0 472.0 111.0 374.0 493.0 714.0 518.0 294.0 1093.0 649.0 686.0 473.0 773.0 872.0 374.0 393.0 207.0 733.0 936.0 652.0 151.0 679.0 561.0 602.0 446.0 344.0 0.0 876.0 983.0 947.0 528.0 616.0 616.0 492.0 583.0 263.0 521.0 695.0 864.0 399.0 624.0 745.0 479.0 497.0 575.0 985.0 601.0 359.0 880.0 321.0 733.0 667.0 387.0 1009.0 663.0 840.0 768.0 452.0 
262.0 119.0 829.0 524.0 340.0 30.0 459.0 586.0 287.0 773.0 442.0 825.0 812.0 524.0 572.0 161.0 450.0 481.0 516.0 47.0 446.0 866.0 555.0 407.0 771.0 710.0 833.0 167.0 721.0 852.0 358.0 625.0 677.0 485.0 110.0 76.0 545.0 484.0 830.0 381.0 524.0 709.0 855.0 203.0 349.0 711.0 751.0 883.0 876.0 0.0 370.0 182.0 763.0 571.0 762.0 397.0 324.0 933.0 673.0 641.0 35.0 755.0 601.0 573.0 545.0 797.0 607.0 125.0 309.0 659.0 238.0 676.0 525.0 710.0 725.0 435.0 247.0 304.0 393.0 500.0 
631.0 380.0 1016.0 863.0 324.0 399.0 638.0 844.0 140.0 1043.0 369.0 796.0 872.0 350.0 330.0 489.0 682.0 707.0 875.0 380.0 724.0 828.0 294.0 556.0 899.0 686.0 1103.0 447.0 620.0 843.0 696.0 948.0 1005.0 511.0 361.0 296.0 756.0 643.0 861.0 727.0 197.0 1028.0 1018.0 471.0 608.0 1017.0 683.0 852.0 983.0 370.0 0.0 542.0 653.0 887.0 1069.0 517.0 588.0 937.0 960.0 454.0 403.0 709.0 462.0 363.0 813.0 1071.0 496.0 437.0 582.0 891.0 147.0 894.0 869.0 1032.0 691.0 66.0 541.0 671.0 227.0 745.0 
106.0 259.0 859.0 442.0 505.0 154.0 531.0 585.0 468.0 748.0 607.0 954.0 908.0 699.0 752.0 81.0 489.0 519.0 399.0 162.0 447.0 996.0 736.0 503.0 838.0 843.0 803.0 260.0 875.0 973.0 183.0 557.0 598.0 620.0 263.0 257.0 585.0 563.0 938.0 305.0 705.0 640.0 898.0 286.0 387.0 654.0 895.0 1010.0 947.0 182.0 542.0 0.0 917.0 516.0 703.0 509.0 364.0 1045.0 639.0 814.0 157.0 893.0 767.0 750.0 540.0 766.0 768.0 123.0 347.0 671.0 418.0 697.0 435.0 637.0 861.0 607.0 285.0 186.0 573.0 520.0 
941.0 660.0 690.0 930.0 425.0 782.0 517.0 726.0 570.0 873.0 327.0 199.0 381.0 304.0 353.0 922.0 613.0 610.0 1012.0 806.0 710.0 209.0 393.0 475.0 513.0 166.0 919.0 664.0 43.0 258.0 1098.0 939.0 995.0 312.0 660.0 715.0 598.0 485.0 327.0 868.0 520.0 985.0 646.0 647.0 642.0 946.0 83.0 236.0 528.0 763.0 653.0 917.0 0.0 881.0 983.0 442.0 647.0 344.0 859.0 220.0 773.0 130.0 192.0 305.0 733.0 905.0 164.0 887.0 659.0 700.0 624.0 675.0 951.0 997.0 147.0 647.0 686.0 912.0 437.0 659.0 
429.0 511.0 441.0 102.0 644.0 552.0 367.0 179.0 757.0 245.0 704.0 805.0 658.0 829.0 920.0 592.0 273.0 272.0 212.0 596.0 184.0 844.0 927.0 429.0 518.0 735.0 294.0 442.0 845.0 791.0 585.0 64.0 124.0 595.0 531.0 622.0 291.0 397.0 717.0 212.0 967.0 141.0 504.0 416.0 293.0 141.0 819.0 844.0 616.0 571.0 887.0 516.0 881.0 0.0 192.0 475.0 307.0 822.0 135.0 904.0 540.0 789.0 828.0 888.0 154.0 257.0 798.0 616.0 309.0 258.0 741.0 296.0 125.0 146.0 757.0 944.0 347.0 338.0 776.0 223.0 
610.0 698.0 406.0 265.0 806.0 743.0 497.0 262.0 936.0 147.0 854.0 873.0 697.0 978.0 1072.0 780.0 414.0 401.0 349.0 787.0 348.0 908.0 1084.0 573.0 540.0 824.0 157.0 628.0 951.0 847.0 753.0 146.0 123.0 726.0 718.0 811.0 390.0 518.0 763.0 399.0 1136.0 71.0 476.0 600.0 464.0 53.0 912.0 902.0 616.0 762.0 1069.0 703.0 983.0 192.0 0.0 621.0 482.0 858.0 126.0 1039.0 731.0 876.0 961.0 1036.0 272.0 132.0 925.0 806.0 488.0 288.0 924.0 319.0 278.0 82.0 846.0 1124.0 533.0 520.0 942.0 351.0 
513.0 278.0 500.0 504.0 202.0 404.0 131.0 364.0 378.0 556.0 234.0 446.0 416.0 358.0 452.0 536.0 208.0 221.0 576.0 443.0 292.0 489.0 465.0 49.0 395.0 339.0 614.0 251.0 401.0 464.0 682.0 538.0 598.0 132.0 289.0 383.0 252.0 128.0 435.0 427.0 530.0 601.0 504.0 224.0 203.0 574.0 402.0 501.0 492.0 397.0 517.0 509.0 442.0 475.0 621.0 0.0 205.0 540.0 498.0 429.0 392.0 391.0 355.0 417.0 349.0 587.0 330.0 516.0 217.0 388.0 396.0 385.0 523.0 611.0 358.0 556.0 248.0 474.0 336.0 270.0 
336.0 229.0 509.0 311.0 341.0 316.0 172.0 267.0 454.0 462.0 412.0 630.0 552.0 535.0 621.0 415.0 129.0 160.0 373.0 362.0 136.0 673.0 625.0 174.0 474.0 532.0 523.0 162.0 606.0 638.0 516.0 370.0 429.0 337.0 248.0 351.0 226.0 207.0 590.0 222.0 661.0 445.0 540.0 128.0 26.0 431.0 602.0 682.0 583.0 324.0 588.0 364.0 647.0 307.0 482.0 205.0 0.0 700.0 374.0 623.0 302.0 586.0 553.0 595.0 231.0 489.0 531.0 414.0 18.0 336.0 444.0 353.0 327.0 451.0 552.0 642.0 83.0 280.0 471.0 177.0 
1035.0 815.0 477.0 902.0 641.0 942.0 530.0 645.0 825.0 720.0 571.0 150.0 165.0 608.0 679.0 1075.0 607.0 588.0 1005.0 979.0 697.0 137.0 717.0 543.0 318.0 251.0 748.0 789.0 354.0 96.0 1211.0 866.0 911.0 456.0 823.0 908.0 541.0 494.0 111.0 892.0 839.0 884.0 412.0 760.0 684.0 836.0 277.0 111.0 263.0 933.0 937.0 1045.0 344.0 822.0 858.0 540.0 700.0 0.0 750.0 553.0 930.0 237.0 501.0 627.0 672.0 747.0 456.0 1054.0 717.0 579.0 868.0 543.0 926.0 898.0 249.0 946.0 768.0 978.0 711.0 621.0 
557.0 597.0 326.0 235.0 687.0 657.0 373.0 137.0 825.0 112.0 731.0 755.0 586.0 854.0 949.0 713.0 293.0 277.0 342.0 703.0 238.0 791.0 962.0 450.0 434.0 702.0 165.0 527.0 826.0 732.0 718.0 137.0 166.0 601.0 617.0 715.0 265.0 393.0 651.0 339.0 1018.0 135.0 393.0 497.0 353.0 89.0 789.0 787.0 521.0 673.0 960.0 639.0 859.0 135.0 126.0 498.0 374.0 750.0 0.0 914.0 644.0 754.0 835.0 912.0 151.0 127.0 800.0 731.0 382.0 171.0 817.0 207.0 256.0 149.0 724.0 1013.0 433.0 467.0 823.0 228.0 
861.0 559.0 817.0 931.0 313.0 665.0 543.0 778.0 397.0 954.0 217.0 404.0 553.0 120.0 136.0 801.0 633.0 641.0 994.0 679.0 721.0 423.0 175.0 475.0 651.0 325.0 1007.0 585.0 200.0 461.0 996.0 966.0 1026.0 314.0 553.0 580.0 652.0 522.0 513.0 839.0 303.0 1026.0 788.0 580.0 627.0 995.0 277.0 450.0 695.0 641.0 454.0 814.0 220.0 904.0 1039.0 429.0 623.0 553.0 914.0 0.0 660.0 319.0 80.0 92.0 771.0 986.0 124.0 759.0 630.0 777.0 457.0 761.0 948.0 1037.0 317.0 438.0 636.0 852.0 262.0 692.0 
230.0 117.0 810.0 490.0 354.0 14.0 445.0 561.0 316.0 746.0 456.0 827.0 805.0 544.0 595.0 150.0 430.0 461.0 482.0 61.0 420.0 868.0 580.0 398.0 758.0 713.0 805.0 151.0 731.0 851.0 337.0 593.0 644.0 488.0 114.0 108.0 526.0 472.0 826.0 347.0 554.0 677.0 838.0 186.0 327.0 679.0 758.0 884.0 864.0 35.0 403.0 157.0 773.0 540.0 731.0 392.0 302.0 930.0 644.0 660.0 0.0 760.0 616.0 594.0 519.0 769.0 619.0 124.0 287.0 636.0 269.0 654.0 491.0 678.0 729.0 468.0 223.0 270.0 416.0 477.0 
903.0 643.0 564.0 848.0 435.0 770.0 437.0 626.0 606.0 759.0 350.0 89.0 252.0 373.0 443.0 909.0 531.0 523.0 939.0 801.0 628.0 119.0 480.0 413.0 386.0 56.0 802.0 634.0 124.0 143.0 1069.0 844.0 898.0 273.0 647.0 718.0 500.0 402.0 200.0 802.0 603.0 884.0 518.0 611.0 577.0 842.0 48.0 143.0 399.0 755.0 709.0 893.0 130.0 789.0 876.0 391.0 586.0 237.0 754.0 319.0 760.0 0.0 265.0 391.0 638.0 790.0 221.0 880.0 601.0 590.0 654.0 562.0 871.0 897.0 35.0 714.0 638.0 863.0 484.0 568.0 
807.0 509.0 739.0 858.0 263.0 623.0 466.0 699.0 382.0 874.0 161.0 353.0 485.0 113.0 179.0 761.0 557.0 564.0 925.0 641.0 646.0 378.0 216.0 399.0 576.0 261.0 927.0 528.0 160.0 407.0 949.0 890.0 949.0 235.0 505.0 545.0 573.0 443.0 450.0 771.0 339.0 949.0 712.0 520.0 555.0 917.0 230.0 404.0 624.0 601.0 462.0 767.0 192.0 828.0 961.0 355.0 553.0 501.0 835.0 80.0 616.0 265.0 0.0 127.0 693.0 906.0 49.0 722.0 561.0 697.0 439.0 681.0 876.0 959.0 257.0 457.0 572.0 792.0 247.0 614.0 
804.0 501.0 848.0 906.0 264.0 598.0 541.0 777.0 314.0 962.0 185.0 478.0 609.0 60.0 53.0 730.0 624.0 636.0 960.0 607.0 705.0 501.0 90.0 464.0 691.0 387.0 1018.0 536.0 280.0 533.0 930.0 952.0 1012.0 320.0 492.0 507.0 656.0 524.0 576.0 803.0 216.0 1017.0 826.0 536.0 602.0 990.0 354.0 528.0 745.0 573.0 363.0 750.0 305.0 888.0 1036.0 417.0 595.0 627.0 912.0 92.0 594.0 391.0 127.0 0.0 765.0 994.0 175.0 686.0 600.0 787.0 374.0 775.0 921.0 1026.0 383.0 347.0 597.0 804.0 183.0 686.0 
475.0 458.0 332.0 232.0 537.0 532.0 228.0 46.0 677.0 232.0 582.0 652.0 508.0 707.0 801.0 607.0 143.0 130.0 340.0 579.0 99.0 691.0 813.0 302.0 375.0 584.0 293.0 390.0 698.0 638.0 649.0 207.0 263.0 458.0 478.0 579.0 138.0 253.0 565.0 268.0 867.0 256.0 384.0 357.0 208.0 225.0 668.0 691.0 479.0 545.0 813.0 540.0 733.0 154.0 272.0 349.0 231.0 672.0 151.0 771.0 519.0 638.0 693.0 765.0 0.0 259.0 660.0 618.0 241.0 137.0 671.0 170.0 257.0 267.0 606.0 865.0 299.0 390.0 673.0 80.0 
683.0 716.0 281.0 352.0 784.0 782.0 458.0 229.0 934.0 33.0 817.0 777.0 591.0 938.0 1034.0 839.0 392.0 370.0 452.0 828.0 355.0 809.0 1050.0 540.0 431.0 742.0 38.0 647.0 877.0 746.0 841.0 240.0 241.0 676.0 736.0 836.0 339.0 470.0 659.0 465.0 1115.0 192.0 352.0 615.0 467.0 145.0 830.0 801.0 497.0 797.0 1071.0 766.0 905.0 257.0 132.0 587.0 489.0 747.0 127.0 986.0 769.0 790.0 906.0 994.0 259.0 0.0 866.0 858.0 499.0 209.0 930.0 230.0 371.0 206.0 763.0 1121.0 554.0 592.0 920.0 327.0 
801.0 509.0 693.0 833.0 267.0 627.0 433.0 663.0 406.0 834.0 166.0 309.0 436.0 153.0 227.0 766.0 526.0 531.0 904.0 648.0 617.0 336.0 262.0 371.0 528.0 213.0 887.0 521.0 126.0 361.0 949.0 859.0 918.0 203.0 507.0 555.0 536.0 408.0 402.0 752.0 384.0 916.0 664.0 510.0 532.0 883.0 188.0 361.0 575.0 607.0 496.0 768.0 164.0 798.0 925.0 330.0 531.0 456.0 800.0 124.0 619.0 221.0 49.0 175.0 660.0 866.0 0.0 729.0 541.0 658.0 460.0 640.0 852.0 927.0 210.0 496.0 557.0 781.0 275.0 581.0 
227.0 240.0 922.0 551.0 463.0 112.0 566.0 662.0 385.0 837.0 565.0 949.0 929.0 640.0 680.0 53.0 543.0 574.0 517.0 82.0 521.0 990.0 660.0 521.0 878.0 834.0 895.0 272.0 845.0 974.0 260.0 663.0 707.0 609.0 233.0 180.0 640.0 594.0 950.0 409.0 612.0 746.0 954.0 307.0 439.0 756.0 876.0 1006.0 985.0 125.0 437.0 123.0 887.0 616.0 806.0 516.0 414.0 1054.0 731.0 759.0 124.0 880.0 722.0 686.0 618.0 858.0 729.0 0.0 398.0 742.0 328.0 764.0 546.0 745.0 849.0 502.0 332.0 301.0 504.0 584.0 
319.0 218.0 525.0 308.0 343.0 301.0 190.0 279.0 449.0 473.0 417.0 646.0 570.0 540.0 625.0 398.0 146.0 177.0 365.0 347.0 145.0 689.0 628.0 188.0 492.0 547.0 533.0 149.0 618.0 654.0 498.0 372.0 431.0 348.0 238.0 339.0 243.0 224.0 607.0 212.0 660.0 449.0 557.0 116.0 42.0 436.0 616.0 698.0 601.0 309.0 582.0 347.0 659.0 309.0 488.0 217.0 18.0 717.0 382.0 630.0 287.0 601.0 561.0 600.0 241.0 499.0 541.0 398.0 0.0 350.0 437.0 368.0 322.0 454.0 567.0 637.0 66.0 264.0 471.0 191.0 
610.0 561.0 195.0 353.0 589.0 650.0 258.0 92.0 751.0 177.0 613.0 586.0 416.0 732.0 829.0 735.0 215.0 186.0 464.0 696.0 224.0 622.0 847.0 342.0 265.0 539.0 231.0 496.0 670.0 562.0 786.0 291.0 333.0 468.0 580.0 684.0 137.0 266.0 480.0 405.0 918.0 305.0 250.0 461.0 311.0 259.0 627.0 616.0 359.0 659.0 891.0 671.0 700.0 258.0 288.0 388.0 336.0 579.0 171.0 777.0 636.0 590.0 697.0 787.0 137.0 209.0 658.0 742.0 350.0 0.0 755.0 39.0 378.0 320.0 561.0 936.0 414.0 526.0 724.0 160.0 
498.0 233.0 892.0 716.0 228.0 267.0 509.0 703.0 60.0 902.0 305.0 736.0 781.0 339.0 359.0 378.0 544.0 570.0 730.0 258.0 580.0 772.0 335.0 430.0 789.0 621.0 963.0 301.0 585.0 776.0 585.0 801.0 858.0 419.0 215.0 162.0 623.0 519.0 780.0 581.0 288.0 881.0 900.0 325.0 465.0 872.0 636.0 794.0 880.0 238.0 147.0 418.0 624.0 741.0 924.0 396.0 444.0 868.0 817.0 457.0 269.0 654.0 439.0 374.0 671.0 930.0 460.0 328.0 437.0 755.0 0.0 762.0 723.0 885.0 630.0 208.0 394.0 530.0 195.0 606.0 
639.0 575.0 164.0 390.0 587.0 668.0 257.0 127.0 755.0 199.0 605.0 555.0 380.0 721.0 818.0 759.0 228.0 197.0 502.0 715.0 251.0 589.0 837.0 341.0 228.0 513.0 247.0 512.0 647.0 528.0 816.0 329.0 370.0 456.0 593.0 698.0 140.0 259.0 445.0 437.0 913.0 341.0 215.0 476.0 328.0 293.0 600.0 583.0 321.0 676.0 894.0 697.0 675.0 296.0 319.0 385.0 353.0 543.0 207.0 761.0 654.0 562.0 681.0 775.0 170.0 230.0 640.0 764.0 368.0 39.0 762.0 0.0 415.0 356.0 534.0 938.0 433.0 557.0 720.0 180.0 
337.0 490.0 565.0 25.0 664.0 502.0 436.0 292.0 748.0 364.0 738.0 895.0 763.0 861.0 946.0 515.0 341.0 350.0 88.0 541.0 243.0 936.0 949.0 482.0 631.0 815.0 407.0 425.0 913.0 887.0 476.0 135.0 165.0 651.0 509.0 586.0 386.0 470.0 818.0 145.0 973.0 210.0 626.0 408.0 322.0 236.0 895.0 938.0 733.0 525.0 869.0 435.0 951.0 125.0 278.0 523.0 327.0 926.0 256.0 948.0 491.0 871.0 876.0 921.0 257.0 371.0 852.0 546.0 322.0 378.0 723.0 415.0 0.0 205.0 837.0 930.0 338.0 249.0 789.0 308.0 
541.0 655.0 465.0 196.0 786.0 689.0 495.0 272.0 902.0 214.0 842.0 901.0 735.0 967.0 1059.0 716.0 404.0 397.0 271.0 732.0 324.0 938.0 1068.0 564.0 582.0 844.0 235.0 586.0 963.0 880.0 678.0 86.0 42.0 725.0 675.0 764.0 399.0 520.0 799.0 336.0 1111.0 16.0 534.0 561.0 436.0 67.0 930.0 934.0 667.0 710.0 1032.0 637.0 997.0 146.0 82.0 611.0 451.0 898.0 149.0 1037.0 678.0 897.0 959.0 1026.0 267.0 206.0 927.0 745.0 454.0 320.0 885.0 356.0 205.0 0.0 865.0 1089.0 492.0 453.0 919.0 346.0 
870.0 612.0 543.0 815.0 409.0 740.0 403.0 595.0 584.0 731.0 328.0 107.0 241.0 360.0 436.0 878.0 497.0 489.0 905.0 771.0 595.0 144.0 472.0 379.0 366.0 23.0 776.0 601.0 132.0 154.0 1037.0 812.0 867.0 242.0 617.0 689.0 468.0 369.0 196.0 768.0 593.0 853.0 500.0 578.0 543.0 811.0 68.0 164.0 387.0 725.0 691.0 861.0 147.0 757.0 846.0 358.0 552.0 249.0 724.0 317.0 729.0 35.0 257.0 383.0 606.0 763.0 210.0 849.0 567.0 561.0 630.0 534.0 837.0 865.0 0.0 698.0 605.0 829.0 465.0 536.0 
696.0 441.0 1054.0 923.0 357.0 464.0 681.0 893.0 189.0 1092.0 386.0 802.0 891.0 345.0 307.0 554.0 730.0 754.0 937.0 445.0 777.0 831.0 269.0 598.0 929.0 696.0 1152.0 507.0 617.0 851.0 760.0 1005.0 1063.0 537.0 422.0 361.0 800.0 683.0 875.0 789.0 154.0 1084.0 1052.0 529.0 661.0 1072.0 684.0 856.0 1009.0 435.0 66.0 607.0 647.0 944.0 1124.0 556.0 642.0 946.0 1013.0 438.0 468.0 714.0 457.0 347.0 865.0 1121.0 496.0 502.0 637.0 936.0 208.0 938.0 930.0 1089.0 698.0 0.0 599.0 735.0 242.0 795.0 
268.0 166.0 590.0 327.0 335.0 236.0 247.0 340.0 414.0 529.0 420.0 689.0 626.0 538.0 617.0 334.0 211.0 242.0 365.0 283.0 201.0 732.0 616.0 229.0 554.0 585.0 589.0 96.0 644.0 701.0 444.0 407.0 464.0 375.0 186.0 282.0 308.0 280.0 659.0 208.0 636.0 488.0 622.0 71.0 107.0 481.0 649.0 743.0 663.0 247.0 541.0 285.0 686.0 347.0 533.0 248.0 83.0 768.0 433.0 636.0 223.0 638.0 572.0 597.0 299.0 554.0 557.0 332.0 66.0 414.0 394.0 433.0 338.0 492.0 605.0 599.0 0.0 227.0 453.0 255.0 
91.0 313.0 720.0 257.0 542.0 277.0 449.0 436.0 569.0 578.0 636.0 910.0 827.0 748.0 818.0 266.0 379.0 405.0 218.0 309.0 310.0 953.0 810.0 451.0 730.0 809.0 630.0 269.0 870.0 918.0 260.0 375.0 413.0 602.0 327.0 375.0 466.0 485.0 868.0 129.0 806.0 456.0 768.0 273.0 295.0 473.0 875.0 962.0 840.0 304.0 671.0 186.0 912.0 338.0 520.0 474.0 280.0 978.0 467.0 852.0 270.0 863.0 792.0 804.0 390.0 592.0 781.0 301.0 264.0 526.0 530.0 557.0 249.0 453.0 829.0 735.0 227.0 0.0 643.0 391.0 
634.0 333.0 824.0 777.0 137.0 420.0 466.0 694.0 137.0 890.0 144.0 570.0 650.0 144.0 179.0 549.0 532.0 551.0 817.0 426.0 596.0 602.0 168.0 382.0 691.0 460.0 949.0 378.0 401.0 616.0 751.0 839.0 899.0 297.0 321.0 325.0 587.0 462.0 636.0 660.0 195.0 912.0 817.0 386.0 484.0 892.0 459.0 626.0 768.0 393.0 227.0 573.0 437.0 776.0 942.0 336.0 471.0 711.0 823.0 262.0 416.0 484.0 247.0 183.0 673.0 920.0 275.0 504.0 471.0 724.0 195.0 720.0 789.0 919.0 465.0 242.0 453.0 643.0 0.0 597.0 
468.0 403.0 340.0 284.0 460.0 491.0 149.0 99.0 607.0 298.0 503.0 588.0 460.0 627.0 722.0 580.0 66.0 51.0 385.0 537.0 82.0 629.0 734.0 222.0 343.0 513.0 358.0 338.0 623.0 579.0 648.0 281.0 339.0 379.0 422.0 526.0 81.0 175.0 512.0 282.0 791.0 335.0 381.0 303.0 152.0 305.0 597.0 631.0 452.0 500.0 745.0 520.0 659.0 223.0 351.0 270.0 177.0 621.0 228.0 692.0 477.0 568.0 614.0 686.0 80.0 327.0 581.0 584.0 191.0 160.0 606.0 180.0 308.0 346.0 536.0 795.0 255.0 391.0 597.0 0.0 
