100 0.0 5
1 817 422
2 257 427
3 79 747
4 50 374
5 118 129
6 564 984
7 973 250
8 286 960
9 276 184
10 385 832
11 714 217
12 359 348
13 531 811
14 964 730
15 629 539
16 504 572
17 590 826
18 516 950
19 268 31
20 106 546
21 142 741
22 979 785
23 100 506
24 116 168
25 265 945
26 822 129
27 473 179
28 481 456
29 890 3
30 161 963
31 982 947
32 717 965
33 3 584
34 119 379
35 990 889
36 843 931
37 181 872
38 110 880
39 701 592
40 347 673
41 443 121
42 616 593
43 306 537
44 752 163
45 833 937
46 819 160
47 749 344
48 382 10
49 608 681
50 112 890
51 67 319
52 160 581
53 688 727
54 854 531
55 75 195
56 498 431
57 337 870
58 519 382
59 813 98
60 513 367
61 950 693
62 712 133
63 37 149
64 775 240
65 974 457
66 983 262
67 54 739
68 124 250
69 290 651
70 302 777
71 392 349
72 477 965
73 189 10
74 492 514
75 445 898
76 503 125
77 272 908
78 574 451
79 445 581
80 903 400
81 766 565
82 886 671
83 207 50
84 982 240
85 719 60
86 246 900
87 998 137
88 956 925
89 508 424
90 942 768
91 274 671
92 631 355
93 86 640
94 779 69
95 84 821
96 379 313
97 778 54
98 301 983
99 969 943
100 892 91
opening costs
130 748 702 753 339 256 223 680 328 918 830 162 88 596 649 663 437 474 537 514 117 85 728 193 679 369 547 745 297 491 872 626 401 401 875 51 93 154 457 460 320 809 7 311 693 802 704 902 782 367 374 427 993 511 151 72 441 21 501 625 920 240 222 653 822 345 800 513 260 69 911 862 949 180 494 748 629 90 524 901 142 491 187 560 719 485 619 216 281 681 398 189 468 199 389 772 119 692 589 44 
star costs
0.0 561.0 807.0 769.0 758.0 617.0 233.0 756.0 592.0 596.0 230.0 464.0 483.0 342.0 222.0 348.0 464.0 608.0 675.0 722.0 747.0 398.0 722.0 746.0 761.0 294.0 422.0 338.0 426.0 851.0 551.0 553.0 830.0 700.0 499.0 510.0 780.0 843.0 206.0 533.0 481.0 264.0 524.0 268.0 516.0 263.0 104.0 600.0 333.0 847.0 758.0 676.0 332.0 116.0 776.0 320.0 657.0 301.0 325.0 309.0 302.0 308.0 827.0 187.0 161.0 231.0 827.0 715.0 575.0 626.0 432.0 641.0 752.0 338.0 605.0 433.0 731.0 245.0 405.0 89.0 152.0 259.0 715.0 246.0 376.0 745.0 338.0 522.0 310.0 368.0 598.0 198.0 763.0 356.0 835.0 452.0 371.0 763.0 543.0 340.0 
561.0 0.0 367.0 214.0 329.0 637.0 738.0 534.0 244.0 425.0 503.0 130.0 472.0 770.0 389.0 287.0 520.0 584.0 397.0 193.0 335.0 806.0 176.0 295.0 519.0 639.0 329.0 226.0 762.0 545.0 893.0 708.0 299.0 147.0 867.0 773.0 452.0 477.0 474.0 262.0 359.0 396.0 121.0 561.0 770.0 623.0 499.0 436.0 434.0 486.0 219.0 183.0 526.0 606.0 295.0 242.0 451.0 266.0 647.0 263.0 743.0 542.0 355.0 551.0 718.0 745.0 373.0 222.0 227.0 353.0 156.0 582.0 423.0 251.0 508.0 390.0 482.0 318.0 244.0 647.0 528.0 675.0 381.0 749.0 591.0 474.0 796.0 859.0 252.0 766.0 245.0 381.0 274.0 633.0 431.0 167.0 641.0 558.0 880.0 719.0 
807.0 367.0 0.0 375.0 620.0 540.0 1023.0 298.0 597.0 318.0 828.0 488.0 457.0 886.0 589.0 460.0 518.0 482.0 741.0 203.0 64.0 901.0 242.0 581.0 272.0 967.0 692.0 497.0 1101.0 232.0 925.0 675.0 180.0 371.0 923.0 786.0 162.0 137.0 642.0 279.0 725.0 559.0 310.0 892.0 778.0 945.0 782.0 797.0 534.0 147.0 429.0 185.0 610.0 805.0 553.0 525.0 286.0 572.0 980.0 577.0 873.0 882.0 600.0 862.0 941.0 1026.0 27.0 500.0 232.0 226.0 507.0 454.0 746.0 475.0 396.0 753.0 252.0 577.0 402.0 895.0 711.0 811.0 709.0 1036.0 939.0 227.0 1104.0 895.0 538.0 864.0 210.0 678.0 108.0 975.0 75.0 528.0 985.0 325.0 912.0 1045.0 
769.0 214.0 375.0 0.0 255.0 798.0 932.0 632.0 296.0 568.0 683.0 311.0 650.0 981.0 603.0 496.0 705.0 741.0 407.0 181.0 379.0 1016.0 142.0 217.0 611.0 810.0 466.0 439.0 919.0 600.0 1095.0 892.0 216.0 70.0 1072.0 970.0 515.0 510.0 687.0 422.0 468.0 607.0 304.0 734.0 965.0 799.0 700.0 493.0 637.0 520.0 58.0 235.0 730.0 820.0 181.0 452.0 574.0 470.0 812.0 464.0 955.0 705.0 226.0 738.0 928.0 940.0 366.0 145.0 367.0 476.0 343.0 730.0 390.0 464.0 657.0 517.0 579.0 530.0 446.0 854.0 742.0 888.0 361.0 942.0 740.0 562.0 978.0 1061.0 461.0 976.0 373.0 582.0 269.0 791.0 449.0 335.0 796.0 659.0 1081.0 889.0 
758.0 329.0 620.0 255.0 0.0 965.0 864.0 848.0 168.0 752.0 603.0 326.0 798.0 1038.0 656.0 588.0 842.0 913.0 180.0 418.0 613.0 1083.0 378.0 40.0 830.0 704.0 359.0 489.0 783.0 836.0 1190.0 1029.0 470.0 251.0 1157.0 1082.0 746.0 752.0 745.0 591.0 326.0 681.0 450.0 635.0 1079.0 702.0 667.0 290.0 739.0 762.0 197.0 454.0 827.0 839.0 79.0 486.0 773.0 475.0 696.0 462.0 1006.0 595.0 84.0 667.0 917.0 876.0 614.0 122.0 550.0 674.0 352.0 910.0 139.0 537.0 836.0 386.0 795.0 559.0 558.0 831.0 782.0 940.0 120.0 872.0 605.0 782.0 881.0 1156.0 490.0 1043.0 565.0 561.0 513.0 664.0 693.0 320.0 665.0 874.0 1178.0 775.0 
617.0 637.0 540.0 798.0 965.0 0.0 841.0 280.0 851.0 235.0 782.0 669.0 177.0 474.0 450.0 417.0 161.0 59.0 998.0 634.0 487.0 461.0 667.0 931.0 302.0 894.0 811.0 535.0 1034.0 404.0 420.0 155.0 689.0 752.0 437.0 284.0 400.0 466.0 416.0 380.0 872.0 395.0 517.0 843.0 274.0 863.0 667.0 991.0 307.0 462.0 831.0 571.0 286.0 538.0 929.0 557.0 255.0 604.0 921.0 620.0 484.0 864.0 988.0 774.0 668.0 835.0 566.0 856.0 432.0 334.0 658.0 90.0 1044.0 476.0 147.0 862.0 302.0 534.0 421.0 676.0 466.0 450.0 1000.0 854.0 937.0 329.0 952.0 397.0 563.0 436.0 427.0 633.0 589.0 940.0 507.0 697.0 955.0 264.0 408.0 952.0 
233.0 738.0 1023.0 932.0 864.0 841.0 0.0 988.0 701.0 828.0 262.0 622.0 715.0 481.0 450.0 569.0 692.0 836.0 739.0 917.0 966.0 536.0 910.0 861.0 993.0 194.0 506.0 534.0 261.0 1081.0 698.0 760.0 1026.0 864.0 640.0 694.0 1008.0 1069.0 437.0 756.0 546.0 496.0 727.0 238.0 702.0 179.0 243.0 638.0 565.0 1073.0 909.0 878.0 556.0 306.0 900.0 509.0 889.0 473.0 221.0 475.0 444.0 287.0 942.0 199.0 208.0 16.0 1042.0 849.0 793.0 854.0 590.0 871.0 820.0 549.0 836.0 487.0 962.0 447.0 624.0 166.0 377.0 430.0 792.0 14.0 318.0 976.0 116.0 676.0 497.0 519.0 816.0 358.0 969.0 266.0 1057.0 598.0 277.0 995.0 694.0 179.0 
756.0 534.0 298.0 632.0 848.0 280.0 988.0 0.0 777.0 162.0 858.0 617.0 287.0 716.0 544.0 446.0 333.0 231.0 930.0 452.0 263.0 715.0 491.0 811.0 26.0 989.0 804.0 541.0 1132.0 126.0 697.0 432.0 471.0 605.0 708.0 558.0 137.0 194.0 555.0 294.0 854.0 494.0 424.0 924.0 548.0 962.0 771.0 955.0 427.0 188.0 678.0 400.0 465.0 712.0 794.0 570.0 104.0 624.0 1011.0 635.0 716.0 931.0 849.0 871.0 853.0 987.0 321.0 729.0 310.0 184.0 621.0 192.0 955.0 492.0 171.0 863.0 54.0 585.0 412.0 834.0 622.0 666.0 914.0 1002.0 999.0 73.0 1089.0 671.0 581.0 684.0 290.0 697.0 378.0 1019.0 246.0 654.0 1031.0 28.0 684.0 1060.0 
592.0 244.0 597.0 296.0 168.0 851.0 701.0 777.0 0.0 658.0 440.0 184.0 677.0 879.0 501.0 451.0 715.0 803.0 154.0 400.0 573.0 925.0 367.0 161.0 762.0 549.0 198.0 341.0 641.0 788.0 1040.0 897.0 485.0 251.0 1004.0 938.0 695.0 716.0 590.0 495.0 179.0 532.0 355.0 477.0 937.0 544.0 500.0 204.0 598.0 725.0 249.0 414.0 682.0 675.0 202.0 333.0 689.0 314.0 544.0 300.0 845.0 439.0 242.0 503.0 750.0 712.0 598.0 166.0 468.0 594.0 202.0 807.0 195.0 395.0 734.0 235.0 725.0 401.0 432.0 664.0 621.0 781.0 151.0 709.0 461.0 717.0 724.0 1006.0 334.0 886.0 488.0 395.0 494.0 516.0 666.0 166.0 519.0 800.0 1028.0 623.0 
596.0 425.0 318.0 568.0 752.0 235.0 828.0 162.0 658.0 0.0 698.0 485.0 148.0 588.0 382.0 286.0 206.0 177.0 810.0 400.0 260.0 596.0 434.0 717.0 165.0 828.0 659.0 389.0 971.0 260.0 608.0 358.0 456.0 526.0 608.0 469.0 208.0 280.0 397.0 164.0 714.0 333.0 306.0 764.0 461.0 800.0 609.0 823.0 270.0 280.0 604.0 338.0 321.0 558.0 709.0 417.0 62.0 470.0 850.0 483.0 582.0 772.0 767.0 709.0 699.0 827.0 344.0 638.0 205.0 100.0 484.0 162.0 846.0 336.0 90.0 717.0 137.0 426.0 259.0 675.0 466.0 527.0 803.0 841.0 842.0 155.0 927.0 579.0 427.0 561.0 196.0 537.0 356.0 859.0 302.0 520.0 872.0 173.0 595.0 898.0 
230.0 503.0 828.0 683.0 603.0 782.0 262.0 858.0 440.0 698.0 0.0 379.0 622.0 571.0 334.0 413.0 622.0 760.0 484.0 692.0 776.0 627.0 679.0 601.0 856.0 140.0 244.0 334.0 278.0 929.0 778.0 749.0 801.0 617.0 727.0 726.0 845.0 897.0 376.0 586.0 288.0 389.0 519.0 67.0 730.0 120.0 132.0 392.0 476.0 903.0 655.0 663.0 511.0 344.0 640.0 305.0 755.0 256.0 155.0 251.0 532.0 85.0 681.0 66.0 354.0 273.0 842.0 591.0 607.0 696.0 349.0 785.0 565.0 371.0 733.0 231.0 821.0 273.0 453.0 264.0 352.0 486.0 534.0 269.0 158.0 828.0 296.0 749.0 293.0 597.0 633.0 162.0 758.0 162.0 873.0 349.0 176.0 871.0 770.0 219.0 
464.0 130.0 488.0 311.0 326.0 669.0 622.0 617.0 184.0 485.0 379.0 0.0 494.0 716.0 331.0 267.0 531.0 623.0 330.0 322.0 449.0 759.0 304.0 303.0 605.0 513.0 204.0 163.0 634.0 647.0 865.0 714.0 428.0 242.0 832.0 758.0 554.0 588.0 421.0 326.0 243.0 356.0 197.0 435.0 757.0 497.0 391.0 339.0 416.0 596.0 294.0 307.0 502.0 528.0 323.0 162.0 523.0 164.0 519.0 156.0 685.0 414.0 379.0 430.0 625.0 630.0 496.0 255.0 311.0 433.0 34.0 629.0 379.0 213.0 557.0 266.0 567.0 239.0 249.0 547.0 462.0 619.0 335.0 633.0 462.0 564.0 673.0 831.0 168.0 719.0 334.0 273.0 400.0 505.0 548.0 41.0 512.0 638.0 853.0 592.0 
483.0 472.0 457.0 650.0 798.0 177.0 715.0 287.0 677.0 148.0 622.0 494.0 0.0 441.0 290.0 241.0 61.0 140.0 824.0 501.0 396.0 449.0 529.0 766.0 298.0 742.0 635.0 359.0 885.0 401.0 472.0 242.0 575.0 597.0 466.0 335.0 356.0 427.0 278.0 230.0 696.0 234.0 355.0 685.0 328.0 712.0 516.0 815.0 152.0 427.0 677.0 437.0 179.0 428.0 767.0 382.0 203.0 430.0 767.0 445.0 436.0 702.0 827.0 621.0 568.0 712.0 483.0 694.0 290.0 232.0 483.0 164.0 871.0 300.0 123.0 687.0 277.0 363.0 246.0 555.0 341.0 382.0 828.0 728.0 775.0 299.0 820.0 441.0 388.0 414.0 293.0 467.0 477.0 783.0 448.0 521.0 797.0 288.0 458.0 806.0 
342.0 770.0 886.0 981.0 1038.0 474.0 481.0 716.0 879.0 588.0 571.0 716.0 441.0 0.0 386.0 487.0 387.0 500.0 987.0 878.0 823.0 58.0 893.0 1018.0 732.0 618.0 739.0 556.0 731.0 837.0 218.0 341.0 973.0 916.0 162.0 235.0 796.0 868.0 298.0 620.0 802.0 374.0 686.0 606.0 245.0 589.0 442.0 926.0 360.0 867.0 987.0 818.0 277.0 228.0 1038.0 554.0 643.0 565.0 650.0 579.0 40.0 649.0 1095.0 526.0 274.0 469.0 911.0 968.0 679.0 664.0 688.0 541.0 1058.0 520.0 546.0 761.0 715.0 480.0 540.0 336.0 258.0 98.0 1018.0 491.0 714.0 738.0 594.0 196.0 550.0 44.0 693.0 502.0 883.0 687.0 885.0 719.0 702.0 710.0 214.0 644.0 
222.0 389.0 589.0 603.0 656.0 450.0 450.0 544.0 501.0 382.0 334.0 331.0 290.0 386.0 0.0 130.0 290.0 427.0 624.0 524.0 528.0 428.0 531.0 634.0 546.0 454.0 393.0 170.0 597.0 632.0 540.0 435.0 628.0 535.0 503.0 447.0 559.0 622.0 90.0 313.0 458.0 56.0 324.0 396.0 448.0 424.0 229.0 584.0 144.0 625.0 604.0 471.0 198.0 226.0 653.0 170.0 442.0 192.0 478.0 208.0 357.0 415.0 709.0 333.0 355.0 450.0 609.0 582.0 358.0 405.0 304.0 453.0 689.0 140.0 404.0 433.0 514.0 104.0 189.0 308.0 140.0 289.0 646.0 463.0 488.0 527.0 546.0 506.0 167.0 388.0 379.0 185.0 553.0 494.0 614.0 338.0 508.0 553.0 529.0 520.0 
348.0 287.0 460.0 496.0 588.0 417.0 569.0 446.0 451.0 286.0 413.0 267.0 241.0 487.0 130.0 0.0 269.0 379.0 591.0 399.0 400.0 521.0 410.0 561.0 444.0 546.0 395.0 119.0 688.0 521.0 608.0 448.0 502.0 431.0 581.0 494.0 441.0 501.0 199.0 187.0 456.0 114.0 202.0 479.0 492.0 519.0 335.0 576.0 151.0 505.0 505.0 345.0 241.0 353.0 572.0 142.0 342.0 191.0 566.0 206.0 463.0 486.0 631.0 429.0 484.0 571.0 480.0 499.0 229.0 288.0 250.0 394.0 645.0 60.0 332.0 448.0 409.0 140.0 60.0 435.0 263.0 395.0 601.0 582.0 556.0 418.0 659.0 574.0 149.0 480.0 251.0 252.0 424.0 574.0 489.0 288.0 587.0 459.0 595.0 618.0 
464.0 520.0 518.0 705.0 842.0 161.0 692.0 333.0 715.0 206.0 622.0 531.0 61.0 387.0 290.0 269.0 0.0 145.0 858.0 560.0 456.0 392.0 586.0 811.0 347.0 735.0 658.0 386.0 876.0 451.0 411.0 189.0 635.0 650.0 405.0 274.0 412.0 484.0 259.0 288.0 721.0 235.0 406.0 683.0 268.0 705.0 508.0 843.0 147.0 483.0 729.0 495.0 140.0 396.0 815.0 406.0 257.0 450.0 762.0 466.0 384.0 704.0 875.0 615.0 533.0 688.0 544.0 741.0 348.0 293.0 517.0 180.0 910.0 328.0 162.0 707.0 329.0 376.0 285.0 529.0 315.0 335.0 866.0 706.0 777.0 352.0 801.0 380.0 411.0 357.0 352.0 473.0 538.0 781.0 507.0 555.0 795.0 329.0 397.0 795.0 
608.0 584.0 482.0 741.0 913.0 59.0 836.0 231.0 803.0 177.0 760.0 623.0 140.0 500.0 427.0 379.0 145.0 0.0 952.0 576.0 429.0 492.0 609.0 879.0 252.0 877.0 773.0 496.0 1019.0 356.0 467.0 202.0 631.0 696.0 478.0 328.0 344.0 412.0 403.0 325.0 833.0 371.0 464.0 822.0 318.0 847.0 650.0 950.0 285.0 409.0 775.0 513.0 282.0 539.0 875.0 520.0 197.0 569.0 903.0 584.0 505.0 841.0 934.0 756.0 673.0 832.0 508.0 803.0 375.0 276.0 614.0 42.0 996.0 437.0 89.0 826.0 248.0 503.0 376.0 673.0 460.0 464.0 952.0 850.0 913.0 275.0 946.0 441.0 527.0 464.0 370.0 607.0 531.0 920.0 451.0 652.0 934.0 218.0 454.0 938.0 
675.0 397.0 741.0 407.0 180.0 998.0 739.0 930.0 154.0 810.0 484.0 330.0 824.0 987.0 624.0 591.0 858.0 952.0 0.0 540.0 722.0 1037.0 504.0 205.0 915.0 563.0 253.0 476.0 623.0 939.0 1162.0 1037.0 614.0 379.0 1122.0 1069.0 846.0 864.0 709.0 647.0 197.0 662.0 508.0 502.0 1068.0 566.0 574.0 116.0 734.0 874.0 352.0 561.0 813.0 771.0 254.0 462.0 842.0 432.0 550.0 416.0 951.0 456.0 260.0 549.0 825.0 752.0 740.0 263.0 621.0 747.0 342.0 958.0 82.0 533.0 885.0 254.0 878.0 520.0 578.0 735.0 731.0 890.0 64.0 744.0 452.0 870.0 738.0 1129.0 461.0 999.0 641.0 487.0 636.0 513.0 812.0 304.0 511.0 953.0 1151.0 627.0 
722.0 193.0 203.0 181.0 418.0 634.0 917.0 452.0 400.0 400.0 692.0 322.0 501.0 878.0 524.0 399.0 560.0 576.0 540.0 0.0 199.0 906.0 41.0 379.0 430.0 829.0 520.0 386.0 954.0 421.0 964.0 741.0 110.0 168.0 949.0 832.0 335.0 335.0 597.0 273.0 543.0 513.0 201.0 752.0 826.0 811.0 674.0 603.0 520.0 345.0 231.0 65.0 610.0 749.0 353.0 409.0 398.0 445.0 837.0 445.0 857.0 734.0 403.0 736.0 873.0 922.0 200.0 297.0 212.0 303.0 348.0 560.0 543.0 388.0 489.0 579.0 399.0 478.0 341.0 811.0 661.0 790.0 507.0 928.0 783.0 381.0 982.0 931.0 421.0 865.0 210.0 559.0 97.0 825.0 276.0 359.0 833.0 479.0 950.0 909.0 
747.0 335.0 64.0 379.0 613.0 487.0 966.0 263.0 573.0 260.0 776.0 449.0 396.0 823.0 528.0 400.0 456.0 429.0 722.0 199.0 0.0 839.0 239.0 574.0 239.0 915.0 653.0 443.0 1051.0 223.0 865.0 618.0 210.0 363.0 861.0 727.0 137.0 143.0 579.0 216.0 690.0 497.0 262.0 841.0 719.0 893.0 726.0 770.0 470.0 152.0 429.0 162.0 547.0 743.0 551.0 473.0 234.0 521.0 930.0 527.0 810.0 834.0 602.0 808.0 880.0 968.0 89.0 492.0 174.0 164.0 465.0 403.0 733.0 418.0 342.0 714.0 212.0 521.0 343.0 834.0 649.0 748.0 695.0 979.0 893.0 190.0 1048.0 835.0 485.0 801.0 150.0 623.0 116.0 926.0 99.0 490.0 937.0 290.0 852.0 993.0 
398.0 806.0 901.0 1016.0 1083.0 461.0 536.0 715.0 925.0 596.0 627.0 759.0 449.0 58.0 428.0 521.0 392.0 492.0 1037.0 906.0 839.0 0.0 923.0 1061.0 732.0 675.0 790.0 597.0 788.0 838.0 163.0 318.0 997.0 952.0 105.0 200.0 803.0 875.0 339.0 642.0 854.0 411.0 718.0 663.0 211.0 646.0 498.0 979.0 386.0 874.0 1025.0 845.0 297.0 284.0 1080.0 598.0 648.0 612.0 707.0 627.0 97.0 705.0 1137.0 582.0 329.0 524.0 927.0 1009.0 702.0 678.0 732.0 534.0 1107.0 558.0 546.0 814.0 718.0 525.0 572.0 393.0 307.0 148.0 1066.0 546.0 771.0 742.0 649.0 142.0 594.0 41.0 715.0 554.0 905.0 744.0 896.0 764.0 759.0 707.0 159.0 700.0 
722.0 176.0 242.0 142.0 378.0 667.0 910.0 491.0 367.0 434.0 679.0 304.0 529.0 893.0 531.0 410.0 586.0 609.0 504.0 41.0 239.0 923.0 0.0 339.0 469.0 815.0 497.0 385.0 937.0 462.0 987.0 770.0 125.0 129.0 969.0 856.0 375.0 375.0 608.0 299.0 516.0 524.0 209.0 737.0 851.0 798.0 669.0 571.0 538.0 385.0 190.0 97.0 629.0 755.0 313.0 406.0 435.0 437.0 822.0 436.0 871.0 717.0 363.0 726.0 876.0 917.0 238.0 258.0 240.0 339.0 332.0 594.0 504.0 393.0 523.0 555.0 438.0 478.0 354.0 810.0 669.0 804.0 469.0 922.0 763.0 421.0 971.0 954.0 417.0 882.0 240.0 553.0 135.0 808.0 316.0 340.0 815.0 518.0 973.0 895.0 
746.0 295.0 581.0 217.0 40.0 931.0 861.0 811.0 161.0 717.0 601.0 303.0 766.0 1018.0 634.0 561.0 811.0 879.0 205.0 379.0 574.0 1061.0 339.0 0.0 792.0 708.0 358.0 465.0 792.0 797.0 1165.0 999.0 432.0 212.0 1134.0 1054.0 707.0 713.0 723.0 556.0 331.0 657.0 416.0 637.0 1052.0 704.0 658.0 310.0 711.0 723.0 159.0 416.0 800.0 823.0 50.0 464.0 736.0 457.0 701.0 445.0 986.0 598.0 82.0 663.0 906.0 873.0 575.0 83.0 514.0 637.0 331.0 875.0 175.0 511.0 801.0 390.0 757.0 539.0 529.0 821.0 762.0 920.0 150.0 869.0 613.0 744.0 883.0 1131.0 469.0 1021.0 528.0 548.0 473.0 671.0 654.0 301.0 672.0 836.0 1153.0 780.0 
761.0 519.0 272.0 611.0 830.0 302.0 993.0 26.0 762.0 165.0 856.0 605.0 298.0 732.0 546.0 444.0 347.0 252.0 915.0 430.0 239.0 732.0 469.0 792.0 0.0 988.0 794.0 535.0 1131.0 106.0 718.0 453.0 447.0 585.0 728.0 579.0 112.0 169.0 561.0 285.0 844.0 498.0 411.0 922.0 569.0 961.0 772.0 943.0 433.0 163.0 657.0 379.0 476.0 720.0 774.0 565.0 104.0 618.0 1009.0 629.0 730.0 927.0 829.0 871.0 861.0 991.0 295.0 710.0 296.0 173.0 610.0 213.0 939.0 488.0 187.0 854.0 38.0 583.0 407.0 840.0 629.0 679.0 897.0 1006.0 995.0 49.0 1091.0 692.0 575.0 700.0 275.0 695.0 354.0 1016.0 220.0 643.0 1029.0 53.0 705.0 1060.0 
294.0 639.0 967.0 810.0 704.0 894.0 194.0 989.0 549.0 828.0 140.0 513.0 742.0 618.0 454.0 546.0 735.0 877.0 563.0 829.0 915.0 675.0 815.0 708.0 988.0 0.0 353.0 473.0 144.0 1065.0 834.0 843.0 937.0 747.0 779.0 803.0 982.0 1035.0 479.0 723.0 380.0 508.0 658.0 78.0 809.0 32.0 228.0 456.0 593.0 1041.0 779.0 802.0 613.0 404.0 750.0 443.0 886.0 395.0 33.0 391.0 579.0 111.0 786.0 121.0 362.0 209.0 981.0 709.0 746.0 831.0 484.0 905.0 645.0 508.0 857.0 320.0 954.0 407.0 589.0 283.0 440.0 546.0 621.0 195.0 124.0 963.0 177.0 808.0 431.0 651.0 771.0 296.0 897.0 74.0 1012.0 480.0 87.0 1001.0 828.0 80.0 
422.0 329.0 692.0 466.0 359.0 811.0 506.0 804.0 198.0 659.0 244.0 204.0 635.0 739.0 393.0 395.0 658.0 773.0 253.0 520.0 653.0 790.0 497.0 358.0 794.0 353.0 0.0 278.0 453.0 844.0 922.0 824.0 621.0 407.0 879.0 839.0 753.0 790.0 472.0 510.0 66.0 439.0 396.0 280.0 840.0 347.0 322.0 192.0 520.0 798.0 430.0 510.0 589.0 519.0 399.0 254.0 705.0 209.0 350.0 193.0 702.0 244.0 438.0 309.0 573.0 517.0 700.0 357.0 507.0 622.0 189.0 787.0 331.0 336.0 720.0 62.0 757.0 291.0 403.0 484.0 485.0 643.0 296.0 513.0 274.0 756.0 527.0 889.0 248.0 753.0 531.0 237.0 602.0 326.0 751.0 164.0 330.0 823.0 911.0 429.0 
338.0 226.0 497.0 439.0 489.0 535.0 534.0 541.0 341.0 389.0 334.0 163.0 359.0 556.0 170.0 119.0 386.0 496.0 476.0 386.0 443.0 597.0 385.0 465.0 535.0 473.0 278.0 0.0 611.0 600.0 702.0 562.0 495.0 371.0 669.0 598.0 513.0 564.0 259.0 256.0 338.0 193.0 193.0 400.0 597.0 450.0 291.0 457.0 259.0 570.0 437.0 345.0 342.0 381.0 483.0 31.0 439.0 84.0 489.0 95.0 526.0 398.0 540.0 365.0 494.0 539.0 513.0 413.0 273.0 368.0 140.0 510.0 534.0 60.0 444.0 332.0 498.0 94.0 131.0 426.0 306.0 459.0 490.0 546.0 463.0 503.0 608.0 668.0 42.0 557.0 299.0 181.0 436.0 489.0 540.0 176.0 500.0 557.0 690.0 550.0 
426.0 762.0 1101.0 919.0 783.0 1034.0 261.0 1132.0 641.0 971.0 278.0 634.0 885.0 731.0 597.0 688.0 876.0 1019.0 623.0 954.0 1051.0 788.0 937.0 792.0 1131.0 144.0 453.0 611.0 0.0 1206.0 949.0 978.0 1061.0 858.0 892.0 930.0 1122.0 1174.0 619.0 863.0 463.0 651.0 792.0 212.0 936.0 173.0 370.0 509.0 735.0 1180.0 882.0 932.0 752.0 530.0 838.0 581.0 1029.0 531.0 123.0 525.0 693.0 221.0 866.0 264.0 462.0 276.0 1114.0 805.0 884.0 973.0 607.0 1047.0 702.0 648.0 1000.0 406.0 1096.0 549.0 730.0 398.0 576.0 669.0 685.0 255.0 181.0 1105.0 173.0 925.0 569.0 767.0 909.0 438.0 1026.0 130.0 1149.0 598.0 124.0 1144.0 944.0 89.0 
851.0 545.0 232.0 600.0 836.0 404.0 1081.0 126.0 788.0 260.0 929.0 647.0 401.0 837.0 632.0 521.0 451.0 356.0 939.0 421.0 223.0 838.0 462.0 797.0 106.0 1065.0 844.0 600.0 1206.0 0.0 822.0 557.0 411.0 586.0 833.0 683.0 94.0 98.0 656.0 345.0 888.0 587.0 451.0 995.0 673.0 1039.0 854.0 979.0 529.0 88.0 651.0 383.0 578.0 817.0 773.0 630.0 200.0 683.0 1084.0 693.0 834.0 997.0 824.0 949.0 958.0 1081.0 249.0 714.0 338.0 234.0 657.0 317.0 954.0 558.0 292.0 906.0 124.0 658.0 477.0 932.0 725.0 782.0 915.0 1094.0 1062.0 106.0 1176.0 796.0 642.0 805.0 314.0 769.0 332.0 1087.0 162.0 686.0 1099.0 142.0 809.0 1138.0 
551.0 893.0 925.0 1095.0 1190.0 420.0 698.0 697.0 1040.0 608.0 778.0 865.0 472.0 218.0 540.0 608.0 411.0 467.0 1162.0 964.0 865.0 163.0 987.0 1165.0 718.0 834.0 922.0 702.0 949.0 822.0 0.0 266.0 1045.0 1034.0 59.0 140.0 805.0 875.0 453.0 692.0 987.0 510.0 791.0 818.0 150.0 804.0 647.0 1113.0 459.0 872.0 1110.0 900.0 368.0 436.0 1179.0 708.0 650.0 731.0 866.0 746.0 257.0 858.0 1237.0 737.0 491.0 686.0 952.0 1106.0 753.0 701.0 841.0 506.0 1228.0 654.0 540.0 952.0 712.0 643.0 650.0 553.0 439.0 293.0 1186.0 707.0 926.0 738.0 811.0 35.0 706.0 184.0 760.0 689.0 948.0 902.0 907.0 875.0 917.0 682.0 14.0 861.0 
553.0 708.0 675.0 892.0 1029.0 155.0 760.0 432.0 897.0 358.0 749.0 714.0 242.0 341.0 435.0 448.0 189.0 202.0 1037.0 741.0 618.0 318.0 770.0 999.0 453.0 843.0 824.0 562.0 978.0 557.0 266.0 0.0 810.0 838.0 284.0 131.0 545.0 613.0 374.0 472.0 888.0 386.0 594.0 803.0 120.0 812.0 622.0 1013.0 305.0 610.0 917.0 677.0 240.0 456.0 1003.0 578.0 392.0 616.0 873.0 632.0 359.0 833.0 1063.0 728.0 570.0 752.0 701.0 929.0 531.0 456.0 697.0 240.0 1092.0 505.0 281.0 867.0 449.0 534.0 471.0 595.0 403.0 340.0 1048.0 772.0 906.0 476.0 875.0 243.0 580.0 300.0 532.0 617.0 710.0 899.0 650.0 735.0 914.0 417.0 253.0 892.0 
830.0 299.0 180.0 216.0 470.0 689.0 1026.0 471.0 485.0 456.0 801.0 428.0 575.0 973.0 628.0 502.0 635.0 631.0 614.0 110.0 210.0 997.0 125.0 432.0 447.0 937.0 621.0 495.0 1061.0 411.0 1045.0 810.0 0.0 236.0 1034.0 909.0 339.0 315.0 699.0 356.0 639.0 614.0 307.0 860.0 902.0 920.0 784.0 688.0 613.0 325.0 273.0 158.0 700.0 853.0 396.0 519.0 440.0 555.0 945.0 555.0 954.0 841.0 437.0 846.0 980.0 1032.0 164.0 356.0 295.0 356.0 455.0 609.0 604.0 494.0 543.0 679.0 422.0 587.0 443.0 919.0 764.0 888.0 572.0 1038.0 888.0 399.0 1091.0 1013.0 530.0 957.0 285.0 669.0 101.0 932.0 251.0 464.0 939.0 499.0 1031.0 1017.0 
700.0 147.0 371.0 70.0 251.0 752.0 864.0 605.0 251.0 526.0 617.0 242.0 597.0 916.0 535.0 431.0 650.0 696.0 379.0 168.0 363.0 952.0 129.0 212.0 585.0 747.0 407.0 371.0 858.0 586.0 1034.0 838.0 236.0 0.0 1010.0 911.0 497.0 502.0 620.0 373.0 415.0 542.0 245.0 669.0 907.0 734.0 631.0 454.0 575.0 512.0 80.0 207.0 667.0 751.0 190.0 383.0 538.0 401.0 749.0 395.0 889.0 643.0 245.0 671.0 859.0 872.0 366.0 130.0 322.0 439.0 275.0 687.0 376.0 397.0 613.0 461.0 551.0 461.0 384.0 785.0 674.0 821.0 341.0 875.0 680.0 537.0 912.0 1000.0 392.0 911.0 331.0 513.0 264.0 730.0 444.0 269.0 735.0 631.0 1021.0 825.0 
499.0 867.0 923.0 1072.0 1157.0 437.0 640.0 708.0 1004.0 608.0 727.0 832.0 466.0 162.0 503.0 581.0 405.0 478.0 1122.0 949.0 861.0 105.0 969.0 1134.0 728.0 779.0 879.0 669.0 892.0 833.0 59.0 284.0 1034.0 1010.0 0.0 153.0 810.0 881.0 415.0 679.0 943.0 477.0 770.0 765.0 165.0 749.0 596.0 1069.0 435.0 879.0 1085.0 886.0 343.0 383.0 1149.0 673.0 654.0 693.0 811.0 708.0 201.0 806.0 1207.0 684.0 433.0 628.0 948.0 1077.0 740.0 698.0 806.0 519.0 1190.0 624.0 546.0 907.0 719.0 605.0 627.0 497.0 394.0 242.0 1148.0 650.0 873.0 745.0 753.0 50.0 670.0 131.0 749.0 644.0 938.0 847.0 909.0 840.0 862.0 696.0 58.0 804.0 
510.0 773.0 786.0 970.0 1082.0 284.0 694.0 558.0 938.0 469.0 726.0 758.0 335.0 235.0 447.0 494.0 274.0 328.0 1069.0 832.0 727.0 200.0 856.0 1054.0 579.0 803.0 839.0 598.0 930.0 683.0 140.0 131.0 909.0 911.0 153.0 0.0 665.0 735.0 368.0 560.0 904.0 408.0 667.0 774.0 12.0 772.0 595.0 1030.0 344.0 733.0 989.0 768.0 257.0 401.0 1064.0 608.0 510.0 638.0 834.0 654.0 261.0 809.0 1124.0 695.0 492.0 684.0 813.0 991.0 620.0 563.0 737.0 368.0 1130.0 546.0 400.0 875.0 572.0 551.0 531.0 535.0 375.0 264.0 1087.0 705.0 880.0 598.0 809.0 114.0 608.0 191.0 626.0 614.0 812.0 865.0 767.0 773.0 880.0 545.0 127.0 842.0 
780.0 452.0 162.0 515.0 746.0 400.0 1008.0 137.0 695.0 208.0 845.0 554.0 356.0 796.0 559.0 441.0 412.0 344.0 846.0 335.0 137.0 803.0 375.0 707.0 112.0 982.0 753.0 513.0 1122.0 94.0 805.0 545.0 339.0 497.0 810.0 665.0 0.0 72.0 591.0 260.0 796.0 517.0 358.0 911.0 656.0 957.0 776.0 886.0 468.0 72.0 565.0 292.0 528.0 755.0 686.0 544.0 157.0 596.0 1000.0 605.0 790.0 910.0 738.0 868.0 896.0 1008.0 184.0 625.0 247.0 154.0 564.0 311.0 863.0 475.0 266.0 814.0 98.0 576.0 393.0 863.0 661.0 734.0 823.0 1021.0 975.0 71.0 1099.0 777.0 555.0 769.0 222.0 686.0 251.0 1002.0 110.0 594.0 1013.0 164.0 792.0 1057.0 
843.0 477.0 137.0 510.0 752.0 466.0 1069.0 194.0 716.0 280.0 897.0 588.0 427.0 868.0 622.0 501.0 484.0 412.0 864.0 335.0 143.0 875.0 375.0 713.0 169.0 1035.0 790.0 564.0 1174.0 98.0 875.0 613.0 315.0 502.0 881.0 735.0 72.0 0.0 658.0 315.0 829.0 582.0 396.0 963.0 726.0 1011.0 835.0 912.0 537.0 11.0 563.0 304.0 598.0 822.0 686.0 594.0 228.0 645.0 1052.0 653.0 861.0 960.0 735.0 923.0 962.0 1070.0 152.0 631.0 292.0 218.0 602.0 377.0 874.0 530.0 336.0 852.0 165.0 632.0 450.0 927.0 728.0 804.0 836.0 1082.0 1022.0 138.0 1158.0 848.0 606.0 840.0 266.0 740.0 242.0 1052.0 65.0 628.0 1063.0 218.0 862.0 1111.0 
206.0 474.0 642.0 687.0 745.0 416.0 437.0 555.0 590.0 397.0 376.0 421.0 278.0 298.0 90.0 199.0 259.0 403.0 709.0 597.0 579.0 339.0 608.0 723.0 561.0 479.0 472.0 259.0 619.0 656.0 453.0 374.0 699.0 620.0 415.0 368.0 591.0 658.0 0.0 364.0 538.0 86.0 399.0 433.0 370.0 448.0 253.0 664.0 129.0 661.0 691.0 542.0 136.0 165.0 742.0 260.0 459.0 278.0 507.0 294.0 269.0 460.0 799.0 360.0 305.0 435.0 664.0 671.0 416.0 440.0 394.0 436.0 776.0 224.0 399.0 508.0 533.0 190.0 257.0 279.0 71.0 202.0 734.0 451.0 533.0 550.0 544.0 420.0 256.0 299.0 435.0 248.0 617.0 529.0 659.0 427.0 544.0 560.0 442.0 537.0 
533.0 262.0 279.0 422.0 591.0 380.0 756.0 294.0 495.0 164.0 586.0 326.0 230.0 620.0 313.0 187.0 288.0 325.0 647.0 273.0 216.0 642.0 299.0 556.0 285.0 723.0 510.0 256.0 863.0 345.0 692.0 472.0 356.0 373.0 679.0 560.0 260.0 315.0 364.0 0.0 561.0 281.0 143.0 652.0 554.0 698.0 520.0 664.0 262.0 320.0 452.0 209.0 346.0 527.0 550.0 286.0 198.0 339.0 741.0 349.0 604.0 652.0 609.0 609.0 664.0 758.0 301.0 479.0 62.0 114.0 328.0 320.0 682.0 216.0 246.0 570.0 247.0 318.0 135.0 620.0 433.0 540.0 639.0 769.0 718.0 249.0 844.0 660.0 297.0 603.0 74.0 427.0 264.0 743.0 302.0 362.0 755.0 314.0 679.0 798.0 
481.0 359.0 725.0 468.0 326.0 872.0 546.0 854.0 179.0 714.0 288.0 243.0 696.0 802.0 458.0 456.0 721.0 833.0 197.0 543.0 690.0 854.0 516.0 331.0 844.0 380.0 66.0 338.0 463.0 888.0 987.0 888.0 639.0 415.0 943.0 904.0 796.0 829.0 538.0 561.0 0.0 503.0 438.0 312.0 905.0 379.0 379.0 127.0 584.0 838.0 425.0 541.0 654.0 581.0 376.0 315.0 757.0 272.0 371.0 256.0 765.0 270.0 407.0 353.0 629.0 559.0 731.0 345.0 552.0 671.0 234.0 845.0 278.0 397.0 778.0 61.0 806.0 356.0 461.0 538.0 550.0 707.0 247.0 552.0 283.0 804.0 556.0 954.0 310.0 818.0 576.0 301.0 630.0 340.0 787.0 203.0 342.0 874.0 976.0 451.0 
264.0 396.0 559.0 607.0 681.0 395.0 496.0 494.0 532.0 333.0 389.0 356.0 234.0 374.0 56.0 114.0 235.0 371.0 662.0 513.0 497.0 411.0 524.0 657.0 498.0 508.0 439.0 193.0 651.0 587.0 510.0 386.0 614.0 542.0 477.0 408.0 517.0 582.0 86.0 281.0 503.0 0.0 316.0 451.0 407.0 479.0 283.0 629.0 89.0 585.0 614.0 457.0 153.0 246.0 672.0 201.0 394.0 233.0 533.0 249.0 349.0 470.0 730.0 388.0 383.0 495.0 581.0 600.0 332.0 364.0 332.0 398.0 723.0 148.0 350.0 482.0 467.0 149.0 172.0 346.0 153.0 282.0 680.0 509.0 543.0 481.0 595.0 476.0 201.0 371.0 351.0 239.0 533.0 549.0 579.0 367.0 563.0 502.0 498.0 573.0 
524.0 121.0 310.0 304.0 450.0 517.0 727.0 424.0 355.0 306.0 519.0 197.0 355.0 686.0 324.0 202.0 406.0 464.0 508.0 201.0 262.0 718.0 209.0 416.0 411.0 658.0 396.0 193.0 792.0 451.0 791.0 594.0 307.0 245.0 770.0 667.0 358.0 396.0 399.0 143.0 438.0 316.0 0.0 583.0 662.0 637.0 484.0 533.0 335.0 403.0 324.0 153.0 427.0 549.0 413.0 220.0 335.0 264.0 671.0 268.0 663.0 573.0 473.0 556.0 673.0 731.0 323.0 340.0 116.0 241.0 207.0 461.0 540.0 188.0 387.0 457.0 373.0 282.0 146.0 613.0 461.0 596.0 497.0 739.0 631.0 368.0 800.0 757.0 232.0 677.0 138.0 373.0 243.0 666.0 361.0 236.0 676.0 447.0 778.0 737.0 
268.0 561.0 892.0 734.0 635.0 843.0 238.0 924.0 477.0 764.0 67.0 435.0 685.0 606.0 396.0 479.0 683.0 822.0 502.0 752.0 841.0 663.0 737.0 637.0 922.0 78.0 280.0 400.0 212.0 995.0 818.0 803.0 860.0 669.0 765.0 774.0 911.0 963.0 433.0 652.0 312.0 451.0 583.0 0.0 779.0 68.0 182.0 401.0 538.0 969.0 703.0 725.0 568.0 382.0 678.0 370.0 820.0 320.0 90.0 315.0 566.0 50.0 716.0 81.0 369.0 252.0 905.0 634.0 673.0 762.0 406.0 848.0 584.0 437.0 797.0 252.0 887.0 339.0 519.0 282.0 403.0 526.0 557.0 243.0 109.0 894.0 248.0 789.0 358.0 635.0 698.0 227.0 820.0 98.0 938.0 403.0 113.0 936.0 810.0 158.0 
516.0 770.0 778.0 965.0 1079.0 274.0 702.0 548.0 937.0 461.0 730.0 757.0 328.0 245.0 448.0 492.0 268.0 318.0 1068.0 826.0 719.0 211.0 851.0 1052.0 569.0 809.0 840.0 597.0 936.0 673.0 150.0 120.0 902.0 907.0 165.0 12.0 656.0 726.0 370.0 554.0 905.0 407.0 662.0 779.0 0.0 778.0 599.0 1031.0 341.0 723.0 985.0 762.0 256.0 407.0 1061.0 607.0 501.0 638.0 840.0 654.0 271.0 814.0 1121.0 700.0 501.0 692.0 804.0 988.0 614.0 555.0 735.0 358.0 1129.0 544.0 390.0 877.0 562.0 551.0 527.0 542.0 378.0 272.0 1086.0 713.0 885.0 589.0 817.0 124.0 608.0 202.0 620.0 617.0 804.0 870.0 758.0 772.0 885.0 534.0 137.0 849.0 
263.0 623.0 945.0 799.0 702.0 863.0 179.0 962.0 544.0 800.0 120.0 497.0 712.0 589.0 424.0 519.0 705.0 847.0 566.0 811.0 893.0 646.0 798.0 704.0 961.0 32.0 347.0 450.0 173.0 1039.0 804.0 812.0 920.0 734.0 749.0 772.0 957.0 1011.0 448.0 698.0 379.0 479.0 637.0 68.0 778.0 0.0 197.0 463.0 563.0 1017.0 769.0 782.0 582.0 373.0 745.0 421.0 859.0 374.0 63.0 370.0 549.0 111.0 783.0 92.0 336.0 194.0 960.0 701.0 722.0 805.0 467.0 875.0 648.0 482.0 828.0 318.0 927.0 381.0 564.0 255.0 409.0 516.0 622.0 182.0 142.0 936.0 181.0 778.0 408.0 621.0 748.0 271.0 877.0 100.0 989.0 466.0 114.0 973.0 798.0 101.0 
104.0 499.0 782.0 700.0 667.0 667.0 243.0 771.0 500.0 609.0 132.0 391.0 516.0 442.0 229.0 335.0 508.0 650.0 574.0 674.0 726.0 498.0 669.0 658.0 772.0 228.0 322.0 291.0 370.0 854.0 647.0 622.0 784.0 631.0 596.0 595.0 776.0 835.0 253.0 520.0 379.0 283.0 484.0 182.0 599.0 197.0 0.0 497.0 366.0 839.0 683.0 635.0 388.0 215.0 691.0 266.0 669.0 234.0 255.0 238.0 403.0 215.0 739.0 108.0 252.0 248.0 800.0 633.0 553.0 623.0 358.0 678.0 653.0 309.0 632.0 330.0 739.0 206.0 386.0 164.0 222.0 355.0 617.0 256.0 286.0 750.0 324.0 617.0 254.0 466.0 577.0 119.0 727.0 277.0 819.0 372.0 292.0 781.0 639.0 291.0 
600.0 436.0 797.0 493.0 290.0 991.0 638.0 955.0 204.0 823.0 392.0 339.0 815.0 926.0 584.0 576.0 843.0 950.0 116.0 603.0 770.0 979.0 571.0 310.0 943.0 456.0 192.0 457.0 509.0 979.0 1113.0 1013.0 688.0 454.0 1069.0 1030.0 886.0 912.0 664.0 664.0 127.0 629.0 533.0 401.0 1031.0 463.0 497.0 0.0 709.0 921.0 442.0 613.0 780.0 704.0 359.0 437.0 862.0 397.0 440.0 381.0 889.0 353.0 372.0 456.0 742.0 652.0 800.0 353.0 648.0 772.0 340.0 960.0 193.0 516.0 891.0 167.0 905.0 481.0 575.0 651.0 675.0 832.0 180.0 643.0 341.0 901.0 629.0 1081.0 433.0 943.0 670.0 426.0 697.0 402.0 865.0 304.0 399.0 977.0 1103.0 517.0 
333.0 434.0 534.0 637.0 739.0 307.0 565.0 427.0 598.0 270.0 476.0 416.0 152.0 360.0 144.0 151.0 147.0 285.0 734.0 520.0 470.0 386.0 538.0 711.0 433.0 593.0 520.0 259.0 735.0 529.0 459.0 305.0 613.0 575.0 435.0 344.0 468.0 537.0 129.0 262.0 584.0 89.0 335.0 538.0 341.0 563.0 366.0 709.0 0.0 539.0 651.0 460.0 93.0 289.0 722.0 274.0 331.0 312.0 618.0 329.0 343.0 558.0 781.0 472.0 430.0 563.0 558.0 649.0 320.0 321.0 397.0 313.0 792.0 204.0 272.0 566.0 406.0 233.0 192.0 408.0 197.0 279.0 748.0 579.0 631.0 424.0 670.0 426.0 276.0 346.0 335.0 327.0 524.0 636.0 543.0 434.0 650.0 431.0 447.0 655.0 
847.0 486.0 147.0 520.0 762.0 462.0 1073.0 188.0 725.0 280.0 903.0 596.0 427.0 867.0 625.0 505.0 483.0 409.0 874.0 345.0 152.0 874.0 385.0 723.0 163.0 1041.0 798.0 570.0 1180.0 88.0 872.0 610.0 325.0 512.0 879.0 733.0 72.0 11.0 661.0 320.0 838.0 585.0 403.0 969.0 723.0 1017.0 839.0 921.0 539.0 0.0 573.0 313.0 599.0 825.0 696.0 600.0 226.0 651.0 1058.0 660.0 861.0 966.0 745.0 929.0 965.0 1074.0 162.0 641.0 299.0 222.0 610.0 373.0 884.0 535.0 334.0 860.0 162.0 638.0 455.0 931.0 731.0 805.0 846.0 1087.0 1029.0 135.0 1163.0 845.0 612.0 839.0 273.0 746.0 252.0 1058.0 75.0 636.0 1069.0 211.0 859.0 1117.0 
758.0 219.0 429.0 58.0 197.0 831.0 909.0 678.0 249.0 604.0 655.0 294.0 677.0 987.0 604.0 505.0 729.0 775.0 352.0 231.0 429.0 1025.0 190.0 159.0 657.0 779.0 430.0 437.0 882.0 651.0 1110.0 917.0 273.0 80.0 1085.0 989.0 565.0 563.0 691.0 452.0 425.0 614.0 324.0 703.0 985.0 769.0 683.0 442.0 651.0 573.0 0.0 279.0 744.0 816.0 125.0 446.0 614.0 457.0 779.0 449.0 959.0 672.0 173.0 713.0 918.0 918.0 421.0 90.0 400.0 515.0 327.0 766.0 333.0 468.0 692.0 478.0 624.0 524.0 460.0 840.0 742.0 892.0 304.0 919.0 702.0 608.0 949.0 1076.0 454.0 984.0 409.0 566.0 322.0 755.0 503.0 313.0 759.0 705.0 1097.0 856.0 
676.0 183.0 185.0 235.0 454.0 571.0 878.0 400.0 414.0 338.0 663.0 307.0 437.0 818.0 471.0 345.0 495.0 513.0 561.0 65.0 162.0 845.0 97.0 416.0 379.0 802.0 510.0 345.0 932.0 383.0 900.0 677.0 158.0 207.0 886.0 768.0 292.0 304.0 542.0 209.0 541.0 457.0 153.0 725.0 762.0 782.0 635.0 613.0 460.0 313.0 279.0 0.0 548.0 696.0 396.0 370.0 339.0 411.0 813.0 413.0 798.0 711.0 450.0 704.0 824.0 883.0 191.0 333.0 148.0 243.0 329.0 498.0 572.0 339.0 427.0 571.0 346.0 434.0 285.0 765.0 607.0 732.0 534.0 890.0 765.0 331.0 949.0 868.0 382.0 805.0 146.0 523.0 95.0 804.0 252.0 347.0 813.0 427.0 887.0 881.0 
332.0 526.0 610.0 730.0 827.0 286.0 556.0 465.0 682.0 321.0 511.0 502.0 179.0 277.0 198.0 241.0 140.0 282.0 813.0 610.0 547.0 297.0 629.0 800.0 476.0 613.0 589.0 342.0 752.0 578.0 368.0 240.0 700.0 667.0 343.0 257.0 528.0 598.0 136.0 346.0 654.0 153.0 427.0 568.0 256.0 582.0 388.0 780.0 93.0 599.0 744.0 548.0 0.0 257.0 812.0 352.0 380.0 385.0 642.0 401.0 265.0 595.0 871.0 495.0 394.0 551.0 635.0 739.0 406.0 390.0 481.0 319.0 874.0 290.0 298.0 630.0 454.0 299.0 284.0 392.0 180.0 206.0 831.0 569.0 668.0 475.0 667.0 334.0 353.0 258.0 418.0 377.0 609.0 665.0 612.0 517.0 679.0 465.0 355.0 668.0 
116.0 606.0 805.0 820.0 839.0 538.0 306.0 712.0 675.0 558.0 344.0 528.0 428.0 228.0 226.0 353.0 396.0 539.0 771.0 749.0 743.0 284.0 755.0 823.0 720.0 404.0 519.0 381.0 530.0 817.0 436.0 456.0 853.0 751.0 383.0 401.0 755.0 822.0 165.0 527.0 581.0 246.0 549.0 382.0 407.0 373.0 215.0 704.0 289.0 825.0 816.0 696.0 257.0 0.0 849.0 370.0 619.0 367.0 435.0 379.0 189.0 423.0 902.0 302.0 141.0 299.0 827.0 783.0 577.0 605.0 497.0 575.0 845.0 363.0 550.0 537.0 694.0 292.0 413.0 140.0 95.0 144.0 807.0 318.0 490.0 712.0 420.0 407.0 363.0 253.0 597.0 285.0 776.0 469.0 823.0 523.0 484.0 715.0 428.0 442.0 
776.0 295.0 553.0 181.0 79.0 929.0 900.0 794.0 202.0 709.0 640.0 323.0 767.0 1038.0 653.0 572.0 815.0 875.0 254.0 353.0 551.0 1080.0 313.0 50.0 774.0 750.0 399.0 483.0 838.0 773.0 1179.0 1003.0 396.0 190.0 1149.0 1064.0 686.0 686.0 742.0 550.0 376.0 672.0 413.0 678.0 1061.0 745.0 691.0 359.0 722.0 696.0 125.0 396.0 812.0 849.0 0.0 485.0 725.0 482.0 745.0 471.0 1007.0 641.0 60.0 702.0 937.0 911.0 545.0 74.0 505.0 625.0 353.0 869.0 218.0 526.0 795.0 434.0 740.0 561.0 535.0 853.0 784.0 941.0 197.0 909.0 658.0 726.0 925.0 1145.0 490.0 1040.0 516.0 579.0 446.0 716.0 627.0 327.0 718.0 820.0 1166.0 824.0 
320.0 242.0 525.0 452.0 486.0 557.0 509.0 570.0 333.0 417.0 305.0 162.0 382.0 554.0 170.0 142.0 406.0 520.0 462.0 409.0 473.0 598.0 406.0 464.0 565.0 443.0 254.0 31.0 581.0 630.0 708.0 578.0 519.0 383.0 673.0 608.0 544.0 594.0 260.0 286.0 315.0 201.0 220.0 370.0 607.0 421.0 266.0 437.0 274.0 600.0 446.0 370.0 352.0 370.0 485.0 0.0 468.0 54.0 459.0 66.0 523.0 367.0 541.0 337.0 477.0 514.0 541.0 416.0 303.0 398.0 135.0 535.0 523.0 84.0 470.0 307.0 528.0 79.0 160.0 407.0 300.0 457.0 480.0 521.0 432.0 533.0 581.0 674.0 13.0 558.0 329.0 154.0 462.0 459.0 569.0 168.0 470.0 587.0 696.0 521.0 
657.0 451.0 286.0 574.0 773.0 255.0 889.0 104.0 689.0 62.0 755.0 523.0 203.0 643.0 442.0 342.0 257.0 197.0 842.0 398.0 234.0 648.0 435.0 736.0 104.0 886.0 705.0 439.0 1029.0 200.0 650.0 392.0 440.0 538.0 654.0 510.0 157.0 228.0 459.0 198.0 757.0 394.0 335.0 820.0 501.0 859.0 669.0 862.0 331.0 226.0 614.0 339.0 380.0 619.0 725.0 468.0 0.0 521.0 907.0 533.0 639.0 827.0 781.0 768.0 760.0 888.0 312.0 656.0 224.0 100.0 524.0 170.0 873.0 389.0 112.0 764.0 76.0 482.0 309.0 736.0 527.0 584.0 831.0 902.0 896.0 96.0 988.0 622.0 478.0 614.0 209.0 594.0 341.0 915.0 258.0 559.0 928.0 119.0 637.0 957.0 
301.0 266.0 572.0 470.0 475.0 604.0 473.0 624.0 314.0 470.0 256.0 164.0 430.0 565.0 192.0 191.0 450.0 569.0 432.0 445.0 521.0 612.0 437.0 457.0 618.0 395.0 209.0 84.0 531.0 683.0 731.0 616.0 555.0 401.0 693.0 638.0 596.0 645.0 278.0 339.0 272.0 233.0 264.0 320.0 638.0 374.0 234.0 397.0 312.0 651.0 457.0 411.0 385.0 367.0 482.0 54.0 521.0 0.0 409.0 17.0 532.0 316.0 536.0 293.0 462.0 480.0 587.0 417.0 354.0 451.0 132.0 585.0 498.0 135.0 522.0 258.0 582.0 89.0 213.0 385.0 308.0 468.0 456.0 485.0 380.0 586.0 539.0 698.0 44.0 573.0 379.0 116.0 505.0 407.0 619.0 157.0 418.0 640.0 720.0 474.0 
325.0 647.0 980.0 812.0 696.0 921.0 221.0 1011.0 544.0 850.0 155.0 519.0 767.0 650.0 478.0 566.0 762.0 903.0 550.0 837.0 930.0 707.0 822.0 701.0 1009.0 33.0 350.0 489.0 123.0 1084.0 866.0 873.0 945.0 749.0 811.0 834.0 1000.0 1052.0 507.0 741.0 371.0 533.0 671.0 90.0 840.0 63.0 255.0 440.0 618.0 1058.0 779.0 813.0 642.0 435.0 745.0 459.0 907.0 409.0 0.0 403.0 611.0 107.0 778.0 147.0 394.0 237.0 994.0 706.0 762.0 850.0 491.0 930.0 631.0 526.0 881.0 312.0 975.0 427.0 608.0 316.0 470.0 578.0 608.0 221.0 102.0 983.0 190.0 840.0 447.0 683.0 787.0 315.0 907.0 45.0 1027.0 485.0 57.0 1023.0 860.0 80.0 
309.0 263.0 577.0 464.0 462.0 620.0 475.0 635.0 300.0 483.0 251.0 156.0 445.0 579.0 208.0 206.0 466.0 584.0 416.0 445.0 527.0 627.0 436.0 445.0 629.0 391.0 193.0 95.0 525.0 693.0 746.0 632.0 555.0 395.0 708.0 654.0 605.0 653.0 294.0 349.0 256.0 249.0 268.0 315.0 654.0 370.0 238.0 381.0 329.0 660.0 449.0 413.0 401.0 379.0 471.0 66.0 533.0 17.0 403.0 0.0 546.0 308.0 524.0 292.0 470.0 482.0 591.0 407.0 362.0 462.0 123.0 600.0 483.0 149.0 536.0 243.0 593.0 104.0 225.0 392.0 322.0 482.0 441.0 486.0 370.0 597.0 537.0 713.0 58.0 588.0 387.0 119.0 507.0 400.0 625.0 145.0 411.0 652.0 735.0 469.0 
302.0 743.0 873.0 955.0 1006.0 484.0 444.0 716.0 845.0 582.0 532.0 685.0 436.0 40.0 357.0 463.0 384.0 505.0 951.0 857.0 810.0 97.0 871.0 986.0 730.0 579.0 702.0 526.0 693.0 834.0 257.0 359.0 954.0 889.0 201.0 261.0 790.0 861.0 269.0 604.0 765.0 349.0 663.0 566.0 271.0 549.0 403.0 889.0 343.0 861.0 959.0 798.0 265.0 189.0 1007.0 523.0 639.0 532.0 611.0 546.0 0.0 609.0 1063.0 486.0 238.0 433.0 898.0 938.0 662.0 654.0 656.0 546.0 1023.0 492.0 546.0 723.0 712.0 448.0 518.0 297.0 225.0 68.0 983.0 455.0 674.0 734.0 559.0 233.0 518.0 76.0 677.0 465.0 866.0 648.0 876.0 686.0 662.0 711.0 251.0 605.0 
308.0 542.0 882.0 705.0 595.0 864.0 287.0 931.0 439.0 772.0 85.0 414.0 702.0 649.0 415.0 486.0 704.0 841.0 456.0 734.0 834.0 705.0 717.0 598.0 927.0 111.0 244.0 398.0 221.0 997.0 858.0 833.0 841.0 643.0 806.0 809.0 910.0 960.0 460.0 652.0 270.0 470.0 573.0 50.0 814.0 111.0 215.0 353.0 558.0 966.0 672.0 711.0 595.0 423.0 641.0 367.0 827.0 316.0 107.0 308.0 609.0 0.0 676.0 125.0 417.0 301.0 895.0 600.0 669.0 764.0 387.0 865.0 538.0 440.0 811.0 210.0 892.0 347.0 522.0 329.0 436.0 566.0 512.0 291.0 74.0 898.0 287.0 829.0 356.0 676.0 694.0 237.0 806.0 93.0 932.0 379.0 103.0 945.0 850.0 185.0 
827.0 355.0 600.0 226.0 84.0 988.0 942.0 849.0 242.0 767.0 681.0 379.0 827.0 1095.0 709.0 631.0 875.0 934.0 260.0 403.0 602.0 1137.0 363.0 82.0 829.0 786.0 438.0 540.0 866.0 824.0 1237.0 1063.0 437.0 245.0 1207.0 1124.0 738.0 735.0 799.0 609.0 407.0 730.0 473.0 716.0 1121.0 783.0 739.0 372.0 781.0 745.0 173.0 450.0 871.0 902.0 60.0 541.0 781.0 536.0 778.0 524.0 1063.0 676.0 0.0 744.0 987.0 953.0 591.0 134.0 563.0 682.0 408.0 928.0 206.0 584.0 853.0 467.0 795.0 617.0 595.0 902.0 840.0 997.0 197.0 950.0 688.0 780.0 962.0 1203.0 546.0 1097.0 574.0 629.0 494.0 747.0 674.0 380.0 748.0 875.0 1225.0 857.0 
187.0 551.0 862.0 738.0 667.0 774.0 199.0 871.0 503.0 709.0 66.0 430.0 621.0 526.0 333.0 429.0 615.0 756.0 549.0 736.0 808.0 582.0 726.0 663.0 871.0 121.0 309.0 365.0 264.0 949.0 737.0 728.0 846.0 671.0 684.0 695.0 868.0 923.0 360.0 609.0 353.0 388.0 556.0 81.0 700.0 92.0 108.0 456.0 472.0 929.0 713.0 704.0 495.0 302.0 702.0 337.0 768.0 293.0 147.0 292.0 486.0 125.0 744.0 0.0 295.0 210.0 877.0 652.0 636.0 716.0 399.0 784.0 630.0 394.0 737.0 296.0 837.0 292.0 475.0 205.0 326.0 446.0 599.0 207.0 189.0 846.0 246.0 709.0 325.0 554.0 661.0 185.0 797.0 172.0 903.0 403.0 187.0 882.0 730.0 190.0 
