150 0.0 5
1 460 693
2 152 977
3 402 532
4 44 197
5 120 567
6 61 594
7 803 84
8 829 319
9 549 944
10 448 23
11 452 118
12 620 73
13 325 680
14 706 628
15 431 704
16 759 686
17 263 535
18 720 324
19 346 493
20 192 160
21 996 219
22 200 165
23 645 619
24 228 269
25 160 142
26 271 236
27 332 984
28 580 851
29 481 754
30 103 690
31 621 314
32 226 750
33 453 116
34 127 48
35 819 117
36 624 657
37 242 679
38 892 513
39 662 855
40 809 627
41 670 484
42 695 448
43 677 534
44 110 284
45 394 479
46 137 384
47 231 223
48 31 931
49 353 156
50 801 729
51 923 11
52 624 333
53 776 862
54 537 520
55 923 425
56 934 383
57 491 757
58 513 279
59 578 111
60 560 88
61 979 304
62 231 950
63 511 949
64 750 353
65 965 829
66 284 514
67 467 868
68 69 721
69 770 705
70 707 190
71 917 132
72 649 49
73 27 572
74 816 674
75 985 286
76 302 610
77 677 298
78 581 984
79 15 706
80 682 470
81 444 186
82 586 448
83 988 438
84 321 10
85 324 614
86 829 336
87 952 431
88 552 629
89 829 443
90 109 698
91 868 557
92 133 622
93 92 152
94 292 613
95 670 271
96 985 584
97 884 994
98 689 591
99 729 782
100 481 51
101 862 287
102 576 427
103 172 63
104 204 333
105 817 35
106 199 97
107 900 114
108 606 466
109 216 914
110 993 612
111 911 690
112 224 441
113 353 360
114 924 893
115 634 649
116 729 360
117 678 897
118 377 966
119 888 994
120 384 904
121 109 520
122 355 642
123 611 381
124 551 481
125 932 567
126 975 430
127 153 617
128 446 755
129 498 50
130 555 283
131 330 694
132 372 307
133 428 921
134 375 41
135 251 498
136 290 102
137 597 432
138 176 439
139 329 438
140 6 504
141 891 826
142 261 697
143 144 245
144 663 130
145 767 889
146 66 628
147 692 290
148 440 598
149 912 402
150 554 173
opening costs
446 812 136 712 527 620 320 553 558 582 776 645 682 106 393 133 563 533 666 517 652 76 866 331 681 956 180 607 50 441 184 505 640 155 10 859 134 222 818 628 362 716 992 183 509 761 540 565 993 168 1000 436 750 60 578 775 315 480 799 908 897 222 186 658 888 700 646 475 348 155 94 733 17 152 998 334 588 736 370 308 896 743 826 714 36 889 155 555 559 287 655 891 973 635 18 731 151 492 371 896 221 568 674 429 554 117 382 169 68 136 694 890 272 585 186 517 980 485 111 648 928 591 813 950 957 613 666 951 112 413 427 326 143 756 523 455 321 592 280 499 243 680 741 917 473 524 601 529 847 900 
star costs
0.0 419.0 172.0 648.0 363.0 412.0 699.0 526.0 267.0 671.0 576.0 641.0 136.0 255.0 32.0 300.0 253.0 452.0 231.0 597.0 716.0 589.0 200.0 484.0 628.0 495.0 318.0 199.0 65.0 358.0 412.0 241.0 578.0 726.0 679.0 168.0 219.0 468.0 259.0 356.0 297.0 340.0 270.0 539.0 224.0 448.0 523.0 491.0 548.0 343.0 825.0 396.0 359.0 190.0 535.0 567.0 72.0 418.0 594.0 614.0 649.0 345.0 262.0 447.0 523.0 252.0 176.0 393.0 311.0 561.0 724.0 672.0 450.0 357.0 665.0 179.0 451.0 316.0 446.0 315.0 508.0 276.0 587.0 698.0 158.0 514.0 558.0 113.0 446.0 352.0 431.0 335.0 655.0 187.0 472.0 537.0 520.0 251.0 284.0 643.0 572.0 291.0 693.0 442.0 749.0 651.0 728.0 270.0 330.0 540.0 452.0 346.0 350.0 506.0 180.0 429.0 299.0 286.0 524.0 225.0 392.0 117.0 347.0 231.0 489.0 579.0 317.0 64.0 645.0 421.0 131.0 396.0 231.0 658.0 286.0 615.0 295.0 382.0 287.0 492.0 452.0 200.0 549.0 599.0 365.0 400.0 466.0 98.0 538.0 529.0 
419.0 0.0 511.0 788.0 412.0 394.0 1106.0 945.0 399.0 999.0 910.0 1018.0 344.0 655.0 391.0 674.0 456.0 866.0 522.0 818.0 1135.0 814.0 610.0 713.0 836.0 751.0 181.0 447.0 398.0 292.0 813.0 239.0 913.0 930.0 1089.0 571.0 312.0 874.0 525.0 745.0 716.0 759.0 687.0 695.0 554.0 594.0 759.0 130.0 846.0 695.0 1236.0 799.0 635.0 598.0 949.0 983.0 405.0 786.0 966.0 979.0 1067.0 84.0 361.0 865.0 827.0 482.0 334.0 270.0 676.0 964.0 1140.0 1053.0 424.0 730.0 1083.0 397.0 859.0 430.0 304.0 734.0 844.0 685.0 995.0 982.0 402.0 933.0 969.0 531.0 863.0 283.0 831.0 356.0 828.0 390.0 876.0 922.0 733.0 662.0 610.0 983.0 991.0 695.0 915.0 647.0 1154.0 882.0 1143.0 684.0 90.0 917.0 812.0 541.0 649.0 777.0 584.0 845.0 533.0 226.0 737.0 244.0 460.0 392.0 753.0 637.0 882.0 989.0 361.0 369.0 990.0 803.0 335.0 706.0 282.0 963.0 490.0 886.0 704.0 539.0 568.0 496.0 755.0 301.0 733.0 990.0 622.0 360.0 874.0 477.0 954.0 899.0 
172.0 511.0 0.0 491.0 285.0 347.0 602.0 478.0 438.0 512.0 418.0 509.0 167.0 319.0 175.0 389.0 140.0 380.0 69.0 428.0 672.0 419.0 259.0 316.0 459.0 324.0 458.0 366.0 236.0 339.0 310.0 281.0 420.0 557.0 589.0 255.0 218.0 491.0 415.0 418.0 273.0 305.0 276.0 384.0 54.0 304.0 354.0 545.0 380.0 445.0 737.0 299.0 499.0 136.0 532.0 553.0 242.0 277.0 457.0 472.0 621.0 452.0 432.0 392.0 637.0 120.0 343.0 383.0 407.0 459.0 653.0 543.0 378.0 438.0 633.0 127.0 362.0 487.0 425.0 287.0 349.0 203.0 594.0 529.0 114.0 470.0 560.0 179.0 437.0 337.0 467.0 284.0 491.0 137.0 375.0 586.0 668.0 294.0 412.0 488.0 522.0 204.0 523.0 281.0 648.0 481.0 651.0 215.0 425.0 597.0 533.0 200.0 179.0 635.0 260.0 370.0 458.0 435.0 671.0 373.0 294.0 120.0 258.0 158.0 532.0 583.0 264.0 228.0 492.0 293.0 178.0 227.0 390.0 492.0 155.0 445.0 220.0 245.0 120.0 397.0 571.0 218.0 386.0 480.0 511.0 350.0 378.0 77.0 527.0 390.0 
648.0 788.0 491.0 0.0 378.0 398.0 768.0 795.0 902.0 440.0 416.0 590.0 559.0 790.0 638.0 867.0 403.0 688.0 423.0 153.0 953.0 160.0 735.0 198.0 129.0 231.0 839.0 846.0 708.0 497.0 589.0 583.0 417.0 171.0 780.0 741.0 522.0 905.0 903.0 878.0 689.0 698.0 718.0 110.0 450.0 209.0 189.0 735.0 312.0 926.0 899.0 596.0 989.0 590.0 909.0 910.0 717.0 477.0 541.0 528.0 942.0 776.0 886.0 724.0 1117.0 398.0 794.0 525.0 887.0 664.0 876.0 623.0 376.0 908.0 946.0 487.0 642.0 953.0 510.0 694.0 401.0 598.0 975.0 335.0 503.0 798.0 938.0 667.0 823.0 506.0 900.0 435.0 66.0 485.0 631.0 1018.0 1158.0 756.0 901.0 461.0 823.0 580.0 186.0 210.0 790.0 185.0 861.0 624.0 738.0 1036.0 998.0 304.0 350.0 1122.0 744.0 705.0 945.0 839.0 1161.0 785.0 330.0 543.0 597.0 582.0 962.0 960.0 434.0 688.0 478.0 519.0 574.0 346.0 820.0 366.0 366.0 264.0 601.0 276.0 374.0 310.0 1056.0 546.0 111.0 623.0 1001.0 432.0 655.0 564.0 892.0 511.0 
363.0 412.0 285.0 378.0 0.0 65.0 837.0 752.0 572.0 636.0 559.0 703.0 235.0 590.0 340.0 650.0 147.0 648.0 238.0 414.0 943.0 410.0 528.0 317.0 427.0 364.0 468.0 541.0 407.0 125.0 562.0 212.0 561.0 520.0 832.0 512.0 166.0 774.0 614.0 692.0 557.0 588.0 558.0 284.0 288.0 184.0 362.0 375.0 473.0 701.0 977.0 556.0 720.0 420.0 816.0 835.0 417.0 488.0 647.0 651.0 899.0 399.0 547.0 666.0 885.0 173.0 460.0 163.0 665.0 698.0 908.0 741.0 94.0 705.0 910.0 188.0 619.0 622.0 175.0 571.0 501.0 481.0 878.0 593.0 210.0 746.0 844.0 437.0 720.0 132.0 749.0 57.0 416.0 179.0 625.0 866.0 876.0 570.0 646.0 630.0 794.0 478.0 507.0 249.0 877.0 477.0 903.0 497.0 361.0 875.0 801.0 164.0 312.0 868.0 521.0 644.0 649.0 475.0 879.0 429.0 49.0 247.0 526.0 440.0 812.0 866.0 60.0 377.0 641.0 520.0 246.0 363.0 470.0 585.0 149.0 496.0 496.0 140.0 246.0 131.0 814.0 192.0 323.0 698.0 723.0 82.0 636.0 322.0 810.0 587.0 
412.0 394.0 347.0 398.0 65.0 0.0 901.0 816.0 601.0 690.0 617.0 765.0 278.0 646.0 387.0 705.0 211.0 713.0 303.0 454.0 1008.0 451.0 585.0 366.0 463.0 416.0 475.0 580.0 450.0 105.0 627.0 228.0 619.0 550.0 896.0 567.0 200.0 835.0 656.0 749.0 619.0 651.0 619.0 314.0 353.0 224.0 409.0 339.0 527.0 753.0 1041.0 621.0 764.0 482.0 879.0 899.0 460.0 551.0 708.0 711.0 963.0 395.0 574.0 730.0 935.0 237.0 490.0 128.0 718.0 762.0 973.0 802.0 41.0 760.0 974.0 242.0 684.0 650.0 122.0 634.0 560.0 545.0 941.0 640.0 264.0 811.0 906.0 493.0 783.0 115.0 808.0 78.0 444.0 232.0 690.0 925.0 916.0 629.0 694.0 687.0 858.0 542.0 543.0 298.0 941.0 516.0 967.0 560.0 356.0 933.0 856.0 224.0 375.0 914.0 576.0 708.0 688.0 489.0 919.0 448.0 89.0 298.0 590.0 503.0 872.0 929.0 95.0 418.0 698.0 584.0 287.0 424.0 492.0 636.0 213.0 543.0 560.0 194.0 311.0 106.0 862.0 225.0 359.0 761.0 766.0 35.0 701.0 380.0 873.0 649.0 
699.0 1106.0 602.0 768.0 837.0 901.0 0.0 237.0 897.0 361.0 353.0 184.0 765.0 553.0 724.0 604.0 704.0 254.0 614.0 616.0 236.0 609.0 558.0 605.0 646.0 554.0 1016.0 799.0 744.0 926.0 294.0 882.0 352.0 677.0 37.0 601.0 818.0 439.0 784.0 544.0 422.0 380.0 468.0 722.0 569.0 731.0 589.0 1147.0 456.0 646.0 141.0 307.0 779.0 511.0 362.0 327.0 742.0 350.0 227.0 244.0 282.0 1038.0 913.0 275.0 763.0 674.0 853.0 972.0 622.0 144.0 124.0 158.0 917.0 591.0 272.0 727.0 249.0 927.0 1004.0 405.0 374.0 424.0 400.0 488.0 715.0 254.0 378.0 601.0 360.0 927.0 478.0 860.0 715.0 736.0 230.0 533.0 914.0 520.0 702.0 324.0 212.0 412.0 632.0 649.0 51.0 605.0 102.0 430.0 1017.0 562.0 616.0 681.0 528.0 818.0 590.0 286.0 823.0 980.0 914.0 921.0 820.0 716.0 354.0 471.0 500.0 387.0 841.0 761.0 307.0 318.0 772.0 486.0 918.0 431.0 690.0 514.0 405.0 721.0 592.0 901.0 748.0 819.0 679.0 148.0 806.0 917.0 235.0 630.0 337.0 265.0 
526.0 945.0 478.0 795.0 752.0 816.0 237.0 0.0 685.0 483.0 428.0 323.0 620.0 333.0 554.0 374.0 606.0 110.0 514.0 657.0 195.0 648.0 352.0 604.0 693.0 565.0 831.0 588.0 558.0 816.0 209.0 742.0 428.0 753.0 203.0 396.0 689.0 204.0 562.0 309.0 230.0 187.0 264.0 720.0 464.0 696.0 606.0 1006.0 504.0 411.0 323.0 206.0 546.0 355.0 142.0 123.0 554.0 319.0 326.0 355.0 151.0 870.0 706.0 87.0 528.0 579.0 658.0 860.0 391.0 178.0 207.0 325.0 841.0 356.0 160.0 603.0 154.0 710.0 902.0 211.0 408.0 276.0 199.0 595.0 585.0 17.0 167.0 416.0 124.0 814.0 242.0 760.0 756.0 613.0 167.0 308.0 678.0 306.0 474.0 440.0 46.0 276.0 706.0 626.0 285.0 668.0 217.0 268.0 855.0 336.0 380.0 618.0 478.0 582.0 384.0 109.0 598.0 790.0 678.0 736.0 748.0 574.0 227.0 322.0 269.0 184.0 739.0 581.0 427.0 277.0 625.0 458.0 724.0 533.0 606.0 582.0 259.0 664.0 514.0 844.0 511.0 683.0 689.0 252.0 574.0 824.0 141.0 479.0 118.0 312.0 
267.0 399.0 438.0 902.0 572.0 601.0 897.0 685.0 0.0 927.0 832.0 874.0 347.0 353.0 268.0 333.0 500.0 644.0 495.0 862.0 852.0 854.0 339.0 748.0 892.0 761.0 221.0 99.0 202.0 514.0 635.0 377.0 834.0 991.0 870.0 297.0 406.0 551.0 144.0 410.0 476.0 518.0 430.0 793.0 491.0 696.0 789.0 519.0 813.0 332.0 1006.0 616.0 242.0 425.0 640.0 681.0 196.0 666.0 834.0 857.0 772.0 319.0 39.0 625.0 432.0 506.0 112.0 530.0 326.0 771.0 892.0 901.0 641.0 380.0 790.0 416.0 659.0 52.0 585.0 493.0 766.0 498.0 670.0 962.0 400.0 670.0 653.0 316.0 574.0 505.0 502.0 527.0 915.0 420.0 684.0 566.0 339.0 380.0 243.0 896.0 728.0 518.0 959.0 702.0 948.0 917.0 902.0 482.0 335.0 555.0 443.0 599.0 617.0 379.0 308.0 612.0 138.0 174.0 343.0 170.0 612.0 359.0 567.0 464.0 538.0 668.0 514.0 216.0 896.0 662.0 333.0 662.0 124.0 920.0 537.0 881.0 515.0 628.0 552.0 699.0 362.0 380.0 808.0 822.0 225.0 578.0 670.0 363.0 653.0 772.0 
671.0 999.0 512.0 440.0 636.0 690.0 361.0 483.0 927.0 0.0 96.0 180.0 669.0 658.0 682.0 733.0 545.0 406.0 481.0 291.0 582.0 286.0 628.0 331.0 312.0 277.0 968.0 839.0 732.0 751.0 339.0 761.0 94.0 322.0 383.0 658.0 688.0 662.0 860.0 704.0 512.0 492.0 560.0 428.0 460.0 477.0 296.0 1000.0 164.0 790.0 476.0 357.0 901.0 505.0 623.0 605.0 736.0 265.0 157.0 130.0 601.0 953.0 929.0 448.0 958.0 518.0 846.0 795.0 755.0 309.0 482.0 203.0 692.0 748.0 598.0 605.0 358.0 971.0 809.0 505.0 164.0 447.0 682.0 128.0 604.0 494.0 649.0 615.0 568.0 756.0 680.0 677.0 379.0 611.0 333.0 777.0 1065.0 618.0 810.0 44.0 492.0 424.0 279.0 395.0 370.0 260.0 462.0 471.0 921.0 803.0 812.0 475.0 351.0 992.0 654.0 439.0 904.0 946.0 1067.0 884.0 602.0 626.0 394.0 470.0 729.0 666.0 664.0 733.0 57.0 282.0 682.0 294.0 899.0 76.0 515.0 177.0 436.0 498.0 432.0 654.0 918.0 700.0 377.0 241.0 923.0 716.0 362.0 576.0 600.0 184.0 
576.0 910.0 418.0 416.0 559.0 617.0 353.0 428.0 832.0 96.0 0.0 174.0 577.0 570.0 587.0 646.0 458.0 339.0 390.0 264.0 554.0 257.0 537.0 271.0 293.0 217.0 875.0 745.0 637.0 671.0 259.0 672.0 3.0 333.0 368.0 566.0 600.0 592.0 767.0 622.0 427.0 410.0 473.0 381.0 366.0 413.0 245.0 916.0 107.0 704.0 484.0 276.0 812.0 411.0 563.0 551.0 641.0 173.0 127.0 113.0 559.0 861.0 834.0 380.0 877.0 431.0 751.0 715.0 668.0 265.0 466.0 209.0 622.0 665.0 559.0 515.0 289.0 876.0 733.0 421.0 69.0 357.0 625.0 170.0 513.0 436.0 590.0 521.0 498.0 674.0 605.0 597.0 362.0 521.0 267.0 708.0 977.0 530.0 720.0 74.0 444.0 333.0 286.0 329.0 375.0 254.0 449.0 381.0 831.0 733.0 734.0 396.0 262.0 908.0 562.0 368.0 812.0 852.0 979.0 789.0 529.0 533.0 308.0 377.0 658.0 609.0 582.0 638.0 83.0 195.0 589.0 206.0 804.0 109.0 430.0 163.0 346.0 424.0 343.0 590.0 834.0 610.0 334.0 212.0 833.0 640.0 296.0 481.0 541.0 116.0 
641.0 1018.0 509.0 590.0 703.0 765.0 184.0 323.0 874.0 180.0 174.0 0.0 675.0 562.0 659.0 629.0 584.0 271.0 502.0 437.0 404.0 430.0 547.0 439.0 466.0 386.0 956.0 780.0 696.0 805.0 242.0 784.0 173.0 494.0 204.0 585.0 715.0 518.0 784.0 586.0 415.0 383.0 465.0 552.0 465.0 575.0 417.0 1041.0 280.0 681.0 310.0 261.0 805.0 455.0 465.0 442.0 697.0 233.0 57.0 62.0 427.0 960.0 883.0 309.0 831.0 555.0 810.0 851.0 650.0 146.0 303.0 38.0 776.0 633.0 423.0 625.0 233.0 912.0 876.0 402.0 210.0 377.0 519.0 306.0 617.0 336.0 489.0 561.0 425.0 808.0 544.0 734.0 534.0 632.0 205.0 628.0 959.0 523.0 718.0 141.0 324.0 357.0 449.0 491.0 201.0 422.0 283.0 394.0 934.0 656.0 683.0 541.0 392.0 875.0 577.0 308.0 827.0 926.0 960.0 864.0 679.0 628.0 309.0 414.0 585.0 504.0 717.0 704.0 125.0 220.0 686.0 341.0 870.0 248.0 563.0 332.0 360.0 576.0 467.0 751.0 801.0 720.0 507.0 72.0 830.0 785.0 229.0 555.0 440.0 120.0 
136.0 344.0 167.0 559.0 235.0 278.0 765.0 620.0 347.0 669.0 577.0 675.0 0.0 385.0 109.0 435.0 158.0 532.0 189.0 537.0 815.0 530.0 326.0 423.0 563.0 448.0 305.0 308.0 173.0 223.0 471.0 122.0 579.0 663.0 750.0 300.0 84.0 592.0 380.0 487.0 397.0 437.0 382.0 451.0 213.0 351.0 467.0 387.0 525.0 479.0 898.0 459.0 487.0 266.0 651.0 678.0 183.0 443.0 623.0 637.0 755.0 286.0 328.0 537.0 658.0 171.0 236.0 260.0 446.0 622.0 807.0 710.0 317.0 492.0 769.0 74.0 520.0 398.0 312.0 415.0 509.0 350.0 706.0 671.0 67.0 611.0 675.0 233.0 557.0 217.0 557.0 201.0 578.0 75.0 536.0 667.0 642.0 375.0 417.0 649.0 666.0 357.0 636.0 368.0 812.0 597.0 807.0 354.0 259.0 672.0 587.0 260.0 322.0 636.0 311.0 516.0 415.0 291.0 645.0 232.0 269.0 49.0 414.0 302.0 618.0 697.0 184.0 143.0 654.0 459.0 15.0 376.0 263.0 641.0 197.0 580.0 369.0 284.0 243.0 365.0 585.0 67.0 472.0 646.0 489.0 265.0 536.0 142.0 650.0 557.0 
255.0 655.0 319.0 790.0 590.0 646.0 553.0 333.0 353.0 658.0 570.0 562.0 385.0 0.0 286.0 79.0 453.0 305.0 385.0 696.0 502.0 686.0 62.0 598.0 731.0 586.0 517.0 257.0 258.0 607.0 326.0 496.0 572.0 820.0 524.0 87.0 467.0 219.0 232.0 104.0 149.0 181.0 99.0 689.0 346.0 620.0 625.0 740.0 590.0 139.0 655.0 307.0 245.0 201.0 298.0 335.0 251.0 399.0 533.0 560.0 424.0 574.0 376.0 279.0 328.0 438.0 339.0 644.0 101.0 439.0 540.0 582.0 682.0 120.0 442.0 405.0 332.0 378.0 696.0 160.0 514.0 217.0 341.0 729.0 383.0 317.0 316.0 155.0 223.0 602.0 177.0 574.0 777.0 415.0 359.0 283.0 407.0 41.0 156.0 620.0 375.0 240.0 778.0 583.0 604.0 735.0 550.0 191.0 568.0 288.0 215.0 518.0 444.0 344.0 75.0 269.0 271.0 472.0 409.0 425.0 607.0 352.0 265.0 214.0 235.0 335.0 554.0 290.0 615.0 377.0 382.0 464.0 404.0 674.0 474.0 671.0 225.0 563.0 423.0 711.0 271.0 451.0 681.0 500.0 269.0 640.0 339.0 268.0 306.0 480.0 
32.0 391.0 175.0 638.0 340.0 387.0 724.0 554.0 268.0 682.0 587.0 659.0 109.0 286.0 0.0 329.0 239.0 478.0 228.0 595.0 745.0 587.0 231.0 481.0 624.0 495.0 297.0 210.0 71.0 329.0 434.0 211.0 589.0 724.0 704.0 199.0 191.0 500.0 276.0 386.0 325.0 368.0 300.0 529.0 229.0 435.0 521.0 460.0 554.0 371.0 850.0 419.0 380.0 213.0 566.0 597.0 81.0 433.0 611.0 630.0 679.0 318.0 258.0 475.0 549.0 241.0 168.0 363.0 340.0 584.0 751.0 691.0 426.0 387.0 695.0 160.0 475.0 318.0 417.0 344.0 519.0 300.0 618.0 703.0 140.0 543.0 589.0 143.0 476.0 323.0 462.0 310.0 648.0 167.0 495.0 567.0 538.0 282.0 309.0 655.0 600.0 313.0 692.0 435.0 773.0 650.0 754.0 296.0 301.0 570.0 481.0 335.0 353.0 528.0 211.0 456.0 314.0 268.0 542.0 206.0 371.0 99.0 370.0 254.0 520.0 610.0 292.0 54.0 658.0 439.0 102.0 402.0 218.0 666.0 274.0 619.0 319.0 368.0 285.0 470.0 476.0 171.0 542.0 620.0 384.0 373.0 490.0 107.0 568.0 546.0 
300.0 674.0 389.0 867.0 650.0 705.0 604.0 374.0 333.0 733.0 646.0 629.0 435.0 79.0 329.0 0.0 519.0 365.0 456.0 774.0 524.0 765.0 133.0 676.0 810.0 664.0 521.0 244.0 287.0 657.0 397.0 537.0 647.0 899.0 573.0 139.0 518.0 219.0 195.0 78.0 221.0 247.0 173.0 764.0 420.0 692.0 703.0 769.0 668.0 61.0 695.0 378.0 177.0 278.0 309.0 350.0 278.0 476.0 603.0 631.0 441.0 591.0 362.0 334.0 251.0 506.0 345.0 691.0 22.0 499.0 577.0 647.0 741.0 59.0 460.0 464.0 397.0 348.0 745.0 230.0 591.0 295.0 338.0 806.0 441.0 357.0 320.0 215.0 253.0 651.0 169.0 630.0 855.0 473.0 425.0 248.0 333.0 119.0 101.0 694.0 413.0 318.0 856.0 658.0 654.0 813.0 590.0 268.0 589.0 246.0 153.0 589.0 521.0 265.0 131.0 328.0 227.0 474.0 334.0 434.0 671.0 407.0 340.0 293.0 210.0 335.0 610.0 321.0 688.0 452.0 430.0 542.0 406.0 751.0 542.0 750.0 302.0 634.0 497.0 775.0 193.0 499.0 757.0 565.0 204.0 696.0 402.0 331.0 323.0 553.0 
253.0 456.0 140.0 403.0 147.0 211.0 704.0 606.0 500.0 545.0 458.0 584.0 158.0 453.0 239.0 519.0 0.0 504.0 94.0 382.0 799.0 376.0 392.0 269.0 407.0 300.0 455.0 448.0 310.0 223.0 421.0 219.0 461.0 506.0 696.0 382.0 146.0 630.0 512.0 554.0 411.0 441.0 415.0 294.0 143.0 197.0 314.0 459.0 390.0 572.0 843.0 414.0 609.0 275.0 670.0 689.0 319.0 358.0 529.0 537.0 753.0 417.0 483.0 520.0 762.0 30.0 391.0 269.0 535.0 563.0 769.0 621.0 239.0 571.0 764.0 85.0 478.0 551.0 302.0 425.0 394.0 335.0 732.0 529.0 100.0 600.0 697.0 304.0 574.0 225.0 606.0 157.0 420.0 84.0 486.0 724.0 773.0 430.0 528.0 531.0 649.0 332.0 481.0 211.0 747.0 443.0 764.0 350.0 382.0 735.0 667.0 102.0 197.0 752.0 389.0 498.0 551.0 446.0 776.0 389.0 155.0 142.0 381.0 294.0 670.0 720.0 138.0 287.0 539.0 386.0 173.0 253.0 420.0 507.0 39.0 434.0 350.0 130.0 118.0 259.0 693.0 163.0 314.0 570.0 616.0 218.0 495.0 188.0 663.0 465.0 
452.0 866.0 380.0 688.0 648.0 713.0 254.0 110.0 644.0 406.0 339.0 271.0 532.0 305.0 478.0 365.0 504.0 0.0 411.0 553.0 296.0 544.0 305.0 496.0 589.0 458.0 766.0 546.0 492.0 718.0 100.0 653.0 339.0 655.0 230.0 347.0 596.0 256.0 535.0 316.0 168.0 127.0 215.0 612.0 361.0 587.0 500.0 919.0 404.0 414.0 374.0 97.0 541.0 269.0 227.0 222.0 490.0 212.0 256.0 286.0 260.0 795.0 660.0 42.0 562.0 476.0 600.0 763.0 385.0 135.0 276.0 285.0 737.0 363.0 268.0 507.0 51.0 675.0 802.0 151.0 309.0 183.0 292.0 508.0 491.0 110.0 256.0 349.0 162.0 717.0 277.0 659.0 652.0 517.0 73.0 372.0 690.0 269.0 459.0 363.0 147.0 178.0 607.0 517.0 305.0 569.0 277.0 183.0 776.0 397.0 413.0 510.0 369.0 605.0 337.0 38.0 575.0 728.0 691.0 671.0 642.0 485.0 124.0 231.0 323.0 277.0 639.0 511.0 353.0 171.0 538.0 349.0 665.0 447.0 501.0 484.0 164.0 557.0 408.0 737.0 531.0 592.0 582.0 203.0 567.0 722.0 45.0 392.0 208.0 225.0 
231.0 522.0 69.0 423.0 238.0 303.0 614.0 514.0 495.0 481.0 390.0 502.0 189.0 385.0 228.0 456.0 94.0 411.0 0.0 367.0 706.0 360.0 325.0 254.0 398.0 268.0 492.0 428.0 294.0 313.0 329.0 284.0 392.0 496.0 605.0 323.0 214.0 547.0 481.0 483.0 325.0 352.0 334.0 316.0 50.0 236.0 294.0 540.0 338.0 513.0 752.0 321.0 567.0 193.0 581.0 599.0 302.0 272.0 447.0 459.0 661.0 472.0 485.0 428.0 705.0 66.0 395.0 359.0 475.0 472.0 676.0 538.0 329.0 504.0 672.0 125.0 385.0 545.0 394.0 337.0 323.0 245.0 645.0 484.0 123.0 508.0 610.0 247.0 486.0 314.0 526.0 250.0 426.0 132.0 393.0 646.0 736.0 357.0 480.0 463.0 556.0 240.0 464.0 214.0 657.0 423.0 672.0 262.0 441.0 658.0 599.0 133.0 134.0 703.0 328.0 406.0 523.0 475.0 739.0 413.0 239.0 150.0 288.0 206.0 591.0 633.0 230.0 281.0 469.0 297.0 202.0 188.0 436.0 453.0 96.0 395.0 259.0 179.0 58.0 341.0 639.0 221.0 320.0 482.0 578.0 311.0 402.0 141.0 574.0 382.0 
597.0 818.0 428.0 153.0 414.0 454.0 616.0 657.0 862.0 291.0 264.0 437.0 537.0 696.0 595.0 774.0 382.0 553.0 367.0 0.0 807.0 10.0 645.0 115.0 37.0 110.0 836.0 793.0 661.0 538.0 456.0 591.0 265.0 130.0 629.0 659.0 522.0 784.0 840.0 774.0 578.0 580.0 613.0 149.0 378.0 231.0 75.0 788.0 162.0 834.0 747.0 466.0 914.0 499.0 778.0 775.0 668.0 343.0 390.0 375.0 801.0 791.0 852.0 591.0 1023.0 366.0 760.0 575.0 795.0 516.0 726.0 471.0 444.0 809.0 803.0 464.0 505.0 912.0 574.0 580.0 254.0 489.0 844.0 198.0 473.0 661.0 807.0 592.0 698.0 545.0 784.0 466.0 101.0 464.0 491.0 900.0 1084.0 658.0 822.0 309.0 682.0 468.0 100.0 174.0 638.0 64.0 710.0 515.0 755.0 920.0 894.0 283.0 257.0 1036.0 660.0 574.0 883.0 827.0 1087.0 769.0 370.0 509.0 474.0 482.0 845.0 829.0 459.0 647.0 326.0 384.0 552.0 233.0 797.0 219.0 344.0 114.0 488.0 280.0 310.0 392.0 966.0 542.0 98.0 472.0 929.0 485.0 517.0 504.0 760.0 363.0 
716.0 1135.0 672.0 953.0 943.0 1008.0 236.0 195.0 852.0 582.0 554.0 404.0 815.0 502.0 745.0 524.0 799.0 296.0 706.0 807.0 0.0 798.0 533.0 770.0 840.0 726.0 1013.0 757.0 743.0 1010.0 387.0 936.0 553.0 886.0 205.0 575.0 884.0 312.0 719.0 449.0 421.0 379.0 449.0 889.0 656.0 875.0 766.0 1200.0 647.0 547.0 221.0 390.0 680.0 549.0 219.0 176.0 738.0 487.0 432.0 456.0 87.0 1059.0 877.0 281.0 611.0 771.0 838.0 1055.0 536.0 291.0 118.0 387.0 1032.0 490.0 68.0 797.0 329.0 871.0 1096.0 402.0 553.0 470.0 220.0 707.0 780.0 204.0 217.0 605.0 280.0 1009.0 362.0 953.0 907.0 807.0 331.0 366.0 784.0 483.0 624.0 542.0 151.0 469.0 839.0 801.0 257.0 807.0 143.0 462.0 1045.0 394.0 479.0 804.0 659.0 678.0 563.0 302.0 749.0 971.0 783.0 919.0 937.0 768.0 418.0 517.0 354.0 213.0 933.0 768.0 526.0 446.0 819.0 631.0 904.0 647.0 796.0 716.0 453.0 849.0 703.0 1031.0 617.0 877.0 853.0 345.0 709.0 1016.0 313.0 673.0 202.0 445.0 
589.0 814.0 419.0 160.0 410.0 451.0 609.0 648.0 854.0 286.0 257.0 430.0 530.0 686.0 587.0 765.0 376.0 544.0 360.0 10.0 798.0 0.0 636.0 108.0 47.0 101.0 830.0 785.0 653.0 534.0 447.0 586.0 258.0 138.0 621.0 650.0 516.0 775.0 831.0 765.0 569.0 571.0 604.0 150.0 370.0 228.0 66.0 785.0 154.0 825.0 740.0 457.0 905.0 490.0 769.0 766.0 660.0 334.0 382.0 369.0 792.0 786.0 844.0 582.0 1013.0 359.0 752.0 572.0 786.0 508.0 718.0 464.0 443.0 800.0 795.0 457.0 496.0 904.0 572.0 571.0 245.0 479.0 834.0 197.0 466.0 652.0 798.0 583.0 688.0 541.0 775.0 462.0 109.0 458.0 482.0 890.0 1075.0 649.0 813.0 304.0 674.0 459.0 106.0 169.0 631.0 69.0 702.0 506.0 750.0 911.0 884.0 278.0 248.0 1027.0 651.0 564.0 875.0 821.0 1078.0 762.0 367.0 502.0 465.0 473.0 836.0 820.0 455.0 640.0 320.0 375.0 545.0 224.0 790.0 215.0 337.0 110.0 479.0 276.0 302.0 391.0 957.0 536.0 98.0 465.0 920.0 483.0 508.0 496.0 751.0 355.0 
200.0 610.0 259.0 735.0 528.0 585.0 558.0 352.0 339.0 628.0 537.0 547.0 326.0 62.0 231.0 133.0 392.0 305.0 325.0 645.0 533.0 636.0 0.0 545.0 681.0 536.0 481.0 241.0 213.0 547.0 306.0 440.0 539.0 771.0 532.0 44.0 408.0 269.0 237.0 165.0 138.0 179.0 91.0 632.0 288.0 560.0 573.0 689.0 548.0 191.0 669.0 287.0 277.0 147.0 339.0 374.0 207.0 365.0 513.0 538.0 460.0 531.0 357.0 286.0 383.0 376.0 307.0 585.0 152.0 434.0 558.0 571.0 620.0 180.0 476.0 344.0 323.0 371.0 636.0 154.0 478.0 181.0 388.0 690.0 322.0 338.0 360.0 94.0 255.0 542.0 232.0 513.0 724.0 354.0 349.0 342.0 445.0 53.0 184.0 592.0 397.0 205.0 730.0 526.0 609.0 687.0 566.0 158.0 521.0 349.0 276.0 458.0 391.0 392.0 32.0 273.0 280.0 439.0 447.0 387.0 546.0 291.0 241.0 167.0 292.0 381.0 493.0 242.0 588.0 348.0 324.0 415.0 372.0 638.0 413.0 628.0 194.0 503.0 365.0 650.0 322.0 392.0 626.0 490.0 297.0 580.0 333.0 207.0 345.0 456.0 
484.0 713.0 316.0 198.0 317.0 366.0 605.0 604.0 748.0 331.0 271.0 439.0 423.0 598.0 481.0 676.0 269.0 496.0 254.0 115.0 770.0 108.0 545.0 0.0 145.0 55.0 723.0 681.0 548.0 440.0 396.0 482.0 273.0 243.0 611.0 555.0 411.0 708.0 730.0 683.0 492.0 501.0 522.0 119.0 268.0 147.0 47.0 691.0 169.0 735.0 742.0 402.0 808.0 399.0 713.0 716.0 555.0 286.0 385.0 379.0 752.0 682.0 737.0 529.0 926.0 252.0 645.0 480.0 696.0 486.0 703.0 476.0 364.0 714.0 758.0 349.0 450.0 798.0 487.0 497.0 232.0 401.0 779.0 276.0 359.0 605.0 742.0 485.0 626.0 446.0 702.0 366.0 180.0 350.0 443.0 820.0 978.0 563.0 718.0 334.0 635.0 383.0 214.0 69.0 634.0 175.0 690.0 427.0 646.0 839.0 803.0 173.0 155.0 935.0 557.0 510.0 773.0 713.0 981.0 654.0 278.0 395.0 400.0 387.0 765.0 765.0 356.0 533.0 348.0 328.0 438.0 149.0 682.0 272.0 231.0 179.0 404.0 178.0 197.0 324.0 866.0 430.0 88.0 457.0 822.0 394.0 465.0 392.0 697.0 340.0 
628.0 836.0 459.0 129.0 427.0 463.0 646.0 693.0 892.0 312.0 293.0 466.0 563.0 731.0 624.0 810.0 407.0 589.0 398.0 37.0 840.0 47.0 681.0 145.0 0.0 146.0 860.0 825.0 692.0 551.0 493.0 612.0 295.0 100.0 660.0 694.0 544.0 821.0 872.0 811.0 615.0 617.0 649.0 151.0 411.0 244.0 108.0 800.0 194.0 870.0 775.0 502.0 948.0 534.0 814.0 811.0 699.0 379.0 420.0 404.0 835.0 812.0 881.0 627.0 1059.0 393.0 789.0 587.0 831.0 550.0 758.0 498.0 451.0 845.0 838.0 490.0 541.0 942.0 583.0 617.0 288.0 525.0 880.0 209.0 500.0 697.0 844.0 626.0 734.0 559.0 821.0 481.0 69.0 490.0 527.0 936.0 1119.0 694.0 857.0 334.0 717.0 505.0 80.0 197.0 666.0 60.0 741.0 552.0 775.0 957.0 930.0 306.0 292.0 1072.0 695.0 610.0 916.0 853.0 1121.0 795.0 382.0 537.0 511.0 518.0 882.0 865.0 476.0 677.0 351.0 420.0 578.0 269.0 824.0 238.0 368.0 137.0 525.0 298.0 341.0 394.0 1002.0 565.0 105.0 504.0 963.0 496.0 553.0 536.0 796.0 396.0 
495.0 751.0 324.0 231.0 364.0 416.0 554.0 565.0 761.0 277.0 217.0 386.0 448.0 586.0 495.0 664.0 300.0 458.0 268.0 110.0 726.0 101.0 536.0 55.0 146.0 0.0 751.0 689.0 559.0 485.0 359.0 516.0 218.0 237.0 561.0 550.0 444.0 680.0 733.0 666.0 470.0 475.0 504.0 169.0 273.0 200.0 43.0 736.0 115.0 724.0 690.0 367.0 805.0 390.0 679.0 680.0 566.0 246.0 332.0 325.0 712.0 716.0 753.0 494.0 913.0 279.0 662.0 526.0 685.0 439.0 655.0 422.0 416.0 700.0 716.0 376.0 411.0 810.0 536.0 473.0 181.0 380.0 745.0 232.0 382.0 567.0 709.0 484.0 596.0 490.0 678.0 410.0 198.0 378.0 401.0 795.0 975.0 549.0 713.0 280.0 594.0 360.0 200.0 118.0 582.0 157.0 641.0 407.0 681.0 815.0 785.0 211.0 149.0 927.0 550.0 475.0 777.0 738.0 978.0 678.0 327.0 415.0 370.0 373.0 740.0 731.0 399.0 548.0 294.0 288.0 462.0 124.0 703.0 221.0 263.0 136.0 381.0 225.0 211.0 377.0 856.0 462.0 128.0 407.0 821.0 443.0 425.0 400.0 663.0 290.0 
318.0 181.0 458.0 839.0 468.0 475.0 1016.0 831.0 221.0 968.0 875.0 956.0 305.0 517.0 297.0 521.0 455.0 766.0 492.0 836.0 1013.0 830.0 481.0 723.0 860.0 751.0 0.0 282.0 275.0 373.0 730.0 257.0 877.0 959.0 995.0 439.0 319.0 732.0 355.0 596.0 604.0 648.0 568.0 735.0 509.0 631.0 768.0 306.0 829.0 534.0 1139.0 714.0 461.0 508.0 814.0 851.0 278.0 728.0 907.0 925.0 939.0 107.0 183.0 757.0 652.0 473.0 178.0 372.0 520.0 879.0 1034.0 988.0 513.0 575.0 956.0 376.0 768.0 249.0 422.0 622.0 806.0 594.0 854.0 975.0 371.0 817.0 831.0 418.0 735.0 363.0 686.0 414.0 866.0 374.0 790.0 766.0 553.0 531.0 446.0 945.0 876.0 609.0 935.0 664.0 1066.0 897.0 1040.0 587.0 136.0 759.0 650.0 554.0 625.0 599.0 452.0 740.0 357.0 49.0 557.0 96.0 515.0 343.0 665.0 549.0 731.0 849.0 409.0 256.0 949.0 736.0 291.0 679.0 115.0 944.0 493.0 883.0 613.0 567.0 547.0 581.0 581.0 296.0 763.0 916.0 446.0 445.0 782.0 401.0 822.0 841.0 
199.0 447.0 366.0 846.0 541.0 580.0 799.0 588.0 99.0 839.0 745.0 780.0 308.0 257.0 210.0 244.0 448.0 546.0 428.0 793.0 757.0 785.0 241.0 681.0 825.0 689.0 282.0 0.0 139.0 504.0 539.0 369.0 746.0 922.0 772.0 199.0 380.0 460.0 83.0 321.0 378.0 420.0 332.0 737.0 416.0 644.0 719.0 555.0 732.0 253.0 908.0 520.0 197.0 334.0 547.0 587.0 130.0 576.0 741.0 764.0 678.0 363.0 120.0 527.0 386.0 449.0 115.0 528.0 240.0 674.0 795.0 805.0 620.0 295.0 696.0 368.0 562.0 134.0 584.0 395.0 679.0 404.0 581.0 880.0 349.0 573.0 562.0 224.0 478.0 496.0 412.0 503.0 853.0 374.0 587.0 486.0 336.0 282.0 165.0 807.0 631.0 425.0 888.0 641.0 850.0 845.0 804.0 386.0 370.0 478.0 369.0 543.0 541.0 347.0 210.0 514.0 109.0 234.0 340.0 204.0 576.0 308.0 472.0 372.0 453.0 578.0 487.0 165.0 806.0 569.0 296.0 583.0 168.0 836.0 483.0 804.0 420.0 578.0 484.0 671.0 313.0 355.0 747.0 726.0 191.0 561.0 573.0 290.0 559.0 679.0 
65.0 398.0 236.0 708.0 407.0 450.0 744.0 558.0 202.0 732.0 637.0 696.0 173.0 258.0 71.0 287.0 310.0 492.0 294.0 661.0 743.0 653.0 213.0 548.0 692.0 559.0 275.0 139.0 0.0 384.0 462.0 256.0 639.0 790.0 722.0 173.0 251.0 477.0 208.0 352.0 330.0 374.0 295.0 599.0 289.0 506.0 587.0 484.0 612.0 321.0 865.0 445.0 315.0 241.0 552.0 586.0 11.0 477.0 651.0 671.0 672.0 318.0 198.0 483.0 490.0 311.0 115.0 414.0 294.0 608.0 760.0 725.0 490.0 345.0 688.0 230.0 497.0 251.0 469.0 348.0 570.0 324.0 598.0 762.0 211.0 544.0 572.0 144.0 467.0 377.0 435.0 373.0 717.0 236.0 519.0 532.0 470.0 265.0 250.0 703.0 603.0 341.0 757.0 504.0 794.0 715.0 765.0 314.0 310.0 532.0 435.0 405.0 415.0 465.0 186.0 466.0 244.0 237.0 473.0 179.0 440.0 169.0 396.0 282.0 489.0 591.0 356.0 36.0 705.0 477.0 163.0 461.0 176.0 721.0 345.0 680.0 343.0 439.0 351.0 537.0 417.0 228.0 611.0 650.0 317.0 434.0 510.0 162.0 557.0 586.0 
358.0 292.0 339.0 497.0 125.0 105.0 926.0 816.0 514.0 751.0 671.0 805.0 223.0 607.0 329.0 657.0 223.0 718.0 313.0 538.0 1010.0 534.0 547.0 440.0 551.0 485.0 373.0 504.0 384.0 0.0 641.0 137.0 673.0 643.0 918.0 523.0 140.0 809.0 583.0 709.0 604.0 640.0 595.0 407.0 360.0 308.0 485.0 252.0 590.0 700.0 1065.0 632.0 695.0 467.0 862.0 886.0 394.0 581.0 749.0 756.0 958.0 290.0 484.0 730.0 874.0 253.0 406.0 47.0 668.0 785.0 987.0 843.0 141.0 714.0 971.0 215.0 696.0 562.0 90.0 620.0 609.0 541.0 921.0 715.0 234.0 808.0 888.0 454.0 767.0 10.0 777.0 75.0 539.0 205.0 706.0 889.0 839.0 595.0 633.0 743.0 860.0 542.0 631.0 372.0 969.0 601.0 984.0 551.0 251.0 894.0 808.0 277.0 415.0 846.0 533.0 708.0 612.0 389.0 842.0 354.0 171.0 257.0 595.0 495.0 839.0 910.0 89.0 350.0 753.0 609.0 228.0 469.0 399.0 704.0 243.0 618.0 558.0 262.0 339.0 210.0 800.0 159.0 447.0 792.0 694.0 73.0 712.0 350.0 859.0 687.0 
412.0 813.0 310.0 589.0 562.0 627.0 294.0 209.0 635.0 339.0 259.0 242.0 471.0 326.0 434.0 397.0 421.0 100.0 329.0 456.0 387.0 447.0 306.0 396.0 493.0 359.0 730.0 539.0 462.0 641.0 0.0 589.0 260.0 562.0 280.0 344.0 527.0 337.0 543.0 366.0 177.0 154.0 228.0 512.0 281.0 490.0 401.0 854.0 312.0 453.0 428.0 20.0 570.0 223.0 322.0 321.0 462.0 114.0 208.0 235.0 359.0 747.0 645.0 135.0 620.0 392.0 576.0 686.0 419.0 151.0 348.0 267.0 648.0 410.0 366.0 436.0 59.0 672.0 722.0 168.0 219.0 139.0 388.0 428.0 423.0 210.0 352.0 323.0 245.0 640.0 347.0 578.0 554.0 445.0 66.0 454.0 730.0 286.0 481.0 298.0 243.0 122.0 515.0 418.0 341.0 475.0 344.0 153.0 724.0 477.0 475.0 417.0 272.0 654.0 336.0 118.0 586.0 697.0 731.0 636.0 552.0 423.0 68.0 182.0 401.0 373.0 558.0 475.0 292.0 73.0 479.0 250.0 637.0 368.0 414.0 394.0 121.0 463.0 318.0 644.0 579.0 526.0 482.0 189.0 594.0 638.0 75.0 337.0 305.0 157.0 
241.0 239.0 281.0 583.0 212.0 228.0 882.0 742.0 377.0 761.0 672.0 784.0 122.0 496.0 211.0 537.0 219.0 653.0 284.0 591.0 936.0 586.0 440.0 482.0 612.0 516.0 257.0 369.0 256.0 137.0 589.0 0.0 674.0 709.0 868.0 409.0 73.0 707.0 449.0 596.0 518.0 558.0 501.0 481.0 319.0 377.0 528.0 267.0 608.0 576.0 1016.0 577.0 562.0 387.0 770.0 798.0 266.0 552.0 730.0 742.0 876.0 201.0 348.0 658.0 744.0 244.0 269.0 160.0 546.0 739.0 928.0 819.0 267.0 595.0 890.0 160.0 639.0 426.0 216.0 536.0 605.0 470.0 824.0 747.0 168.0 732.0 793.0 348.0 677.0 129.0 671.0 159.0 613.0 153.0 654.0 777.0 702.0 490.0 505.0 745.0 787.0 477.0 690.0 418.0 928.0 654.0 927.0 475.0 165.0 780.0 688.0 310.0 411.0 713.0 421.0 637.0 476.0 264.0 706.0 221.0 259.0 169.0 534.0 422.0 730.0 815.0 152.0 221.0 751.0 572.0 119.0 467.0 265.0 725.0 254.0 652.0 489.0 315.0 329.0 331.0 670.0 64.0 512.0 759.0 559.0 202.0 655.0 263.0 770.0 664.0 
578.0 913.0 420.0 417.0 561.0 619.0 352.0 428.0 834.0 94.0 3.0 173.0 579.0 572.0 589.0 647.0 461.0 339.0 392.0 265.0 553.0 258.0 539.0 273.0 295.0 218.0 877.0 746.0 639.0 673.0 260.0 674.0 0.0 334.0 367.0 568.0 602.0 592.0 768.0 623.0 428.0 411.0 475.0 382.0 368.0 415.0 247.0 918.0 108.0 705.0 482.0 277.0 813.0 413.0 563.0 551.0 643.0 174.0 126.0 111.0 559.0 864.0 836.0 380.0 878.0 433.0 753.0 717.0 669.0 265.0 465.0 208.0 625.0 666.0 559.0 517.0 289.0 878.0 735.0 422.0 71.0 358.0 625.0 170.0 515.0 436.0 591.0 523.0 499.0 677.0 606.0 599.0 363.0 523.0 267.0 709.0 979.0 531.0 721.0 71.0 444.0 335.0 286.0 331.0 373.0 255.0 448.0 382.0 833.0 734.0 735.0 398.0 264.0 909.0 563.0 369.0 813.0 854.0 980.0 792.0 531.0 536.0 309.0 378.0 658.0 610.0 584.0 640.0 80.0 196.0 591.0 208.0 806.0 109.0 433.0 164.0 348.0 426.0 346.0 592.0 835.0 612.0 335.0 211.0 835.0 642.0 296.0 483.0 541.0 116.0 
726.0 930.0 557.0 171.0 520.0 550.0 677.0 753.0 991.0 322.0 333.0 494.0 663.0 820.0 724.0 899.0 506.0 655.0 496.0 130.0 886.0 138.0 771.0 243.0 100.0 237.0 959.0 922.0 790.0 643.0 562.0 709.0 334.0 0.0 696.0 787.0 642.0 896.0 969.0 895.0 697.0 695.0 734.0 237.0 508.0 337.0 204.0 889.0 251.0 959.0 797.0 573.0 1042.0 626.0 881.0 874.0 797.0 450.0 456.0 435.0 890.0 908.0 980.0 694.0 1146.0 492.0 888.0 676.0 920.0 598.0 795.0 523.0 534.0 931.0 891.0 589.0 605.0 1041.0 668.0 698.0 346.0 609.0 946.0 198.0 600.0 759.0 910.0 720.0 806.0 651.0 899.0 575.0 110.0 589.0 588.0 1012.0 1212.0 782.0 950.0 355.0 773.0 588.0 48.0 296.0 691.0 88.0 776.0 636.0 871.0 1034.0 1014.0 405.0 386.0 1162.0 787.0 679.0 1013.0 952.0 1215.0 894.0 473.0 637.0 588.0 607.0 958.0 931.0 570.0 776.0 372.0 489.0 678.0 357.0 924.0 249.0 467.0 172.0 607.0 395.0 440.0 472.0 1091.0 663.0 198.0 543.0 1057.0 584.0 615.0 633.0 862.0 445.0 
679.0 1089.0 589.0 780.0 832.0 896.0 37.0 203.0 870.0 383.0 368.0 204.0 750.0 524.0 704.0 573.0 696.0 230.0 605.0 629.0 205.0 621.0 532.0 611.0 660.0 561.0 995.0 772.0 722.0 918.0 280.0 868.0 367.0 696.0 0.0 575.0 806.0 403.0 755.0 511.0 397.0 354.0 441.0 729.0 559.0 733.0 598.0 1133.0 468.0 613.0 149.0 291.0 747.0 492.0 326.0 290.0 720.0 347.0 242.0 261.0 247.0 1020.0 888.0 246.0 727.0 667.0 830.0 963.0 591.0 134.0 100.0 184.0 914.0 558.0 237.0 715.0 231.0 900.0 997.0 379.0 382.0 405.0 363.0 510.0 702.0 220.0 342.0 578.0 327.0 918.0 443.0 852.0 728.0 724.0 215.0 496.0 880.0 492.0 672.0 345.0 176.0 394.0 650.0 652.0 83.0 621.0 82.0 409.0 1000.0 525.0 581.0 678.0 526.0 784.0 564.0 260.0 793.0 958.0 880.0 900.0 817.0 701.0 337.0 453.0 464.0 350.0 833.0 740.0 328.0 312.0 757.0 486.0 895.0 451.0 684.0 530.0 386.0 720.0 586.0 901.0 713.0 805.0 688.0 157.0 774.0 911.0 215.0 613.0 300.0 271.0 
168.0 571.0 255.0 741.0 512.0 567.0 601.0 396.0 297.0 658.0 566.0 585.0 300.0 87.0 199.0 139.0 382.0 347.0 323.0 659.0 575.0 650.0 44.0 555.0 694.0 550.0 439.0 199.0 173.0 523.0 344.0 409.0 568.0 787.0 575.0 0.0 383.0 305.0 202.0 188.0 180.0 221.0 134.0 636.0 291.0 559.0 586.0 654.0 570.0 192.0 712.0 324.0 256.0 163.0 379.0 414.0 167.0 394.0 548.0 573.0 501.0 491.0 314.0 330.0 382.0 369.0 264.0 559.0 154.0 475.0 602.0 609.0 604.0 193.0 518.0 326.0 363.0 330.0 611.0 196.0 505.0 213.0 425.0 715.0 304.0 381.0 399.0 78.0 297.0 517.0 264.0 493.0 734.0 335.0 389.0 369.0 426.0 93.0 164.0 623.0 440.0 235.0 747.0 531.0 652.0 704.0 610.0 192.0 483.0 372.0 289.0 455.0 403.0 382.0 13.0 316.0 246.0 396.0 429.0 345.0 533.0 270.0 277.0 191.0 321.0 419.0 473.0 204.0 620.0 381.0 297.0 432.0 329.0 665.0 406.0 648.0 227.0 499.0 368.0 637.0 316.0 366.0 633.0 529.0 273.0 559.0 374.0 194.0 385.0 490.0 
219.0 312.0 218.0 522.0 166.0 200.0 818.0 689.0 406.0 688.0 600.0 715.0 84.0 467.0 191.0 518.0 146.0 596.0 214.0 522.0 884.0 516.0 408.0 411.0 544.0 444.0 319.0 380.0 251.0 140.0 527.0 73.0 602.0 642.0 806.0 383.0 0.0 671.0 456.0 570.0 471.0 509.0 459.0 417.0 252.0 314.0 457.0 329.0 535.0 562.0 954.0 516.0 565.0 336.0 727.0 753.0 261.0 484.0 660.0 672.0 827.0 272.0 382.0 604.0 739.0 171.0 294.0 179.0 529.0 675.0 869.0 751.0 241.0 575.0 841.0 92.0 579.0 457.0 229.0 488.0 533.0 415.0 784.0 674.0 105.0 680.0 753.0 315.0 633.0 135.0 638.0 124.0 548.0 83.0 592.0 750.0 716.0 456.0 498.0 672.0 734.0 419.0 620.0 349.0 864.0 584.0 868.0 422.0 237.0 754.0 670.0 239.0 338.0 715.0 394.0 583.0 488.0 318.0 719.0 267.0 208.0 119.0 475.0 367.0 700.0 775.0 109.0 218.0 680.0 505.0 90.0 395.0 306.0 652.0 182.0 579.0 433.0 249.0 257.0 294.0 666.0 27.0 445.0 692.0 566.0 184.0 595.0 214.0 726.0 595.0 
468.0 874.0 491.0 905.0 774.0 835.0 439.0 204.0 551.0 662.0 592.0 518.0 592.0 219.0 500.0 219.0 630.0 256.0 547.0 784.0 312.0 775.0 269.0 708.0 821.0 680.0 732.0 460.0 477.0 809.0 337.0 707.0 592.0 896.0 403.0 305.0 671.0 0.0 413.0 142.0 224.0 208.0 217.0 815.0 500.0 766.0 722.0 958.0 647.0 235.0 503.0 323.0 368.0 356.0 94.0 137.0 470.0 446.0 511.0 540.0 227.0 793.0 580.0 214.0 325.0 609.0 554.0 849.0 228.0 373.0 382.0 524.0 868.0 179.0 246.0 598.0 305.0 565.0 898.0 215.0 555.0 313.0 122.0 761.0 577.0 188.0 102.0 360.0 95.0 805.0 51.0 767.0 878.0 609.0 329.0 118.0 482.0 218.0 315.0 619.0 228.0 328.0 850.0 712.0 484.0 809.0 400.0 290.0 786.0 142.0 179.0 672.0 561.0 382.0 292.0 224.0 440.0 686.0 482.0 642.0 784.0 553.0 311.0 343.0 68.0 118.0 747.0 508.0 608.0 409.0 591.0 560.0 618.0 701.0 642.0 729.0 306.0 720.0 568.0 887.0 314.0 658.0 795.0 447.0 397.0 834.0 300.0 460.0 113.0 480.0 
259.0 525.0 415.0 903.0 614.0 656.0 784.0 562.0 144.0 860.0 767.0 784.0 380.0 232.0 276.0 195.0 512.0 535.0 481.0 840.0 719.0 831.0 237.0 730.0 872.0 733.0 355.0 83.0 208.0 583.0 543.0 449.0 768.0 969.0 755.0 202.0 456.0 413.0 0.0 272.0 372.0 409.0 322.0 795.0 462.0 706.0 765.0 636.0 765.0 188.0 884.0 524.0 115.0 358.0 504.0 545.0 198.0 595.0 749.0 774.0 636.0 442.0 178.0 510.0 305.0 510.0 196.0 608.0 185.0 667.0 767.0 807.0 696.0 238.0 655.0 436.0 558.0 153.0 664.0 386.0 704.0 415.0 530.0 912.0 416.0 546.0 514.0 252.0 445.0 575.0 363.0 579.0 906.0 443.0 585.0 422.0 262.0 266.0 100.0 825.0 603.0 437.0 932.0 695.0 835.0 889.0 779.0 394.0 450.0 411.0 299.0 603.0 584.0 265.0 208.0 500.0 45.0 306.0 266.0 283.0 647.0 374.0 477.0 391.0 395.0 528.0 562.0 239.0 822.0 582.0 369.0 621.0 244.0 864.0 545.0 840.0 428.0 640.0 534.0 745.0 231.0 432.0 801.0 726.0 111.0 638.0 566.0 340.0 518.0 691.0 
356.0 745.0 418.0 878.0 692.0 749.0 544.0 309.0 410.0 704.0 622.0 586.0 487.0 104.0 386.0 78.0 554.0 316.0 483.0 774.0 449.0 765.0 165.0 683.0 811.0 666.0 596.0 321.0 352.0 709.0 366.0 596.0 623.0 895.0 511.0 188.0 570.0 142.0 272.0 0.0 200.0 213.0 162.0 779.0 441.0 715.0 706.0 836.0 656.0 103.0 627.0 348.0 238.0 293.0 232.0 275.0 344.0 457.0 566.0 594.0 366.0 663.0 439.0 281.0 256.0 538.0 419.0 746.0 88.0 449.0 507.0 600.0 784.0 48.0 384.0 508.0 355.0 424.0 798.0 202.0 573.0 286.0 261.0 787.0 486.0 292.0 243.0 258.0 186.0 704.0 92.0 677.0 861.0 518.0 383.0 182.0 375.0 126.0 175.0 663.0 345.0 308.0 851.0 673.0 593.0 809.0 522.0 260.0 659.0 185.0 120.0 614.0 529.0 290.0 177.0 279.0 301.0 550.0 376.0 508.0 709.0 455.0 316.0 297.0 137.0 258.0 657.0 385.0 656.0 428.0 484.0 542.0 482.0 730.0 573.0 739.0 289.0 661.0 516.0 813.0 216.0 553.0 767.0 519.0 266.0 744.0 357.0 371.0 248.0 521.0 
297.0 716.0 273.0 689.0 557.0 619.0 422.0 230.0 476.0 512.0 427.0 415.0 397.0 149.0 325.0 221.0 411.0 168.0 325.0 578.0 421.0 569.0 138.0 492.0 615.0 470.0 604.0 378.0 330.0 604.0 177.0 518.0 428.0 697.0 397.0 180.0 471.0 224.0 372.0 200.0 0.0 44.0 51.0 595.0 277.0 543.0 511.0 780.0 457.0 278.0 537.0 158.0 393.0 138.0 260.0 283.0 327.0 259.0 385.0 411.0 358.0 641.0 492.0 154.0 454.0 388.0 435.0 647.0 243.0 297.0 431.0 436.0 649.0 240.0 373.0 389.0 187.0 508.0 692.0 19.0 375.0 92.0 322.0 589.0 370.0 218.0 287.0 187.0 165.0 601.0 212.0 555.0 667.0 400.0 213.0 331.0 554.0 109.0 304.0 473.0 276.0 110.0 653.0 490.0 473.0 610.0 436.0 67.0 626.0 348.0 318.0 449.0 341.0 482.0 169.0 138.0 414.0 565.0 555.0 509.0 563.0 353.0 119.0 120.0 275.0 310.0 534.0 352.0 467.0 232.0 400.0 347.0 500.0 533.0 420.0 539.0 90.0 497.0 345.0 665.0 408.0 462.0 578.0 355.0 417.0 621.0 196.0 257.0 256.0 332.0 
340.0 759.0 305.0 698.0 588.0 651.0 380.0 187.0 518.0 492.0 410.0 383.0 437.0 181.0 368.0 247.0 441.0 127.0 352.0 580.0 379.0 571.0 179.0 501.0 617.0 475.0 648.0 420.0 374.0 640.0 154.0 558.0 411.0 695.0 354.0 221.0 509.0 208.0 409.0 213.0 44.0 0.0 88.0 608.0 303.0 562.0 516.0 822.0 450.0 301.0 493.0 136.0 422.0 174.0 230.0 248.0 371.0 249.0 357.0 385.0 319.0 684.0 534.0 110.0 467.0 417.0 478.0 683.0 268.0 259.0 387.0 402.0 680.0 257.0 333.0 426.0 152.0 548.0 728.0 26.0 363.0 109.0 294.0 576.0 407.0 175.0 258.0 231.0 135.0 638.0 205.0 589.0 672.0 436.0 179.0 321.0 578.0 144.0 336.0 452.0 232.0 121.0 650.0 505.0 431.0 608.0 392.0 91.0 669.0 341.0 325.0 472.0 354.0 501.0 211.0 95.0 450.0 608.0 580.0 552.0 591.0 392.0 108.0 148.0 266.0 281.0 568.0 396.0 445.0 217.0 441.0 353.0 544.0 518.0 447.0 533.0 100.0 520.0 367.0 692.0 426.0 501.0 588.0 320.0 447.0 655.0 159.0 296.0 222.0 310.0 
