150 0.0 5
1 106 902
2 701 749
3 507 432
4 165 104
5 369 423
6 339 931
7 865 804
8 83 411
9 281 993
10 629 964
11 946 168
12 691 596
13 639 100
14 647 757
15 432 623
16 116 530
17 520 310
18 524 736
19 247 900
20 953 119
21 688 458
22 973 752
23 189 41
24 972 958
25 824 904
26 976 885
27 866 177
28 463 674
29 888 655
30 317 611
31 72 348
32 52 226
33 39 607
34 760 643
35 288 830
36 179 70
37 933 802
38 703 825
39 154 468
40 973 485
41 703 383
42 104 1
43 261 608
44 478 853
45 14 574
46 695 92
47 191 417
48 858 656
49 25 250
50 559 731
51 300 363
52 200 500
53 398 321
54 738 786
55 179 988
56 988 94
57 856 326
58 681 852
59 520 624
60 440 522
61 632 633
62 186 115
63 456 950
64 765 39
65 298 849
66 346 426
67 517 873
68 119 421
69 300 827
70 768 837
71 308 266
72 671 692
73 255 617
74 237 399
75 344 556
76 806 642
77 512 22
78 638 281
79 703 606
80 922 617
81 678 951
82 870 211
83 258 443
84 381 137
85 226 122
86 523 994
87 636 183
88 677 743
89 151 297
90 766 830
91 791 499
92 753 507
93 872 249
94 637 328
95 893 883
96 189 651
97 499 658
98 525 110
99 409 341
100 906 489
101 490 636
102 519 440
103 301 869
104 214 287
105 30 349
106 278 857
107 552 383
108 265 243
109 967 263
110 490 763
111 406 667
112 11 234
113 486 663
114 956 236
115 529 918
116 837 232
117 977 816
118 273 506
119 597 392
120 947 292
121 967 120
122 242 104
123 969 246
124 976 923
125 576 946
126 397 169
127 575 71
128 678 511
129 977 665
130 878 603
131 965 600
132 249 568
133 36 738
134 182 185
135 503 27
136 876 948
137 418 284
138 9 339
139 921 319
140 123 791
141 687 724
142 824 412
143 433 484
144 143 928
145 899 977
146 589 945
147 376 43
148 117 380
149 22 684
150 182 618
opening costs
111 878 101 376 360 25 566 628 920 463 599 544 492 74 529 212 852 819 6 268 773 142 288 629 391 676 785 4 818 380 24 124 224 609 510 262 742 901 286 997 609 798 926 102 724 509 966 569 856 538 403 252 847 601 208 623 817 269 514 153 556 496 418 160 682 566 839 467 819 214 588 275 734 776 498 231 57 244 35 290 256 546 257 581 861 941 411 272 54 88 688 477 682 108 83 914 375 602 835 291 555 928 630 21 725 609 363 33 529 793 188 509 513 786 257 392 741 490 943 276 361 638 70 317 654 434 739 76 165 706 687 384 447 875 703 296 5 575 496 491 375 872 130 9 903 672 496 884 108 97 
star costs
0.0 615.0 618.0 801.0 547.0 235.0 766.0 492.0 198.0 527.0 1116.0 661.0 963.0 561.0 430.0 373.0 723.0 450.0 142.0 1154.0 733.0 880.0 865.0 868.0 719.0 871.0 1051.0 424.0 821.0 360.0 556.0 679.0 303.0 704.0 196.0 836.0 834.0 602.0 437.0 963.0 792.0 902.0 333.0 376.0 341.0 1002.0 493.0 792.0 658.0 485.0 573.0 413.0 651.0 643.0 113.0 1197.0 946.0 578.0 499.0 506.0 591.0 792.0 354.0 1086.0 200.0 534.0 413.0 482.0 208.0 666.0 668.0 603.0 322.0 520.0 420.0 747.0 970.0 818.0 667.0 865.0 575.0 1031.0 484.0 813.0 790.0 428.0 894.0 593.0 607.0 664.0 795.0 759.0 1007.0 782.0 788.0 265.0 463.0 897.0 638.0 901.0 468.0 620.0 198.0 625.0 559.0 178.0 685.0 678.0 1073.0 409.0 382.0 675.0 449.0 1080.0 424.0 992.0 876.0 430.0 708.0 1039.0 1164.0 810.0 1085.0 871.0 473.0 789.0 955.0 693.0 903.0 828.0 911.0 364.0 179.0 722.0 961.0 772.0 693.0 572.0 1003.0 113.0 608.0 870.0 531.0 46.0 797.0 485.0 901.0 523.0 234.0 294.0 
615.0 0.0 372.0 839.0 466.0 406.0 173.0 705.0 486.0 227.0 631.0 154.0 652.0 55.0 298.0 625.0 475.0 178.0 479.0 679.0 292.0 273.0 874.0 343.0 198.0 307.0 596.0 250.0 210.0 409.0 746.0 834.0 678.0 122.0 421.0 857.0 238.0 77.0 615.0 380.0 367.0 958.0 463.0 247.0 709.0 658.0 609.0 183.0 841.0 144.0 557.0 560.0 525.0 53.0 575.0 716.0 451.0 105.0 220.0 346.0 135.0 817.0 317.0 713.0 416.0 480.0 222.0 669.0 409.0 111.0 623.0 65.0 466.0 582.0 406.0 150.0 752.0 473.0 144.0 258.0 204.0 564.0 539.0 691.0 787.0 303.0 570.0 25.0 712.0 104.0 266.0 248.0 529.0 426.0 235.0 522.0 222.0 663.0 502.0 332.0 240.0 359.0 418.0 672.0 782.0 437.0 396.0 668.0 555.0 212.0 307.0 862.0 232.0 573.0 242.0 535.0 285.0 493.0 372.0 520.0 683.0 792.0 570.0 326.0 234.0 655.0 690.0 240.0 289.0 230.0 304.0 487.0 666.0 767.0 749.0 266.0 545.0 805.0 484.0 580.0 29.0 359.0 377.0 587.0 302.0 226.0 778.0 691.0 683.0 536.0 
618.0 372.0 0.0 474.0 139.0 527.0 517.0 425.0 605.0 546.0 513.0 247.0 358.0 354.0 206.0 404.0 123.0 305.0 536.0 545.0 183.0 566.0 504.0 703.0 569.0 653.0 441.0 246.0 442.0 262.0 444.0 500.0 500.0 330.0 455.0 489.0 565.0 440.0 355.0 470.0 203.0 591.0 303.0 422.0 514.0 389.0 317.0 417.0 516.0 304.0 219.0 315.0 156.0 423.0 646.0 588.0 365.0 455.0 193.0 113.0 237.0 452.0 521.0 471.0 467.0 162.0 442.0 389.0 446.0 482.0 260.0 308.0 313.0 273.0 205.0 366.0 411.0 200.0 263.0 455.0 547.0 425.0 250.0 321.0 419.0 563.0 281.0 355.0 381.0 475.0 292.0 258.0 409.0 167.0 594.0 387.0 227.0 323.0 134.0 404.0 205.0 15.0 484.0 327.0 485.0 483.0 67.0 308.0 491.0 332.0 256.0 535.0 232.0 490.0 487.0 386.0 607.0 246.0 99.0 462.0 556.0 422.0 499.0 680.0 519.0 286.0 368.0 189.0 525.0 409.0 488.0 292.0 562.0 409.0 406.0 635.0 173.0 507.0 430.0 526.0 344.0 318.0 91.0 616.0 672.0 520.0 411.0 394.0 547.0 375.0 
801.0 839.0 474.0 0.0 379.0 846.0 990.0 318.0 897.0 978.0 784.0 721.0 475.0 812.0 584.0 429.0 411.0 727.0 801.0 789.0 632.0 1036.0 68.0 1175.0 1037.0 1126.0 705.0 644.0 910.0 530.0 262.0 167.0 519.0 803.0 737.0 37.0 1038.0 900.0 365.0 894.0 607.0 120.0 514.0 812.0 494.0 531.0 315.0 886.0 203.0 741.0 293.0 398.0 319.0 891.0 885.0 824.0 726.0 909.0 630.0 501.0 706.0 24.0 895.0 604.0 757.0 370.0 846.0 321.0 736.0 950.0 217.0 776.0 521.0 304.0 487.0 837.0 357.0 506.0 736.0 915.0 991.0 714.0 352.0 219.0 64.0 960.0 478.0 819.0 194.0 943.0 741.0 713.0 722.0 523.0 1067.0 548.0 647.0 361.0 341.0 836.0 624.0 489.0 777.0 190.0 280.0 762.0 478.0 172.0 818.0 735.0 613.0 202.0 645.0 802.0 892.0 685.0 1080.0 417.0 520.0 805.0 803.0 77.0 817.0 1153.0 937.0 241.0 412.0 655.0 987.0 871.0 942.0 472.0 647.0 83.0 347.0 1104.0 311.0 283.0 786.0 689.0 811.0 728.0 465.0 825.0 1141.0 942.0 220.0 281.0 598.0 515.0 
547.0 466.0 139.0 379.0 0.0 509.0 626.0 287.0 577.0 601.0 631.0 366.0 421.0 435.0 210.0 275.0 189.0 350.0 493.0 659.0 321.0 688.0 423.0 807.0 663.0 763.0 555.0 269.0 569.0 196.0 307.0 374.0 378.0 449.0 415.0 401.0 680.0 523.0 220.0 608.0 337.0 499.0 215.0 444.0 386.0 465.0 179.0 542.0 386.0 362.0 92.0 186.0 107.0 518.0 597.0 702.0 497.0 531.0 252.0 122.0 337.0 359.0 535.0 552.0 432.0 24.0 474.0 251.0 410.0 575.0 169.0 405.0 226.0 135.0 136.0 489.0 426.0 305.0 381.0 587.0 612.0 545.0 113.0 287.0 334.0 592.0 360.0 445.0 252.0 569.0 429.0 394.0 533.0 285.0 698.0 291.0 269.0 350.0 92.0 542.0 245.0 151.0 452.0 207.0 347.0 444.0 188.0 208.0 620.0 361.0 247.0 405.0 267.0 617.0 521.0 506.0 724.0 127.0 231.0 593.0 671.0 344.0 626.0 787.0 563.0 256.0 408.0 322.0 655.0 540.0 622.0 189.0 459.0 303.0 419.0 730.0 148.0 370.0 562.0 443.0 438.0 456.0 89.0 554.0 767.0 567.0 381.0 256.0 435.0 271.0 
235.0 406.0 527.0 846.0 509.0 0.0 542.0 580.0 85.0 292.0 975.0 486.0 884.0 354.0 322.0 459.0 647.0 269.0 98.0 1019.0 588.0 659.0 903.0 634.0 486.0 639.0 920.0 286.0 615.0 321.0 642.0 762.0 442.0 511.0 114.0 876.0 608.0 380.0 499.0 776.0 658.0 960.0 333.0 160.0 483.0 912.0 535.0 588.0 750.0 298.0 570.0 453.0 613.0 425.0 170.0 1060.0 796.0 352.0 357.0 422.0 418.0 831.0 119.0 989.0 92.0 506.0 188.0 556.0 112.0 440.0 666.0 410.0 326.0 542.0 376.0 550.0 926.0 716.0 488.0 663.0 340.0 895.0 495.0 796.0 817.0 195.0 805.0 387.0 662.0 439.0 626.0 593.0 866.0 673.0 557.0 318.0 317.0 842.0 595.0 719.0 332.0 523.0 73.0 657.0 659.0 96.0 588.0 692.0 917.0 226.0 273.0 771.0 306.0 930.0 191.0 859.0 649.0 431.0 598.0 883.0 1026.0 833.0 931.0 638.0 238.0 765.0 892.0 540.0 692.0 631.0 709.0 374.0 360.0 763.0 919.0 538.0 652.0 678.0 845.0 258.0 405.0 711.0 457.0 197.0 562.0 251.0 889.0 595.0 402.0 351.0 
766.0 173.0 517.0 990.0 626.0 542.0 0.0 876.0 614.0 286.0 642.0 272.0 740.0 224.0 470.0 798.0 603.0 348.0 626.0 691.0 389.0 120.0 1020.0 188.0 109.0 138.0 628.0 423.0 151.0 581.0 915.0 998.0 850.0 193.0 578.0 1005.0 69.0 164.0 787.0 337.0 452.0 1107.0 636.0 391.0 882.0 733.0 778.0 149.0 1007.0 315.0 717.0 732.0 672.0 129.0 711.0 721.0 479.0 191.0 390.0 511.0 290.0 968.0 435.0 772.0 569.0 643.0 355.0 839.0 566.0 103.0 775.0 225.0 639.0 748.0 578.0 173.0 858.0 571.0 256.0 196.0 238.0 594.0 707.0 825.0 935.0 392.0 662.0 198.0 876.0 103.0 314.0 318.0 556.0 528.0 84.0 694.0 395.0 773.0 650.0 318.0 411.0 503.0 568.0 832.0 951.0 590.0 525.0 822.0 551.0 378.0 480.0 1027.0 405.0 576.0 355.0 573.0 113.0 663.0 492.0 519.0 692.0 938.0 568.0 163.0 323.0 789.0 789.0 348.0 179.0 202.0 228.0 660.0 832.0 922.0 858.0 145.0 686.0 975.0 489.0 743.0 196.0 395.0 538.0 733.0 177.0 310.0 905.0 860.0 852.0 708.0 
492.0 705.0 425.0 318.0 287.0 580.0 876.0 0.0 615.0 778.0 897.0 636.0 638.0 662.0 409.0 124.0 449.0 548.0 516.0 918.0 607.0 954.0 385.0 1044.0 891.0 1012.0 818.0 463.0 842.0 308.0 64.0 188.0 201.0 716.0 467.0 355.0 936.0 746.0 92.0 894.0 621.0 411.0 266.0 593.0 178.0 691.0 109.0 813.0 172.0 574.0 223.0 148.0 328.0 755.0 585.0 959.0 778.0 744.0 487.0 374.0 593.0 314.0 656.0 777.0 488.0 264.0 634.0 38.0 470.0 807.0 268.0 652.0 269.0 155.0 299.0 760.0 580.0 571.0 650.0 864.0 804.0 813.0 178.0 405.0 323.0 731.0 599.0 681.0 133.0 802.0 714.0 677.0 806.0 561.0 938.0 263.0 484.0 535.0 334.0 827.0 466.0 437.0 508.0 181.0 82.0 487.0 470.0 248.0 897.0 539.0 413.0 192.0 476.0 891.0 676.0 775.0 982.0 213.0 515.0 873.0 931.0 346.0 902.0 1030.0 728.0 397.0 599.0 604.0 930.0 818.0 903.0 229.0 331.0 247.0 570.0 958.0 359.0 104.0 844.0 383.0 681.0 742.0 358.0 521.0 994.0 736.0 471.0 47.0 280.0 230.0 
198.0 486.0 605.0 897.0 577.0 85.0 614.0 615.0 0.0 350.0 1060.0 571.0 963.0 436.0 400.0 492.0 724.0 354.0 100.0 1103.0 673.0 733.0 957.0 692.0 551.0 704.0 1005.0 368.0 695.0 384.0 679.0 801.0 456.0 594.0 164.0 929.0 680.0 455.0 541.0 859.0 742.0 1008.0 386.0 242.0 497.0 992.0 583.0 669.0 786.0 383.0 631.0 500.0 683.0 502.0 103.0 1144.0 881.0 425.0 440.0 498.0 503.0 884.0 181.0 1070.0 145.0 571.0 265.0 595.0 168.0 512.0 728.0 493.0 377.0 596.0 442.0 632.0 999.0 797.0 573.0 744.0 400.0 980.0 551.0 862.0 873.0 243.0 885.0 469.0 709.0 512.0 711.0 678.0 951.0 755.0 622.0 355.0 400.0 917.0 665.0 803.0 414.0 603.0 126.0 710.0 692.0 137.0 668.0 751.0 1002.0 311.0 350.0 806.0 389.0 1015.0 260.0 943.0 719.0 488.0 680.0 967.0 1111.0 890.0 1016.0 699.0 299.0 833.0 968.0 625.0 770.0 714.0 789.0 427.0 354.0 815.0 992.0 597.0 723.0 709.0 930.0 257.0 488.0 796.0 532.0 153.0 619.0 312.0 955.0 635.0 404.0 388.0 
527.0 227.0 546.0 978.0 601.0 292.0 286.0 778.0 350.0 0.0 857.0 374.0 865.0 208.0 394.0 672.0 664.0 252.0 388.0 905.0 510.0 405.0 1023.0 344.0 205.0 356.0 822.0 335.0 404.0 472.0 831.0 937.0 690.0 347.0 367.0 1001.0 345.0 158.0 687.0 590.0 586.0 1097.0 513.0 188.0 729.0 875.0 701.0 384.0 936.0 244.0 686.0 632.0 684.0 209.0 451.0 942.0 678.0 124.0 358.0 481.0 332.0 958.0 174.0 935.0 351.0 608.0 145.0 745.0 357.0 189.0 769.0 276.0 511.0 688.0 498.0 368.0 950.0 684.0 366.0 455.0 51.0 791.0 640.0 864.0 934.0 111.0 782.0 227.0 821.0 192.0 493.0 474.0 756.0 637.0 277.0 540.0 333.0 861.0 661.0 550.0 357.0 536.0 342.0 795.0 859.0 367.0 587.0 808.0 779.0 245.0 372.0 957.0 334.0 799.0 111.0 761.0 379.0 581.0 573.0 744.0 910.0 944.0 795.0 350.0 56.0 829.0 895.0 456.0 459.0 439.0 496.0 549.0 635.0 899.0 946.0 248.0 712.0 881.0 709.0 535.0 247.0 586.0 519.0 488.0 271.0 45.0 956.0 777.0 669.0 566.0 
1116.0 631.0 513.0 784.0 631.0 975.0 642.0 897.0 1060.0 857.0 0.0 499.0 315.0 661.0 687.0 906.0 450.0 708.0 1013.0 50.0 389.0 585.0 768.0 791.0 747.0 718.0 81.0 700.0 491.0 770.0 893.0 896.0 1008.0 511.0 934.0 774.0 635.0 701.0 847.0 319.0 325.0 859.0 815.0 830.0 1017.0 263.0 796.0 496.0 925.0 684.0 675.0 817.0 569.0 653.0 1123.0 86.0 182.0 734.0 625.0 618.0 562.0 762.0 923.0 223.0 941.0 654.0 826.0 865.0 923.0 693.0 646.0 592.0 825.0 746.0 717.0 495.0 458.0 329.0 501.0 450.0 828.0 88.0 741.0 566.0 722.0 929.0 311.0 635.0 806.0 687.0 366.0 391.0 110.0 348.0 717.0 898.0 664.0 425.0 565.0 324.0 654.0 507.0 953.0 742.0 934.0 960.0 449.0 686.0 98.0 750.0 736.0 938.0 676.0 69.0 859.0 127.0 649.0 754.0 415.0 125.0 53.0 707.0 82.0 756.0 862.0 550.0 384.0 436.0 498.0 441.0 433.0 804.0 1074.0 765.0 465.0 784.0 541.0 953.0 154.0 1033.0 614.0 273.0 603.0 1106.0 811.0 856.0 584.0 856.0 1059.0 887.0 
661.0 154.0 247.0 721.0 366.0 486.0 272.0 636.0 571.0 374.0 499.0 0.0 499.0 167.0 261.0 579.0 334.0 218.0 539.0 545.0 139.0 323.0 749.0 459.0 336.0 406.0 455.0 241.0 206.0 375.0 667.0 739.0 653.0 84.0 467.0 735.0 318.0 230.0 553.0 304.0 214.0 836.0 431.0 334.0 678.0 505.0 532.0 178.0 751.0 189.0 456.0 501.0 402.0 196.0 645.0 584.0 317.0 257.0 174.0 262.0 70.0 698.0 425.0 562.0 468.0 385.0 328.0 599.0 455.0 254.0 506.0 99.0 437.0 495.0 350.0 124.0 602.0 320.0 16.0 232.0 356.0 425.0 460.0 554.0 665.0 433.0 417.0 148.0 618.0 246.0 140.0 109.0 392.0 274.0 351.0 506.0 202.0 514.0 381.0 241.0 205.0 233.0 477.0 569.0 706.0 489.0 255.0 554.0 433.0 262.0 294.0 771.0 216.0 448.0 361.0 393.0 361.0 428.0 225.0 398.0 551.0 667.0 447.0 434.0 369.0 519.0 538.0 86.0 295.0 188.0 275.0 443.0 671.0 655.0 600.0 398.0 415.0 729.0 361.0 601.0 129.0 228.0 282.0 641.0 435.0 364.0 637.0 614.0 675.0 510.0 
963.0 652.0 358.0 475.0 421.0 884.0 740.0 638.0 963.0 865.0 315.0 499.0 0.0 658.0 563.0 678.0 242.0 647.0 891.0 315.0 362.0 733.0 454.0 921.0 826.0 855.0 240.0 601.0 609.0 604.0 619.0 601.0 786.0 557.0 811.0 461.0 762.0 728.0 609.0 510.0 291.0 545.0 634.0 771.0 785.0 57.0 549.0 598.0 633.0 637.0 430.0 594.0 327.0 694.0 1001.0 350.0 314.0 754.0 538.0 467.0 534.0 454.0 870.0 140.0 823.0 439.0 783.0 612.0 803.0 749.0 371.0 593.0 645.0 502.0 544.0 568.0 150.0 182.0 511.0 590.0 852.0 257.0 513.0 261.0 414.0 902.0 84.0 645.0 527.0 741.0 427.0 423.0 277.0 229.0 824.0 712.0 576.0 115.0 334.0 472.0 557.0 361.0 841.0 465.0 658.0 839.0 297.0 401.0 367.0 680.0 614.0 643.0 584.0 345.0 826.0 238.0 792.0 547.0 296.0 363.0 329.0 398.0 361.0 890.0 849.0 252.0 71.0 413.0 659.0 557.0 597.0 610.0 878.0 465.0 155.0 881.0 288.0 674.0 358.0 863.0 626.0 363.0 436.0 966.0 915.0 847.0 270.0 593.0 850.0 691.0 
561.0 55.0 354.0 812.0 435.0 354.0 224.0 662.0 436.0 208.0 661.0 167.0 658.0 0.0 254.0 578.0 465.0 125.0 425.0 708.0 302.0 327.0 850.0 383.0 231.0 354.0 620.0 202.0 262.0 361.0 706.0 798.0 627.0 161.0 367.0 832.0 290.0 89.0 572.0 425.0 379.0 931.0 414.0 195.0 659.0 667.0 569.0 234.0 803.0 92.0 526.0 516.0 503.0 96.0 522.0 746.0 480.0 101.0 184.0 314.0 125.0 791.0 272.0 728.0 361.0 448.0 175.0 626.0 354.0 146.0 597.0 70.0 417.0 545.0 364.0 197.0 748.0 477.0 162.0 309.0 197.0 590.0 500.0 675.0 762.0 268.0 575.0 34.0 677.0 140.0 296.0 272.0 556.0 430.0 277.0 471.0 179.0 659.0 480.0 373.0 199.0 342.0 364.0 640.0 740.0 383.0 386.0 641.0 589.0 158.0 258.0 824.0 187.0 606.0 200.0 559.0 336.0 451.0 369.0 554.0 713.0 769.0 604.0 369.0 202.0 639.0 690.0 248.0 343.0 278.0 355.0 441.0 612.0 738.0 745.0 299.0 526.0 763.0 517.0 526.0 52.0 388.0 347.0 533.0 335.0 197.0 764.0 651.0 630.0 486.0 
430.0 298.0 206.0 584.0 210.0 322.0 470.0 409.0 400.0 394.0 687.0 261.0 563.0 254.0 0.0 330.0 326.0 146.0 334.0 725.0 305.0 557.0 631.0 636.0 483.0 604.0 623.0 60.0 458.0 116.0 454.0 550.0 394.0 329.0 253.0 609.0 533.0 339.0 319.0 559.0 362.0 704.0 172.0 235.0 421.0 593.0 318.0 428.0 553.0 167.0 292.0 263.0 304.0 347.0 445.0 768.0 518.0 339.0 89.0 102.0 201.0 565.0 328.0 673.0 263.0 215.0 265.0 373.0 243.0 399.0 378.0 249.0 178.0 297.0 111.0 375.0 607.0 400.0 272.0 491.0 410.0 602.0 251.0 489.0 542.0 382.0 485.0 273.0 431.0 393.0 380.0 342.0 578.0 360.0 530.0 245.0 76.0 522.0 283.0 493.0 60.0 203.0 279.0 401.0 487.0 281.0 269.0 416.0 645.0 152.0 52.0 574.0 68.0 652.0 311.0 563.0 579.0 198.0 284.0 613.0 735.0 553.0 657.0 622.0 354.0 456.0 571.0 271.0 547.0 447.0 534.0 192.0 413.0 505.0 601.0 551.0 340.0 510.0 576.0 352.0 275.0 446.0 140.0 421.0 587.0 359.0 583.0 398.0 415.0 251.0 
373.0 625.0 404.0 429.0 275.0 459.0 798.0 124.0 492.0 672.0 906.0 579.0 678.0 578.0 330.0 0.0 461.0 458.0 393.0 933.0 577.0 886.0 495.0 958.0 801.0 931.0 829.0 376.0 783.0 217.0 188.0 311.0 109.0 654.0 346.0 465.0 862.0 657.0 73.0 859.0 606.0 530.0 165.0 486.0 112.0 727.0 136.0 753.0 295.0 487.0 249.0 90.0 352.0 673.0 463.0 975.0 768.0 651.0 415.0 325.0 527.0 421.0 541.0 814.0 368.0 253.0 528.0 110.0 350.0 721.0 327.0 579.0 164.0 179.0 230.0 700.0 645.0 579.0 592.0 811.0 703.0 819.0 167.0 474.0 423.0 618.0 626.0 601.0 236.0 716.0 676.0 638.0 807.0 559.0 854.0 142.0 404.0 587.0 349.0 792.0 389.0 413.0 387.0 263.0 201.0 365.0 461.0 324.0 892.0 441.0 321.0 315.0 394.0 890.0 567.0 781.0 908.0 159.0 501.0 865.0 945.0 445.0 900.0 946.0 621.0 458.0 650.0 563.0 872.0 766.0 852.0 139.0 223.0 352.0 635.0 868.0 390.0 219.0 833.0 262.0 604.0 718.0 321.0 399.0 902.0 630.0 553.0 151.0 181.0 110.0 
723.0 475.0 123.0 411.0 189.0 647.0 603.0 449.0 724.0 664.0 450.0 334.0 242.0 465.0 326.0 461.0 0.0 427.0 651.0 474.0 224.0 633.0 427.0 791.0 668.0 734.0 371.0 369.0 505.0 364.0 450.0 476.0 566.0 411.0 570.0 417.0 643.0 547.0 399.0 486.0 198.0 519.0 395.0 545.0 571.0 280.0 346.0 484.0 499.0 423.0 227.0 373.0 123.0 524.0 759.0 516.0 337.0 566.0 314.0 227.0 342.0 387.0 644.0 366.0 583.0 210.0 564.0 417.0 562.0 583.0 217.0 411.0 406.0 297.0 303.0 439.0 289.0 122.0 349.0 506.0 661.0 364.0 294.0 222.0 349.0 685.0 173.0 461.0 370.0 576.0 331.0 306.0 358.0 119.0 684.0 476.0 349.0 201.0 116.0 426.0 328.0 131.0 601.0 307.0 492.0 599.0 80.0 264.0 450.0 454.0 375.0 515.0 355.0 443.0 609.0 327.0 682.0 316.0 113.0 428.0 486.0 347.0 454.0 765.0 639.0 188.0 246.0 256.0 579.0 463.0 532.0 375.0 647.0 361.0 284.0 731.0 106.0 512.0 402.0 624.0 447.0 321.0 195.0 724.0 768.0 639.0 304.0 410.0 623.0 458.0 
450.0 178.0 305.0 727.0 350.0 269.0 348.0 548.0 354.0 252.0 708.0 218.0 647.0 125.0 146.0 458.0 427.0 0.0 322.0 752.0 323.0 450.0 772.0 500.0 344.0 476.0 656.0 87.0 373.0 242.0 596.0 695.0 502.0 254.0 255.0 751.0 415.0 200.0 457.0 515.0 396.0 847.0 293.0 126.0 536.0 667.0 462.0 344.0 697.0 36.0 436.0 401.0 434.0 220.0 428.0 793.0 528.0 196.0 113.0 230.0 150.0 708.0 225.0 738.0 253.0 358.0 138.0 514.0 242.0 265.0 518.0 154.0 295.0 443.0 255.0 298.0 715.0 470.0 222.0 416.0 265.0 629.0 396.0 616.0 683.0 259.0 565.0 154.0 577.0 260.0 358.0 324.0 599.0 424.0 398.0 346.0 82.0 627.0 412.0 455.0 106.0 297.0 260.0 546.0 628.0 275.0 355.0 557.0 649.0 44.0 137.0 718.0 83.0 661.0 183.0 594.0 461.0 341.0 352.0 614.0 759.0 693.0 662.0 490.0 217.0 582.0 667.0 273.0 459.0 379.0 462.0 323.0 489.0 649.0 710.0 411.0 465.0 651.0 576.0 405.0 164.0 442.0 268.0 427.0 446.0 219.0 709.0 541.0 505.0 362.0 
142.0 479.0 536.0 801.0 493.0 98.0 626.0 516.0 100.0 388.0 1013.0 539.0 891.0 425.0 334.0 393.0 651.0 322.0 0.0 1053.0 625.0 741.0 861.0 728.0 578.0 730.0 952.0 313.0 687.0 298.0 580.0 702.0 360.0 574.0 82.0 833.0 693.0 463.0 442.0 837.0 690.0 911.0 293.0 236.0 401.0 924.0 487.0 658.0 687.0 355.0 540.0 403.0 599.0 505.0 112.0 1095.0 837.0 437.0 389.0 425.0 469.0 788.0 215.0 1005.0 73.0 485.0 272.0 496.0 91.0 525.0 637.0 473.0 284.0 502.0 358.0 616.0 918.0 733.0 543.0 732.0 435.0 929.0 458.0 775.0 779.0 292.0 816.0 458.0 611.0 524.0 676.0 641.0 903.0 693.0 647.0 256.0 350.0 838.0 583.0 777.0 359.0 535.0 63.0 614.0 593.0 54.0 601.0 658.0 962.0 279.0 283.0 707.0 337.0 972.0 283.0 892.0 735.0 395.0 617.0 928.0 1062.0 797.0 975.0 730.0 333.0 747.0 892.0 581.0 767.0 698.0 779.0 333.0 267.0 718.0 910.0 631.0 640.0 610.0 890.0 166.0 474.0 756.0 456.0 108.0 657.0 345.0 867.0 537.0 312.0 290.0 
1154.0 679.0 545.0 789.0 659.0 1019.0 691.0 918.0 1103.0 905.0 50.0 545.0 315.0 708.0 725.0 933.0 474.0 752.0 1053.0 0.0 431.0 634.0 768.0 840.0 796.0 767.0 105.0 741.0 540.0 805.0 911.0 908.0 1037.0 559.0 974.0 776.0 684.0 749.0 872.0 367.0 364.0 858.0 848.0 875.0 1044.0 260.0 819.0 546.0 938.0 728.0 698.0 844.0 591.0 701.0 1164.0 44.0 229.0 782.0 666.0 653.0 607.0 768.0 969.0 205.0 981.0 681.0 871.0 887.0 964.0 742.0 662.0 639.0 858.0 769.0 750.0 544.0 452.0 355.0 548.0 499.0 877.0 124.0 767.0 573.0 728.0 975.0 324.0 683.0 822.0 736.0 414.0 437.0 154.0 379.0 767.0 931.0 705.0 429.0 588.0 373.0 695.0 540.0 994.0 758.0 952.0 1001.0 481.0 700.0 145.0 794.0 775.0 949.0 717.0 118.0 905.0 162.0 698.0 783.0 449.0 174.0 15.0 712.0 129.0 805.0 909.0 559.0 382.0 479.0 547.0 490.0 482.0 835.0 1107.0 774.0 460.0 833.0 560.0 970.0 203.0 1068.0 661.0 321.0 636.0 1145.0 860.0 903.0 582.0 876.0 1090.0 919.0 
733.0 292.0 183.0 632.0 321.0 588.0 389.0 607.0 673.0 510.0 389.0 139.0 362.0 302.0 305.0 577.0 224.0 323.0 625.0 431.0 0.0 410.0 651.0 576.0 467.0 516.0 333.0 312.0 281.0 402.0 626.0 677.0 666.0 199.0 547.0 641.0 423.0 368.0 535.0 287.0 77.0 742.0 453.0 448.0 684.0 367.0 499.0 261.0 695.0 302.0 400.0 490.0 321.0 332.0 735.0 472.0 214.0 395.0 237.0 257.0 184.0 608.0 544.0 427.0 553.0 344.0 449.0 571.0 536.0 388.0 426.0 235.0 462.0 455.0 358.0 219.0 471.0 184.0 149.0 283.0 494.0 307.0 431.0 445.0 572.0 561.0 280.0 286.0 561.0 381.0 111.0 82.0 279.0 140.0 472.0 536.0 276.0 385.0 303.0 221.0 267.0 170.0 565.0 504.0 667.0 573.0 156.0 475.0 341.0 364.0 352.0 714.0 288.0 349.0 487.0 271.0 461.0 418.0 113.0 308.0 439.0 570.0 353.0 547.0 501.0 411.0 404.0 54.0 356.0 240.0 312.0 453.0 710.0 575.0 470.0 525.0 322.0 690.0 272.0 656.0 267.0 144.0 257.0 720.0 561.0 497.0 520.0 577.0 704.0 531.0 
880.0 273.0 566.0 1036.0 688.0 659.0 120.0 954.0 733.0 405.0 585.0 323.0 733.0 327.0 557.0 886.0 633.0 450.0 741.0 634.0 410.0 0.0 1059.0 207.0 213.0 134.0 585.0 516.0 129.0 671.0 988.0 1061.0 946.0 240.0 690.0 1047.0 65.0 280.0 867.0 267.0 458.0 1149.0 727.0 506.0 976.0 717.0 851.0 150.0 1073.0 415.0 778.0 814.0 719.0 238.0 829.0 659.0 442.0 309.0 471.0 581.0 362.0 1013.0 554.0 743.0 682.0 707.0 472.0 916.0 678.0 222.0 824.0 308.0 731.0 817.0 659.0 200.0 864.0 578.0 307.0 145.0 356.0 551.0 779.0 854.0 978.0 511.0 662.0 297.0 940.0 222.0 312.0 330.0 514.0 541.0 154.0 791.0 484.0 783.0 698.0 272.0 497.0 551.0 683.0 891.0 1026.0 703.0 560.0 872.0 490.0 484.0 574.0 1093.0 496.0 517.0 475.0 538.0 65.0 742.0 521.0 461.0 633.0 977.0 507.0 172.0 442.0 820.0 789.0 381.0 88.0 177.0 153.0 748.0 938.0 974.0 865.0 219.0 726.0 1049.0 437.0 851.0 288.0 372.0 603.0 849.0 237.0 430.0 927.0 934.0 954.0 803.0 
865.0 874.0 504.0 68.0 423.0 903.0 1020.0 385.0 957.0 1023.0 768.0 749.0 454.0 850.0 631.0 495.0 427.0 772.0 861.0 768.0 651.0 1059.0 0.0 1206.0 1072.0 1154.0 691.0 690.0 931.0 585.0 329.0 231.0 586.0 830.0 796.0 31.0 1065.0 938.0 429.0 901.0 618.0 94.0 572.0 862.0 561.0 509.0 377.0 909.0 266.0 783.0 341.0 460.0 350.0 926.0 948.0 801.0 726.0 949.0 671.0 543.0 740.0 75.0 948.0 577.0 816.0 416.0 895.0 387.0 794.0 985.0 255.0 811.0 580.0 362.0 538.0 862.0 324.0 510.0 764.0 933.0 1034.0 702.0 408.0 215.0 90.0 1010.0 470.0 855.0 259.0 978.0 757.0 732.0 714.0 533.0 1098.0 610.0 691.0 344.0 373.0 846.0 667.0 518.0 836.0 248.0 347.0 821.0 499.0 216.0 810.0 783.0 663.0 263.0 690.0 792.0 941.0 676.0 1106.0 473.0 539.0 799.0 783.0 83.0 807.0 1183.0 985.0 245.0 388.0 679.0 1006.0 890.0 957.0 531.0 714.0 145.0 315.0 1138.0 334.0 349.0 784.0 753.0 846.0 736.0 506.0 889.0 1175.0 989.0 188.0 347.0 665.0 578.0 
868.0 343.0 703.0 1175.0 807.0 634.0 188.0 1044.0 692.0 344.0 791.0 459.0 921.0 383.0 636.0 958.0 791.0 500.0 728.0 840.0 576.0 207.0 1206.0 0.0 158.0 74.0 789.0 583.0 315.0 742.0 1088.0 1176.0 997.0 380.0 696.0 1191.0 161.0 301.0 954.0 474.0 635.0 1293.0 793.0 506.0 1033.0 910.0 951.0 323.0 1183.0 472.0 898.0 898.0 858.0 291.0 794.0 865.0 643.0 310.0 563.0 688.0 471.0 1153.0 517.0 943.0 683.0 822.0 463.0 1008.0 685.0 238.0 960.0 402.0 794.0 924.0 746.0 357.0 1043.0 755.0 444.0 345.0 295.0 754.0 881.0 1012.0 1121.0 451.0 845.0 366.0 1055.0 243.0 494.0 502.0 717.0 714.0 109.0 842.0 561.0 959.0 836.0 474.0 580.0 689.0 677.0 1013.0 1122.0 702.0 713.0 1006.0 696.0 520.0 637.0 1204.0 569.0 723.0 445.0 739.0 143.0 833.0 679.0 667.0 839.0 1124.0 713.0 36.0 397.0 977.0 972.0 536.0 294.0 368.0 359.0 822.0 962.0 1106.0 1043.0 97.0 873.0 1145.0 642.0 866.0 369.0 566.0 718.0 830.0 76.0 384.0 1092.0 1033.0 989.0 861.0 
719.0 198.0 569.0 1037.0 663.0 486.0 109.0 891.0 551.0 205.0 747.0 336.0 826.0 231.0 483.0 801.0 668.0 344.0 578.0 796.0 467.0 213.0 1072.0 158.0 0.0 154.0 729.0 429.0 258.0 586.0 936.0 1028.0 840.0 269.0 542.0 1055.0 150.0 145.0 800.0 445.0 535.0 1155.0 637.0 350.0 875.0 823.0 799.0 251.0 1033.0 317.0 754.0 744.0 723.0 147.0 651.0 827.0 579.0 153.0 414.0 542.0 333.0 1015.0 371.0 868.0 529.0 676.0 309.0 855.0 530.0 88.0 821.0 262.0 638.0 775.0 593.0 263.0 936.0 651.0 322.0 304.0 154.0 695.0 730.0 886.0 985.0 315.0 746.0 219.0 907.0 95.0 407.0 404.0 657.0 606.0 73.0 684.0 408.0 849.0 700.0 424.0 429.0 556.0 525.0 868.0 969.0 549.0 588.0 866.0 657.0 363.0 481.0 1054.0 416.0 681.0 296.0 673.0 177.0 680.0 561.0 625.0 797.0 990.0 674.0 154.0 252.0 851.0 870.0 420.0 284.0 306.0 336.0 666.0 806.0 964.0 934.0 69.0 742.0 992.0 593.0 711.0 227.0 492.0 574.0 682.0 105.0 239.0 971.0 881.0 832.0 703.0 
871.0 307.0 653.0 1126.0 763.0 639.0 138.0 1012.0 704.0 356.0 718.0 406.0 855.0 354.0 604.0 931.0 734.0 476.0 730.0 767.0 516.0 134.0 1154.0 74.0 154.0 0.0 717.0 555.0 247.0 714.0 1052.0 1135.0 978.0 325.0 691.0 1140.0 94.0 280.0 922.0 401.0 572.0 1242.0 767.0 500.0 1012.0 842.0 914.0 258.0 1144.0 445.0 855.0 867.0 808.0 258.0 804.0 792.0 572.0 297.0 526.0 648.0 427.0 1104.0 525.0 872.0 679.0 780.0 460.0 975.0 679.0 214.0 911.0 361.0 770.0 885.0 713.0 297.0 980.0 693.0 391.0 274.0 306.0 683.0 844.0 956.0 1070.0 466.0 781.0 332.0 1014.0 218.0 429.0 439.0 645.0 653.0 84.0 822.0 529.0 897.0 786.0 403.0 547.0 638.0 676.0 969.0 1088.0 699.0 658.0 958.0 623.0 502.0 611.0 1165.0 538.0 650.0 449.0 668.0 70.0 799.0 622.0 594.0 766.0 1072.0 640.0 38.0 405.0 921.0 908.0 479.0 221.0 299.0 286.0 794.0 952.0 1059.0 980.0 119.0 821.0 1111.0 569.0 859.0 331.0 497.0 676.0 835.0 120.0 392.0 1034.0 997.0 975.0 838.0 
1051.0 596.0 441.0 705.0 555.0 920.0 628.0 818.0 1005.0 822.0 81.0 455.0 240.0 620.0 623.0 829.0 371.0 656.0 952.0 105.0 333.0 585.0 691.0 789.0 729.0 717.0 0.0 640.0 479.0 700.0 813.0 816.0 933.0 478.0 873.0 696.0 629.0 669.0 770.0 327.0 263.0 783.0 743.0 780.0 940.0 191.0 717.0 480.0 845.0 634.0 596.0 741.0 490.0 623.0 1063.0 148.0 150.0 700.0 566.0 549.0 513.0 683.0 876.0 172.0 880.0 577.0 779.0 786.0 862.0 668.0 566.0 551.0 753.0 668.0 646.0 469.0 387.0 251.0 459.0 444.0 797.0 35.0 664.0 487.0 643.0 887.0 231.0 597.0 725.0 661.0 331.0 349.0 73.0 275.0 707.0 827.0 606.0 348.0 486.0 315.0 594.0 436.0 894.0 662.0 854.0 899.0 376.0 605.0 133.0 697.0 673.0 857.0 617.0 108.0 815.0 63.0 649.0 679.0 345.0 141.0 116.0 629.0 124.0 755.0 822.0 470.0 310.0 384.0 501.0 427.0 435.0 731.0 1002.0 685.0 393.0 772.0 461.0 873.0 153.0 964.0 576.0 239.0 531.0 1043.0 801.0 817.0 508.0 777.0 985.0 814.0 
424.0 250.0 246.0 644.0 269.0 286.0 423.0 463.0 368.0 335.0 700.0 241.0 601.0 202.0 60.0 376.0 369.0 87.0 313.0 741.0 312.0 516.0 690.0 583.0 429.0 555.0 640.0 0.0 426.0 160.0 510.0 608.0 430.0 299.0 235.0 668.0 488.0 284.0 372.0 544.0 378.0 763.0 213.0 180.0 461.0 627.0 375.0 396.0 610.0 112.0 352.0 316.0 359.0 297.0 424.0 783.0 525.0 282.0 76.0 154.0 174.0 624.0 277.0 704.0 241.0 275.0 207.0 428.0 224.0 346.0 437.0 209.0 216.0 356.0 168.0 345.0 654.0 431.0 250.0 463.0 351.0 617.0 309.0 544.0 601.0 326.0 521.0 225.0 490.0 341.0 372.0 335.0 590.0 388.0 479.0 275.0 40.0 568.0 338.0 481.0 47.0 241.0 254.0 461.0 542.0 261.0 305.0 475.0 651.0 94.0 58.0 631.0 26.0 660.0 253.0 579.0 534.0 254.0 313.0 617.0 749.0 612.0 663.0 571.0 295.0 510.0 614.0 270.0 515.0 422.0 508.0 239.0 432.0 564.0 649.0 496.0 393.0 565.0 580.0 360.0 230.0 447.0 193.0 409.0 531.0 299.0 637.0 455.0 442.0 287.0 
821.0 210.0 442.0 910.0 569.0 615.0 151.0 842.0 695.0 404.0 491.0 206.0 609.0 262.0 458.0 783.0 505.0 373.0 687.0 540.0 281.0 129.0 931.0 315.0 258.0 247.0 479.0 426.0 0.0 573.0 872.0 940.0 851.0 129.0 625.0 920.0 154.0 252.0 758.0 191.0 329.0 1021.0 629.0 456.0 878.0 596.0 737.0 31.0 954.0 338.0 657.0 706.0 594.0 200.0 784.0 570.0 331.0 286.0 370.0 468.0 257.0 886.0 524.0 629.0 622.0 589.0 431.0 804.0 613.0 218.0 699.0 221.0 635.0 700.0 553.0 84.0 737.0 450.0 192.0 51.0 363.0 445.0 665.0 725.0 850.0 499.0 536.0 229.0 820.0 214.0 184.0 201.0 407.0 413.0 229.0 700.0 390.0 655.0 573.0 167.0 399.0 428.0 625.0 768.0 911.0 643.0 433.0 747.0 400.0 413.0 483.0 973.0 403.0 425.0 446.0 427.0 184.0 633.0 393.0 368.0 541.0 850.0 417.0 283.0 427.0 691.0 663.0 255.0 90.0 53.0 95.0 645.0 857.0 849.0 737.0 294.0 599.0 935.0 338.0 777.0 213.0 252.0 487.0 794.0 323.0 417.0 798.0 819.0 867.0 707.0 
360.0 409.0 262.0 530.0 196.0 321.0 581.0 308.0 384.0 472.0 770.0 375.0 604.0 361.0 116.0 217.0 364.0 242.0 298.0 805.0 402.0 671.0 585.0 742.0 586.0 714.0 700.0 160.0 573.0 0.0 360.0 468.0 279.0 445.0 221.0 559.0 645.0 442.0 217.0 668.0 449.0 647.0 57.0 291.0 306.0 643.0 232.0 543.0 465.0 271.0 249.0 162.0 302.0 456.0 402.0 848.0 610.0 437.0 204.0 152.0 316.0 514.0 367.0 727.0 239.0 188.0 330.0 275.0 217.0 505.0 346.0 364.0 63.0 227.0 62.0 490.0 621.0 461.0 387.0 606.0 496.0 683.0 179.0 479.0 498.0 435.0 534.0 384.0 356.0 500.0 488.0 449.0 663.0 428.0 637.0 135.0 188.0 543.0 286.0 602.0 175.0 265.0 259.0 340.0 389.0 250.0 328.0 372.0 738.0 231.0 106.0 486.0 177.0 741.0 374.0 644.0 692.0 114.0 356.0 707.0 815.0 513.0 748.0 730.0 424.0 450.0 599.0 375.0 663.0 562.0 649.0 81.0 309.0 447.0 613.0 653.0 343.0 411.0 671.0 265.0 387.0 545.0 173.0 362.0 688.0 431.0 572.0 306.0 304.0 136.0 
556.0 746.0 444.0 262.0 307.0 642.0 915.0 64.0 679.0 831.0 893.0 667.0 619.0 706.0 454.0 188.0 450.0 596.0 580.0 911.0 626.0 988.0 329.0 1088.0 936.0 1052.0 813.0 510.0 872.0 360.0 0.0 124.0 262.0 749.0 529.0 298.0 974.0 792.0 146.0 912.0 632.0 349.0 322.0 648.0 234.0 674.0 138.0 845.0 109.0 620.0 229.0 199.0 328.0 798.0 649.0 951.0 785.0 791.0 527.0 408.0 629.0 260.0 715.0 759.0 550.0 285.0 689.0 87.0 531.0 851.0 250.0 691.0 326.0 173.0 343.0 791.0 548.0 570.0 682.0 892.0 855.0 810.0 209.0 375.0 274.0 788.0 588.0 723.0 95.0 845.0 735.0 700.0 807.0 566.0 980.0 325.0 528.0 512.0 338.0 846.0 508.0 457.0 570.0 155.0 43.0 550.0 482.0 220.0 900.0 590.0 462.0 130.0 521.0 892.0 731.0 774.0 1019.0 256.0 527.0 877.0 924.0 298.0 903.0 1072.0 783.0 372.0 575.0 628.0 959.0 846.0 928.0 283.0 392.0 197.0 538.0 1004.0 352.0 64.0 850.0 446.0 721.0 755.0 386.0 585.0 1040.0 790.0 431.0 56.0 340.0 292.0 
679.0 834.0 500.0 167.0 374.0 762.0 998.0 188.0 801.0 937.0 896.0 739.0 601.0 798.0 550.0 311.0 476.0 695.0 702.0 908.0 677.0 1061.0 231.0 1176.0 1028.0 1135.0 816.0 608.0 940.0 468.0 124.0 0.0 382.0 822.0 649.0 202.0 1053.0 885.0 263.0 957.0 670.0 231.0 436.0 759.0 351.0 657.0 237.0 914.0 37.0 716.0 284.0 312.0 359.0 886.0 773.0 946.0 811.0 888.0 615.0 489.0 709.0 175.0 830.0 738.0 670.0 356.0 797.0 207.0 651.0 942.0 260.0 775.0 441.0 254.0 441.0 862.0 504.0 589.0 754.0 954.0 958.0 819.0 300.0 341.0 203.0 901.0 586.0 812.0 122.0 936.0 788.0 756.0 821.0 594.0 1068.0 447.0 622.0 488.0 376.0 894.0 600.0 514.0 690.0 174.0 125.0 671.0 525.0 214.0 916.0 693.0 566.0 42.0 616.0 905.0 841.0 786.0 1098.0 357.0 570.0 898.0 922.0 226.0 918.0 1158.0 891.0 350.0 546.0 688.0 1024.0 908.0 987.0 395.0 513.0 137.0 493.0 1096.0 371.0 121.0 874.0 570.0 807.0 795.0 461.0 708.0 1132.0 898.0 373.0 168.0 459.0 413.0 
303.0 678.0 500.0 519.0 378.0 442.0 850.0 201.0 456.0 690.0 1008.0 653.0 786.0 627.0 394.0 109.0 566.0 502.0 360.0 1037.0 666.0 946.0 586.0 997.0 840.0 978.0 933.0 430.0 851.0 279.0 262.0 382.0 0.0 722.0 335.0 555.0 916.0 699.0 181.0 942.0 701.0 610.0 223.0 504.0 42.0 835.0 244.0 821.0 358.0 535.0 358.0 194.0 459.0 722.0 406.0 1079.0 864.0 688.0 482.0 410.0 594.0 514.0 540.0 922.0 355.0 357.0 548.0 203.0 342.0 765.0 435.0 638.0 217.0 288.0 310.0 768.0 753.0 682.0 665.0 884.0 726.0 921.0 274.0 582.0 520.0 620.0 733.0 653.0 330.0 761.0 760.0 721.0 907.0 660.0 898.0 157.0 463.0 696.0 456.0 875.0 452.0 509.0 371.0 365.0 259.0 346.0 560.0 429.0 990.0 478.0 372.0 375.0 451.0 990.0 581.0 882.0 962.0 255.0 598.0 962.0 1049.0 543.0 998.0 989.0 636.0 566.0 759.0 647.0 940.0 840.0 927.0 214.0 132.0 446.0 743.0 904.0 498.0 270.0 928.0 203.0 659.0 809.0 413.0 338.0 937.0 646.0 658.0 241.0 79.0 144.0 
704.0 122.0 330.0 803.0 449.0 511.0 193.0 716.0 594.0 347.0 511.0 84.0 557.0 161.0 329.0 654.0 411.0 254.0 574.0 559.0 199.0 240.0 830.0 380.0 269.0 325.0 478.0 299.0 129.0 445.0 749.0 822.0 722.0 0.0 508.0 817.0 235.0 191.0 631.0 266.0 267.0 918.0 501.0 352.0 750.0 555.0 613.0 99.0 834.0 220.0 539.0 578.0 485.0 145.0 676.0 595.0 332.0 224.0 241.0 343.0 129.0 780.0 433.0 605.0 506.0 468.0 335.0 679.0 496.0 195.0 589.0 102.0 506.0 578.0 425.0 47.0 669.0 383.0 68.0 165.0 319.0 446.0 541.0 633.0 747.0 424.0 477.0 130.0 701.0 188.0 148.0 137.0 410.0 339.0 275.0 572.0 262.0 583.0 464.0 213.0 271.0 316.0 512.0 652.0 787.0 528.0 333.0 637.0 433.0 296.0 355.0 854.0 275.0 452.0 360.0 419.0 278.0 506.0 300.0 398.0 563.0 748.0 449.0 354.0 355.0 598.0 602.0 156.0 219.0 125.0 210.0 517.0 731.0 738.0 668.0 327.0 496.0 811.0 362.0 654.0 110.0 240.0 364.0 680.0 362.0 348.0 713.0 695.0 740.0 579.0 
196.0 421.0 455.0 737.0 415.0 114.0 578.0 467.0 164.0 367.0 934.0 467.0 811.0 367.0 253.0 346.0 570.0 255.0 82.0 974.0 547.0 690.0 796.0 696.0 542.0 691.0 873.0 235.0 625.0 221.0 529.0 649.0 335.0 508.0 0.0 768.0 646.0 416.0 387.0 767.0 610.0 850.0 224.0 192.0 375.0 843.0 425.0 596.0 637.0 289.0 468.0 342.0 521.0 453.0 192.0 1016.0 760.0 394.0 311.0 344.0 397.0 723.0 207.0 924.0 22.0 409.0 234.0 443.0 13.0 481.0 565.0 408.0 216.0 435.0 280.0 552.0 839.0 652.0 472.0 669.0 409.0 850.0 389.0 700.0 711.0 287.0 735.0 399.0 551.0 478.0 603.0 567.0 824.0 612.0 608.0 205.0 273.0 759.0 504.0 706.0 281.0 454.0 42.0 549.0 546.0 29.0 520.0 588.0 885.0 213.0 202.0 658.0 260.0 894.0 257.0 812.0 690.0 325.0 537.0 851.0 983.0 728.0 898.0 695.0 311.0 670.0 812.0 504.0 709.0 633.0 716.0 265.0 269.0 654.0 832.0 600.0 562.0 565.0 814.0 170.0 413.0 680.0 376.0 176.0 629.0 323.0 792.0 482.0 304.0 238.0 
836.0 857.0 489.0 37.0 401.0 876.0 1005.0 355.0 929.0 1001.0 774.0 735.0 461.0 832.0 609.0 465.0 417.0 751.0 833.0 776.0 641.0 1047.0 31.0 1191.0 1055.0 1140.0 696.0 668.0 920.0 559.0 298.0 202.0 555.0 817.0 768.0 0.0 1051.0 920.0 399.0 896.0 611.0 102.0 545.0 839.0 531.0 517.0 348.0 897.0 237.0 763.0 318.0 431.0 334.0 909.0 918.0 810.0 724.0 930.0 651.0 522.0 723.0 46.0 923.0 587.0 789.0 394.0 872.0 357.0 767.0 968.0 235.0 794.0 553.0 335.0 514.0 849.0 337.0 506.0 750.0 923.0 1013.0 706.0 382.0 213.0 71.0 986.0 471.0 838.0 229.0 961.0 748.0 722.0 716.0 526.0 1083.0 582.0 670.0 349.0 356.0 840.0 646.0 503.0 809.0 220.0 317.0 794.0 487.0 194.0 812.0 760.0 639.0 235.0 668.0 795.0 918.0 678.0 1093.0 447.0 528.0 800.0 790.0 72.0 810.0 1168.0 962.0 240.0 397.0 666.0 996.0 880.0 948.0 503.0 684.0 116.0 327.0 1122.0 321.0 319.0 783.0 724.0 829.0 731.0 486.0 859.0 1159.0 967.0 199.0 317.0 634.0 549.0 
834.0 238.0 565.0 1038.0 680.0 608.0 69.0 936.0 680.0 345.0 635.0 318.0 762.0 290.0 533.0 862.0 643.0 415.0 693.0 684.0 423.0 65.0 1065.0 161.0 150.0 94.0 629.0 488.0 154.0 645.0 974.0 1053.0 916.0 235.0 646.0 1051.0 0.0 232.0 848.0 320.0 478.0 1153.0 700.0 458.0 947.0 749.0 836.0 165.0 1063.0 381.0 771.0 793.0 720.0 196.0 777.0 711.0 483.0 257.0 450.0 567.0 346.0 1015.0 500.0 782.0 637.0 698.0 423.0 899.0 634.0 169.0 824.0 285.0 703.0 805.0 639.0 205.0 887.0 599.0 303.0 186.0 296.0 595.0 765.0 865.0 981.0 453.0 687.0 263.0 931.0 170.0 335.0 346.0 557.0 559.0 91.0 760.0 458.0 804.0 698.0 315.0 474.0 550.0 636.0 885.0 1011.0 658.0 567.0 872.0 541.0 445.0 545.0 1083.0 469.0 567.0 421.0 579.0 47.0 724.0 531.0 511.0 683.0 983.0 558.0 129.0 385.0 830.0 814.0 387.0 144.0 207.0 205.0 723.0 900.0 972.0 887.0 157.0 731.0 1034.0 484.0 811.0 259.0 405.0 593.0 800.0 179.0 373.0 942.0 919.0 919.0 774.0 
602.0 77.0 440.0 900.0 523.0 380.0 164.0 746.0 455.0 158.0 701.0 230.0 728.0 89.0 339.0 657.0 547.0 200.0 463.0 749.0 368.0 280.0 938.0 301.0 145.0 280.0 669.0 284.0 252.0 442.0 792.0 885.0 699.0 191.0 416.0 920.0 232.0 0.0 655.0 435.0 442.0 1019.0 493.0 227.0 734.0 734.0 655.0 230.0 889.0 172.0 614.0 599.0 590.0 53.0 549.0 785.0 522.0 35.0 272.0 402.0 205.0 879.0 277.0 789.0 406.0 536.0 193.0 711.0 404.0 67.0 685.0 137.0 494.0 632.0 449.0 210.0 826.0 548.0 219.0 303.0 129.0 637.0 587.0 760.0 850.0 247.0 646.0 87.0 764.0 64.0 338.0 322.0 601.0 502.0 199.0 543.0 264.0 737.0 567.0 393.0 285.0 427.0 405.0 728.0 825.0 427.0 468.0 729.0 621.0 222.0 337.0 911.0 271.0 642.0 198.0 608.0 275.0 536.0 446.0 587.0 753.0 856.0 638.0 291.0 176.0 724.0 765.0 315.0 318.0 283.0 346.0 522.0 673.0 826.0 823.0 213.0 612.0 848.0 551.0 581.0 103.0 431.0 435.0 570.0 249.0 166.0 848.0 736.0 696.0 561.0 
437.0 615.0 355.0 365.0 220.0 499.0 787.0 92.0 541.0 687.0 847.0 553.0 609.0 572.0 319.0 73.0 399.0 457.0 442.0 872.0 535.0 867.0 429.0 954.0 800.0 922.0 770.0 372.0 758.0 217.0 146.0 263.0 181.0 631.0 387.0 399.0 848.0 655.0 0.0 820.0 556.0 470.0 177.0 504.0 176.0 659.0 64.0 729.0 254.0 483.0 180.0 57.0 285.0 665.0 521.0 915.0 717.0 653.0 398.0 292.0 506.0 355.0 569.0 747.0 408.0 197.0 544.0 59.0 388.0 717.0 255.0 564.0 181.0 108.0 210.0 675.0 572.0 519.0 567.0 783.0 713.0 761.0 107.0 402.0 354.0 643.0 560.0 591.0 172.0 712.0 638.0 601.0 751.0 503.0 848.0 187.0 394.0 516.0 285.0 753.0 376.0 367.0 428.0 191.0 172.0 409.0 407.0 251.0 839.0 448.0 322.0 275.0 386.0 835.0 586.0 723.0 894.0 125.0 450.0 813.0 885.0 375.0 845.0 940.0 638.0 386.0 579.0 526.0 847.0 737.0 822.0 138.0 295.0 285.0 563.0 867.0 322.0 195.0 782.0 325.0 592.0 673.0 280.0 461.0 903.0 646.0 480.0 96.0 254.0 153.0 
963.0 380.0 470.0 894.0 608.0 776.0 337.0 894.0 859.0 590.0 319.0 304.0 510.0 425.0 559.0 859.0 486.0 515.0 837.0 367.0 287.0 267.0 901.0 474.0 445.0 401.0 327.0 544.0 191.0 668.0 912.0 957.0 942.0 266.0 767.0 896.0 320.0 435.0 820.0 0.0 289.0 995.0 723.0 617.0 964.0 482.0 785.0 207.0 977.0 482.0 684.0 774.0 598.0 382.0 940.0 392.0 198.0 469.0 474.0 535.0 372.0 870.0 696.0 493.0 767.0 630.0 599.0 857.0 755.0 408.0 701.0 367.0 731.0 742.0 633.0 230.0 654.0 393.0 296.0 142.0 552.0 293.0 717.0 687.0 831.0 680.0 453.0 393.0 844.0 403.0 183.0 222.0 257.0 371.0 406.0 802.0 505.0 585.0 583.0 68.0 507.0 457.0 774.0 785.0 953.0 789.0 434.0 749.0 223.0 558.0 596.0 995.0 519.0 250.0 621.0 288.0 332.0 701.0 388.0 195.0 366.0 825.0 240.0 439.0 609.0 657.0 575.0 297.0 181.0 152.0 116.0 729.0 971.0 846.0 657.0 474.0 591.0 975.0 174.0 904.0 373.0 166.0 541.0 941.0 498.0 600.0 743.0 863.0 972.0 803.0 
792.0 367.0 203.0 607.0 337.0 658.0 452.0 621.0 742.0 586.0 325.0 214.0 291.0 379.0 362.0 606.0 198.0 396.0 690.0 364.0 77.0 458.0 618.0 635.0 535.0 572.0 263.0 378.0 329.0 449.0 632.0 670.0 701.0 267.0 610.0 611.0 478.0 442.0 556.0 289.0 0.0 711.0 496.0 522.0 715.0 292.0 514.0 314.0 691.0 377.0 404.0 517.0 312.0 405.0 801.0 406.0 164.0 470.0 303.0 298.0 260.0 583.0 619.0 350.0 618.0 360.0 525.0 586.0 600.0 459.0 412.0 311.0 506.0 467.0 399.0 279.0 409.0 121.0 223.0 321.0 569.0 240.0 450.0 406.0 544.0 637.0 211.0 361.0 559.0 452.0 146.0 134.0 216.0 86.0 535.0 580.0 343.0 326.0 297.0 230.0 331.0 193.0 631.0 499.0 674.0 637.0 151.0 460.0 290.0 436.0 411.0 708.0 355.0 293.0 563.0 202.0 513.0 448.0 107.0 261.0 373.0 539.0 300.0 606.0 578.0 374.0 338.0 131.0 394.0 282.0 341.0 491.0 756.0 558.0 409.0 591.0 302.0 696.0 228.0 710.0 342.0 125.0 289.0 782.0 626.0 574.0 472.0 587.0 745.0 572.0 
