80 0.0 5
1 563 195
2 672 883
3 251 745
4 839 828
5 729 557
6 337 963
7 151 97
8 830 789
9 684 586
10 573 546
11 160 375
12 364 974
13 130 65
14 109 158
15 65 790
16 891 893
17 446 438
18 496 739
19 244 33
20 56 80
21 900 917
22 752 955
23 333 752
24 775 21
25 701 725
26 395 362
27 372 915
28 948 753
29 368 352
30 547 162
31 740 957
32 642 10
33 395 130
34 799 328
35 506 135
36 255 183
37 795 737
38 650 316
39 936 537
40 517 226
41 37 855
42 25 533
43 601 401
44 34 95
45 415 328
46 556 730
47 748 870
48 946 759
49 871 740
50 200 886
51 749 785
52 559 954
53 648 200
54 735 69
55 435 245
56 928 763
57 729 155
58 242 957
59 482 316
60 710 712
61 103 791
62 471 131
63 679 43
64 602 911
65 417 615
66 669 977
67 342 11
68 292 735
69 748 674
70 996 509
71 442 709
72 789 391
73 828 550
74 380 225
75 99 486
76 804 940
77 483 448
78 807 261
79 738 358
80 220 554
opening costs
766 945 949 980 278 341 592 406 367 229 416 367 149 73 717 315 238 652 732 881 230 937 292 919 53 449 822 855 406 645 870 489 903 634 595 495 673 223 739 443 241 690 466 930 186 571 338 537 959 1 436 849 225 871 582 45 846 660 76 133 583 440 207 796 391 945 277 199 830 832 607 473 965 919 143 961 455 583 992 773 
star costs
0.0 697.0 633.0 691.0 399.0 801.0 424.0 652.0 410.0 352.0 442.0 805.0 453.0 456.0 776.0 772.0 270.0 549.0 358.0 520.0 797.0 784.0 603.0 275.0 548.0 237.0 745.0 678.0 251.0 37.0 783.0 202.0 181.0 271.0 83.0 309.0 590.0 150.0 507.0 56.0 844.0 636.0 210.0 539.0 199.0 536.0 700.0 682.0 627.0 781.0 619.0 760.0 86.0 214.0 138.0 676.0 171.0 827.0 146.0 538.0 753.0 113.0 192.0 718.0 445.0 790.0 288.0 605.0 514.0 535.0 529.0 300.0 444.0 186.0 548.0 784.0 266.0 253.0 240.0 497.0 
697.0 0.0 444.0 176.0 331.0 345.0 943.0 184.0 298.0 352.0 722.0 322.0 982.0 918.0 615.0 220.0 500.0 228.0 952.0 1013.0 231.0 108.0 364.0 869.0 161.0 591.0 302.0 306.0 612.0 732.0 101.0 874.0 803.0 570.0 767.0 815.0 191.0 568.0 436.0 676.0 636.0 736.0 488.0 1014.0 612.0 193.0 78.0 301.0 246.0 473.0 125.0 134.0 684.0 817.0 681.0 283.0 731.0 437.0 598.0 176.0 577.0 779.0 841.0 76.0 370.0 95.0 933.0 408.0 223.0 495.0 289.0 506.0 368.0 720.0 698.0 144.0 475.0 637.0 530.0 560.0 
633.0 444.0 0.0 594.0 514.0 235.0 656.0 581.0 462.0 379.0 382.0 256.0 691.0 604.0 192.0 657.0 364.0 246.0 713.0 694.0 672.0 544.0 83.0 894.0 451.0 410.0 209.0 698.0 411.0 654.0 533.0 833.0 632.0 689.0 662.0 563.0 545.0 586.0 716.0 584.0 241.0 310.0 491.0 686.0 449.0 306.0 513.0 696.0 621.0 150.0 500.0 373.0 675.0 832.0 533.0 678.0 760.0 213.0 488.0 461.0 155.0 653.0 823.0 389.0 211.0 479.0 740.0 43.0 503.0 782.0 195.0 645.0 610.0 536.0 301.0 587.0 377.0 738.0 623.0 194.0 
691.0 176.0 594.0 0.0 293.0 520.0 1004.0 41.0 288.0 388.0 817.0 497.0 1042.0 991.0 775.0 84.0 554.0 355.0 994.0 1083.0 108.0 154.0 512.0 810.0 173.0 644.0 476.0 133.0 670.0 728.0 163.0 842.0 828.0 502.0 769.0 871.0 102.0 546.0 307.0 683.0 803.0 866.0 489.0 1089.0 656.0 300.0 101.0 128.0 94.0 642.0 100.0 308.0 657.0 767.0 710.0 111.0 682.0 611.0 625.0 174.0 737.0 789.0 802.0 252.0 473.0 227.0 957.0 555.0 179.0 356.0 415.0 440.0 279.0 758.0 816.0 118.0 521.0 568.0 481.0 677.0 
399.0 331.0 514.0 293.0 0.0 565.0 739.0 254.0 54.0 157.0 598.0 555.0 776.0 738.0 704.0 374.0 308.0 296.0 715.0 825.0 399.0 399.0 442.0 538.0 171.0 387.0 506.0 294.0 416.0 435.0 401.0 554.0 543.0 240.0 478.0 604.0 192.0 254.0 208.0 394.0 754.0 705.0 202.0 835.0 389.0 245.0 314.0 297.0 232.0 623.0 229.0 432.0 367.0 489.0 429.0 287.0 402.0 631.0 346.0 157.0 669.0 499.0 517.0 377.0 318.0 425.0 670.0 472.0 119.0 272.0 325.0 177.0 100.0 482.0 634.0 391.0 270.0 307.0 200.0 510.0 
801.0 345.0 235.0 520.0 565.0 0.0 886.0 523.0 513.0 480.0 615.0 30.0 922.0 837.0 323.0 559.0 537.0 275.0 935.0 927.0 565.0 416.0 212.0 1039.0 435.0 604.0 60.0 647.0 612.0 829.0 404.0 1001.0 836.0 786.0 846.0 785.0 511.0 719.0 736.0 759.0 319.0 532.0 621.0 920.0 640.0 320.0 422.0 643.0 579.0 158.0 449.0 223.0 824.0 979.0 725.0 624.0 899.0 96.0 664.0 450.0 291.0 843.0 982.0 271.0 358.0 333.0 953.0 233.0 503.0 801.0 275.0 730.0 642.0 740.0 534.0 468.0 536.0 845.0 726.0 426.0 
424.0 943.0 656.0 1004.0 739.0 886.0 0.0 970.0 724.0 617.0 279.0 903.0 39.0 75.0 699.0 1087.0 451.0 729.0 113.0 97.0 1111.0 1048.0 680.0 629.0 835.0 361.0 848.0 1033.0 335.0 402.0 1043.0 499.0 247.0 688.0 358.0 135.0 908.0 545.0 900.0 389.0 767.0 454.0 544.0 118.0 351.0 752.0 977.0 1035.0 966.0 791.0 912.0 950.0 508.0 585.0 321.0 1024.0 581.0 865.0 397.0 832.0 696.0 322.0 531.0 931.0 583.0 1022.0 210.0 654.0 831.0 941.0 678.0 703.0 815.0 263.0 393.0 1067.0 484.0 677.0 643.0 463.0 
652.0 184.0 581.0 41.0 254.0 523.0 970.0 0.0 251.0 354.0 788.0 502.0 1008.0 959.0 766.0 121.0 521.0 338.0 957.0 1050.0 146.0 184.0 499.0 770.0 145.0 610.0 476.0 124.0 636.0 688.0 191.0 802.0 790.0 463.0 730.0 836.0 63.0 507.0 274.0 645.0 796.0 845.0 451.0 1057.0 621.0 281.0 116.0 120.0 64.0 638.0 82.0 318.0 617.0 727.0 673.0 102.0 642.0 612.0 588.0 143.0 728.0 750.0 762.0 259.0 449.0 248.0 919.0 541.0 142.0 326.0 397.0 401.0 240.0 722.0 792.0 154.0 487.0 529.0 441.0 654.0 
410.0 298.0 462.0 288.0 54.0 513.0 724.0 251.0 0.0 118.0 565.0 503.0 761.0 717.0 652.0 371.0 281.0 243.0 707.0 807.0 396.0 376.0 389.0 573.0 141.0 366.0 454.0 313.0 394.0 446.0 376.0 578.0 540.0 283.0 485.0 589.0 188.0 273.0 257.0 397.0 701.0 662.0 203.0 815.0 373.0 193.0 292.0 314.0 243.0 570.0 210.0 389.0 388.0 520.0 423.0 302.0 434.0 578.0 338.0 129.0 617.0 503.0 544.0 336.0 269.0 392.0 670.0 420.0 109.0 322.0 272.0 222.0 149.0 472.0 594.0 374.0 244.0 348.0 235.0 466.0 
352.0 352.0 379.0 388.0 157.0 480.0 617.0 354.0 118.0 0.0 448.0 477.0 654.0 605.0 564.0 471.0 167.0 208.0 610.0 697.0 495.0 447.0 317.0 563.0 221.0 257.0 421.0 429.0 283.0 385.0 444.0 541.0 453.0 315.0 417.0 483.0 293.0 243.0 364.0 325.0 619.0 549.0 148.0 703.0 270.0 185.0 369.0 430.0 356.0 505.0 297.0 409.0 355.0 504.0 332.0 417.0 421.0 528.0 248.0 216.0 531.0 428.0 515.0 367.0 171.0 442.0 583.0 339.0 217.0 425.0 210.0 266.0 256.0 375.0 478.0 457.0 134.0 369.0 251.0 354.0 
442.0 722.0 382.0 817.0 598.0 615.0 279.0 788.0 565.0 448.0 0.0 633.0 312.0 223.0 426.0 896.0 293.0 496.0 353.0 313.0 918.0 829.0 415.0 710.0 645.0 236.0 581.0 874.0 210.0 442.0 822.0 605.0 340.0 641.0 422.0 215.0 731.0 494.0 793.0 387.0 496.0 208.0 442.0 308.0 260.0 532.0 769.0 875.0 800.0 513.0 718.0 704.0 519.0 652.0 305.0 861.0 611.0 588.0 328.0 646.0 420.0 396.0 617.0 695.0 352.0 789.0 407.0 384.0 660.0 847.0 438.0 630.0 691.0 267.0 127.0 857.0 332.0 657.0 579.0 189.0 
805.0 322.0 256.0 497.0 555.0 30.0 903.0 502.0 503.0 477.0 633.0 0.0 939.0 855.0 352.0 534.0 543.0 270.0 949.0 946.0 540.0 389.0 225.0 1038.0 420.0 613.0 60.0 625.0 623.0 833.0 377.0 1004.0 845.0 779.0 851.0 799.0 492.0 718.0 720.0 764.0 348.0 557.0 621.0 939.0 649.0 311.0 398.0 621.0 559.0 187.0 429.0 197.0 825.0 979.0 733.0 603.0 897.0 124.0 669.0 435.0 319.0 850.0 983.0 247.0 363.0 306.0 964.0 250.0 488.0 785.0 277.0 722.0 629.0 750.0 556.0 442.0 540.0 840.0 721.0 444.0 
453.0 982.0 691.0 1042.0 776.0 922.0 39.0 1008.0 761.0 654.0 312.0 939.0 0.0 96.0 728.0 1125.0 489.0 767.0 119.0 76.0 1149.0 1086.0 717.0 647.0 873.0 399.0 884.0 1069.0 373.0 429.0 1081.0 515.0 273.0 719.0 383.0 172.0 946.0 578.0 935.0 420.0 796.0 480.0 579.0 101.0 388.0 790.0 1015.0 1072.0 1003.0 824.0 950.0 988.0 536.0 606.0 355.0 1061.0 606.0 900.0 433.0 869.0 727.0 348.0 550.0 969.0 621.0 1060.0 219.0 690.0 868.0 974.0 716.0 736.0 850.0 297.0 423.0 1105.0 521.0 705.0 675.0 498.0 
456.0 918.0 604.0 991.0 738.0 837.0 75.0 959.0 717.0 605.0 223.0 855.0 96.0 0.0 634.0 1074.0 439.0 699.0 184.0 95.0 1097.0 1025.0 635.0 680.0 820.0 352.0 802.0 1029.0 324.0 439.0 1019.0 554.0 288.0 711.0 398.0 149.0 898.0 564.0 910.0 414.0 701.0 385.0 549.0 98.0 351.0 726.0 957.0 1031.0 959.0 734.0 896.0 915.0 541.0 633.0 338.0 1019.0 621.0 810.0 406.0 818.0 634.0 364.0 582.0 901.0 552.0 993.0 276.0 606.0 822.0 954.0 644.0 719.0 819.0 280.0 329.0 1047.0 474.0 706.0 661.0 412.0 
776.0 615.0 192.0 775.0 704.0 323.0 699.0 766.0 652.0 564.0 426.0 352.0 728.0 634.0 0.0 833.0 519.0 435.0 778.0 711.0 845.0 707.0 271.0 1047.0 640.0 541.0 332.0 884.0 533.0 792.0 696.0 971.0 738.0 868.0 790.0 637.0 732.0 753.0 908.0 723.0 71.0 261.0 663.0 696.0 580.0 495.0 688.0 882.0 808.0 166.0 685.0 521.0 830.0 985.0 659.0 864.0 919.0 244.0 632.0 650.0 39.0 775.0 967.0 551.0 394.0 633.0 827.0 234.0 693.0 973.0 386.0 827.0 800.0 647.0 306.0 755.0 541.0 912.0 800.0 283.0 
772.0 220.0 657.0 84.0 374.0 559.0 1087.0 121.0 371.0 471.0 896.0 534.0 1125.0 1074.0 833.0 0.0 637.0 424.0 1077.0 1166.0 26.0 153.0 576.0 880.0 254.0 727.0 520.0 152.0 753.0 808.0 165.0 918.0 911.0 573.0 851.0 954.0 184.0 626.0 359.0 765.0 855.0 938.0 572.0 1172.0 739.0 373.0 145.0 145.0 155.0 692.0 179.0 338.0 735.0 839.0 793.0 136.0 756.0 653.0 708.0 256.0 795.0 871.0 877.0 290.0 550.0 238.0 1039.0 620.0 262.0 399.0 486.0 513.0 349.0 842.0 891.0 99.0 604.0 638.0 557.0 752.0 
270.0 500.0 364.0 554.0 308.0 537.0 451.0 521.0 281.0 167.0 293.0 543.0 489.0 439.0 519.0 637.0 0.0 306.0 453.0 530.0 660.0 601.0 334.0 532.0 384.0 92.0 483.0 593.0 117.0 294.0 597.0 471.0 313.0 370.0 309.0 319.0 460.0 238.0 500.0 224.0 585.0 432.0 160.0 537.0 115.0 313.0 528.0 595.0 522.0 512.0 461.0 529.0 313.0 469.0 194.0 582.0 401.0 558.0 128.0 381.0 493.0 309.0 459.0 499.0 180.0 584.0 440.0 335.0 384.0 555.0 272.0 347.0 399.0 223.0 351.0 617.0 39.0 403.0 303.0 255.0 
549.0 228.0 246.0 355.0 296.0 275.0 729.0 338.0 243.0 208.0 496.0 270.0 767.0 699.0 435.0 424.0 306.0 0.0 750.0 793.0 442.0 335.0 164.0 771.0 206.0 391.0 216.0 453.0 408.0 580.0 328.0 744.0 618.0 511.0 605.0 606.0 300.0 451.0 485.0 514.0 474.0 515.0 354.0 793.0 419.0 61.0 285.0 451.0 376.0 331.0 258.0 225.0 561.0 712.0 498.0 433.0 629.0 335.0 424.0 216.0 397.0 609.0 720.0 203.0 148.0 295.0 745.0 205.0 261.0 551.0 62.0 455.0 383.0 527.0 471.0 368.0 292.0 571.0 452.0 333.0 
358.0 952.0 713.0 994.0 715.0 935.0 113.0 957.0 707.0 610.0 353.0 949.0 119.0 184.0 778.0 1077.0 453.0 750.0 0.0 194.0 1101.0 1053.0 725.0 532.0 830.0 362.0 892.0 1007.0 343.0 330.0 1049.0 399.0 180.0 629.0 282.0 151.0 894.0 495.0 857.0 335.0 848.0 546.0 513.0 219.0 341.0 764.0 978.0 1010.0 945.0 855.0 906.0 974.0 438.0 493.0 286.0 1001.0 501.0 925.0 370.0 824.0 772.0 248.0 436.0 949.0 608.0 1036.0 101.0 704.0 816.0 890.0 705.0 653.0 780.0 236.0 476.0 1066.0 479.0 608.0 592.0 522.0 
520.0 1013.0 694.0 1083.0 825.0 927.0 97.0 1050.0 807.0 697.0 313.0 946.0 76.0 95.0 711.0 1166.0 530.0 793.0 194.0 0.0 1189.0 1119.0 727.0 722.0 913.0 441.0 893.0 1118.0 414.0 498.0 1113.0 591.0 343.0 784.0 454.0 225.0 989.0 640.0 992.0 484.0 776.0 455.0 633.0 27.0 437.0 821.0 1051.0 1120.0 1049.0 819.0 989.0 1009.0 605.0 680.0 414.0 1108.0 678.0 897.0 488.0 910.0 713.0 419.0 625.0 995.0 646.0 1087.0 295.0 697.0 912.0 1034.0 738.0 797.0 904.0 355.0 409.0 1140.0 564.0 773.0 737.0 502.0 
797.0 231.0 672.0 108.0 399.0 565.0 1111.0 146.0 396.0 495.0 918.0 540.0 1149.0 1097.0 845.0 26.0 660.0 442.0 1101.0 1189.0 0.0 153.0 591.0 905.0 277.0 751.0 529.0 171.0 777.0 834.0 165.0 943.0 936.0 598.0 876.0 978.0 209.0 651.0 382.0 791.0 866.0 956.0 597.0 1195.0 763.0 392.0 160.0 165.0 180.0 701.0 201.0 344.0 760.0 864.0 818.0 157.0 781.0 660.0 733.0 280.0 807.0 896.0 902.0 299.0 570.0 239.0 1065.0 635.0 287.0 420.0 504.0 538.0 374.0 866.0 910.0 99.0 628.0 663.0 583.0 771.0 
784.0 108.0 544.0 154.0 399.0 416.0 1048.0 184.0 376.0 447.0 829.0 389.0 1086.0 1025.0 707.0 153.0 601.0 335.0 1053.0 1119.0 153.0 0.0 466.0 935.0 236.0 693.0 383.0 282.0 715.0 820.0 13.0 952.0 899.0 629.0 857.0 919.0 223.0 648.0 457.0 766.0 722.0 841.0 575.0 1121.0 712.0 299.0 86.0 276.0 246.0 557.0 171.0 194.0 763.0 887.0 778.0 261.0 801.0 511.0 694.0 247.0 670.0 871.0 915.0 157.0 478.0 86.0 1030.0 510.0 282.0 509.0 396.0 566.0 413.0 820.0 804.0 55.0 574.0 697.0 598.0 667.0 
603.0 364.0 83.0 512.0 442.0 212.0 680.0 499.0 389.0 317.0 415.0 225.0 717.0 635.0 271.0 576.0 334.0 164.0 725.0 727.0 591.0 466.0 0.0 855.0 369.0 395.0 168.0 616.0 402.0 628.0 456.0 804.0 626.0 631.0 641.0 575.0 463.0 540.0 641.0 558.0 314.0 378.0 442.0 722.0 432.0 225.0 432.0 614.0 539.0 189.0 418.0 304.0 636.0 793.0 518.0 596.0 717.0 225.0 461.0 380.0 234.0 637.0 789.0 313.0 161.0 405.0 742.0 45.0 423.0 707.0 118.0 582.0 535.0 530.0 355.0 508.0 339.0 683.0 566.0 228.0 
275.0 869.0 894.0 810.0 538.0 1039.0 629.0 770.0 573.0 563.0 710.0 1038.0 647.0 680.0 1047.0 880.0 532.0 771.0 532.0 722.0 905.0 935.0 855.0 0.0 708.0 511.0 981.0 753.0 525.0 269.0 937.0 134.0 396.0 308.0 293.0 545.0 717.0 321.0 541.0 330.0 1114.0 909.0 418.0 745.0 474.0 743.0 850.0 758.0 726.0 1039.0 765.0 958.0 220.0 63.0 408.0 758.0 142.0 1078.0 416.0 695.0 1022.0 324.0 99.0 907.0 694.0 962.0 434.0 863.0 654.0 536.0 765.0 371.0 532.0 445.0 821.0 920.0 518.0 243.0 340.0 770.0 
548.0 161.0 451.0 173.0 171.0 435.0 835.0 145.0 141.0 221.0 645.0 420.0 873.0 820.0 640.0 254.0 384.0 206.0 830.0 913.0 277.0 236.0 369.0 708.0 0.0 475.0 380.0 249.0 501.0 584.0 236.0 718.0 670.0 409.0 622.0 702.0 95.0 413.0 301.0 532.0 677.0 703.0 340.0 918.0 490.0 146.0 153.0 248.0 171.0 527.0 77.0 270.0 528.0 657.0 549.0 231.0 571.0 515.0 464.0 16.0 602.0 637.0 683.0 211.0 305.0 255.0 800.0 410.0 70.0 366.0 260.0 346.0 217.0 595.0 648.0 239.0 353.0 476.0 369.0 511.0 
237.0 591.0 410.0 644.0 387.0 604.0 361.0 610.0 366.0 257.0 236.0 613.0 399.0 352.0 541.0 727.0 92.0 391.0 362.0 441.0 751.0 693.0 395.0 511.0 475.0 0.0 554.0 678.0 29.0 252.0 688.0 431.0 232.0 406.0 253.0 228.0 549.0 260.0 569.0 183.0 610.0 408.0 210.0 450.0 40.0 402.0 619.0 680.0 608.0 560.0 552.0 615.0 301.0 449.0 124.0 668.0 393.0 615.0 99.0 471.0 519.0 244.0 428.0 587.0 254.0 674.0 355.0 387.0 472.0 619.0 351.0 396.0 473.0 138.0 321.0 709.0 124.0 425.0 344.0 260.0 
745.0 302.0 209.0 476.0 506.0 60.0 848.0 476.0 454.0 421.0 581.0 60.0 884.0 802.0 332.0 520.0 483.0 216.0 892.0 893.0 529.0 383.0 168.0 981.0 380.0 554.0 0.0 599.0 564.0 774.0 371.0 945.0 786.0 726.0 792.0 742.0 459.0 661.0 679.0 705.0 341.0 517.0 563.0 887.0 589.0 261.0 379.0 595.0 529.0 175.0 399.0 192.0 767.0 921.0 673.0 577.0 840.0 137.0 610.0 395.0 297.0 791.0 925.0 231.0 304.0 304.0 905.0 197.0 447.0 745.0 218.0 670.0 585.0 691.0 509.0 433.0 481.0 786.0 667.0 392.0 
678.0 306.0 698.0 133.0 294.0 647.0 1033.0 124.0 313.0 429.0 874.0 625.0 1069.0 1029.0 884.0 152.0 593.0 453.0 1007.0 1118.0 171.0 282.0 616.0 753.0 249.0 678.0 599.0 0.0 706.0 715.0 292.0 804.0 834.0 451.0 760.0 898.0 154.0 529.0 217.0 681.0 917.0 949.0 495.0 1127.0 682.0 393.0 232.0 7.0 79.0 760.0 202.0 438.0 630.0 717.0 722.0 23.0 637.0 735.0 639.0 242.0 846.0 784.0 760.0 381.0 549.0 358.0 959.0 657.0 216.0 249.0 508.0 396.0 236.0 776.0 890.0 237.0 557.0 512.0 448.0 755.0 
251.0 612.0 411.0 670.0 416.0 612.0 335.0 636.0 394.0 283.0 210.0 623.0 373.0 324.0 533.0 753.0 117.0 408.0 343.0 414.0 777.0 715.0 402.0 525.0 501.0 29.0 564.0 706.0 0.0 262.0 711.0 439.0 224.0 432.0 258.0 204.0 575.0 285.0 598.0 196.0 603.0 388.0 239.0 422.0 53.0 423.0 643.0 707.0 636.0 560.0 577.0 632.0 319.0 464.0 127.0 695.0 412.0 618.0 120.0 497.0 513.0 244.0 439.0 607.0 268.0 694.0 342.0 391.0 499.0 648.0 365.0 423.0 501.0 128.0 301.0 733.0 150.0 449.0 371.0 251.0 
37.0 732.0 654.0 728.0 435.0 829.0 402.0 688.0 446.0 385.0 442.0 833.0 429.0 439.0 792.0 808.0 294.0 580.0 330.0 498.0 834.0 820.0 628.0 269.0 584.0 252.0 774.0 715.0 262.0 0.0 819.0 180.0 156.0 302.0 50.0 293.0 627.0 186.0 541.0 71.0 861.0 641.0 246.0 518.0 213.0 569.0 736.0 719.0 663.0 803.0 655.0 793.0 108.0 210.0 140.0 712.0 183.0 852.0 168.0 574.0 770.0 83.0 178.0 752.0 472.0 825.0 255.0 628.0 551.0 568.0 557.0 334.0 480.0 179.0 553.0 820.0 294.0 279.0 274.0 511.0 
783.0 101.0 533.0 163.0 401.0 404.0 1043.0 191.0 376.0 444.0 822.0 377.0 1081.0 1019.0 696.0 165.0 597.0 328.0 1049.0 1113.0 165.0 13.0 456.0 937.0 236.0 688.0 371.0 292.0 711.0 819.0 0.0 953.0 897.0 632.0 855.0 914.0 227.0 648.0 464.0 765.0 711.0 832.0 574.0 1115.0 709.0 293.0 88.0 286.0 254.0 545.0 173.0 182.0 763.0 889.0 775.0 271.0 803.0 498.0 691.0 247.0 659.0 869.0 917.0 146.0 471.0 74.0 1027.0 500.0 284.0 516.0 388.0 569.0 417.0 816.0 796.0 67.0 571.0 700.0 600.0 658.0 
202.0 874.0 833.0 842.0 554.0 1001.0 499.0 802.0 578.0 541.0 605.0 1004.0 515.0 554.0 971.0 918.0 471.0 744.0 399.0 591.0 943.0 952.0 804.0 134.0 718.0 431.0 945.0 804.0 439.0 180.0 953.0 0.0 275.0 355.0 185.0 424.0 743.0 307.0 604.0 250.0 1040.0 809.0 394.0 614.0 391.0 726.0 867.0 809.0 766.0 982.0 783.0 948.0 191.0 111.0 314.0 806.0 170.0 1029.0 346.0 706.0 949.0 210.0 50.0 902.0 646.0 968.0 301.0 806.0 673.0 612.0 728.0 409.0 572.0 339.0 723.0 945.0 466.0 301.0 361.0 689.0 
181.0 803.0 632.0 828.0 543.0 836.0 247.0 790.0 540.0 453.0 340.0 845.0 273.0 288.0 738.0 911.0 313.0 618.0 180.0 343.0 936.0 899.0 626.0 396.0 670.0 232.0 786.0 834.0 224.0 156.0 897.0 275.0 0.0 450.0 112.0 150.0 727.0 316.0 678.0 156.0 809.0 548.0 341.0 363.0 200.0 622.0 820.0 837.0 774.0 781.0 745.0 841.0 263.0 346.0 122.0 828.0 335.0 842.0 206.0 662.0 723.0 77.0 298.0 808.0 486.0 891.0 131.0 614.0 649.0 711.0 581.0 473.0 604.0 97.0 463.0 908.0 330.0 433.0 412.0 459.0 
271.0 570.0 689.0 502.0 240.0 786.0 688.0 463.0 283.0 315.0 641.0 779.0 719.0 711.0 868.0 573.0 370.0 511.0 629.0 784.0 598.0 629.0 631.0 308.0 409.0 406.0 726.0 451.0 432.0 302.0 632.0 355.0 450.0 0.0 351.0 563.0 410.0 150.0 250.0 300.0 927.0 801.0 212.0 800.0 384.0 470.0 545.0 456.0 419.0 819.0 460.0 671.0 198.0 267.0 374.0 454.0 187.0 841.0 318.0 395.0 836.0 383.0 310.0 616.0 478.0 662.0 557.0 651.0 350.0 268.0 523.0 64.0 224.0 432.0 718.0 613.0 339.0 68.0 68.0 622.0 
83.0 767.0 662.0 769.0 478.0 846.0 358.0 730.0 485.0 417.0 422.0 851.0 383.0 398.0 790.0 851.0 309.0 605.0 282.0 454.0 876.0 857.0 641.0 293.0 622.0 253.0 792.0 760.0 258.0 50.0 855.0 185.0 112.0 351.0 0.0 256.0 668.0 232.0 589.0 92.0 860.0 625.0 283.0 474.0 214.0 598.0 774.0 764.0 707.0 811.0 694.0 821.0 157.0 239.0 131.0 757.0 224.0 864.0 183.0 613.0 770.0 36.0 196.0 782.0 489.0 858.0 206.0 638.0 591.0 617.0 578.0 382.0 526.0 155.0 538.0 859.0 314.0 327.0 322.0 508.0 
309.0 815.0 563.0 871.0 604.0 785.0 135.0 836.0 589.0 483.0 215.0 799.0 172.0 149.0 637.0 954.0 319.0 606.0 151.0 225.0 978.0 919.0 575.0 545.0 702.0 228.0 742.0 898.0 204.0 293.0 914.0 424.0 150.0 563.0 256.0 0.0 774.0 417.0 768.0 266.0 707.0 419.0 409.0 238.0 216.0 625.0 846.0 900.0 831.0 706.0 779.0 829.0 394.0 494.0 191.0 889.0 475.0 775.0 264.0 698.0 627.0 223.0 447.0 807.0 462.0 896.0 193.0 554.0 696.0 810.0 559.0 574.0 681.0 132.0 341.0 936.0 350.0 558.0 514.0 373.0 
590.0 191.0 545.0 102.0 192.0 511.0 908.0 63.0 188.0 293.0 731.0 492.0 946.0 898.0 732.0 184.0 460.0 300.0 894.0 989.0 209.0 223.0 463.0 717.0 95.0 549.0 459.0 154.0 575.0 627.0 227.0 743.0 727.0 410.0 668.0 774.0 0.0 446.0 245.0 582.0 768.0 797.0 388.0 996.0 559.0 240.0 142.0 153.0 77.0 614.0 67.0 321.0 557.0 671.0 610.0 136.0 586.0 596.0 525.0 89.0 695.0 688.0 704.0 260.0 398.0 272.0 856.0 504.0 79.0 304.0 355.0 347.0 190.0 660.0 740.0 204.0 426.0 477.0 384.0 604.0 
150.0 568.0 586.0 546.0 254.0 719.0 545.0 507.0 273.0 243.0 494.0 718.0 578.0 564.0 753.0 626.0 238.0 451.0 495.0 640.0 651.0 648.0 540.0 321.0 413.0 260.0 661.0 529.0 285.0 186.0 648.0 307.0 316.0 150.0 232.0 417.0 446.0 0.0 362.0 161.0 817.0 662.0 99.0 655.0 236.0 425.0 563.0 533.0 479.0 727.0 480.0 645.0 117.0 262.0 227.0 527.0 180.0 760.0 168.0 401.0 725.0 258.0 275.0 597.0 380.0 662.0 434.0 552.0 372.0 397.0 445.0 158.0 295.0 285.0 577.0 643.0 213.0 167.0 98.0 492.0 
507.0 436.0 716.0 307.0 208.0 736.0 900.0 274.0 257.0 364.0 793.0 720.0 935.0 910.0 908.0 359.0 500.0 485.0 857.0 992.0 382.0 457.0 641.0 541.0 301.0 569.0 679.0 217.0 598.0 541.0 464.0 604.0 678.0 250.0 589.0 768.0 245.0 362.0 0.0 522.0 954.0 912.0 362.0 1005.0 562.0 427.0 383.0 223.0 214.0 815.0 311.0 563.0 444.0 510.0 580.0 227.0 435.0 812.0 505.0 286.0 871.0 618.0 557.0 502.0 525.0 515.0 794.0 674.0 233.0 67.0 524.0 208.0 109.0 638.0 839.0 425.0 462.0 305.0 267.0 717.0 
56.0 676.0 584.0 683.0 394.0 759.0 389.0 645.0 397.0 325.0 387.0 764.0 420.0 414.0 723.0 765.0 224.0 514.0 335.0 484.0 791.0 766.0 558.0 330.0 532.0 183.0 705.0 681.0 196.0 71.0 765.0 250.0 156.0 300.0 92.0 266.0 582.0 161.0 522.0 0.0 792.0 580.0 195.0 501.0 145.0 506.0 685.0 685.0 625.0 733.0 606.0 730.0 134.0 269.0 85.0 677.0 224.0 782.0 97.0 523.0 701.0 106.0 245.0 691.0 402.0 767.0 278.0 557.0 505.0 557.0 489.0 319.0 450.0 138.0 493.0 770.0 225.0 293.0 258.0 443.0 
844.0 636.0 241.0 803.0 754.0 319.0 767.0 796.0 701.0 619.0 496.0 348.0 796.0 701.0 71.0 855.0 585.0 474.0 848.0 776.0 866.0 722.0 314.0 1114.0 677.0 610.0 341.0 917.0 603.0 861.0 711.0 1040.0 809.0 927.0 860.0 707.0 768.0 817.0 954.0 792.0 0.0 323.0 725.0 761.0 649.0 534.0 712.0 915.0 842.0 166.0 716.0 532.0 896.0 1052.0 729.0 896.0 985.0 229.0 699.0 689.0 92.0 845.0 1036.0 568.0 450.0 644.0 898.0 282.0 734.0 1020.0 431.0 884.0 848.0 718.0 375.0 772.0 604.0 973.0 860.0 353.0 
636.0 736.0 310.0 866.0 705.0 532.0 454.0 845.0 662.0 549.0 208.0 557.0 480.0 385.0 261.0 938.0 432.0 515.0 546.0 455.0 956.0 841.0 378.0 909.0 703.0 408.0 517.0 949.0 388.0 641.0 832.0 809.0 548.0 801.0 625.0 419.0 797.0 662.0 912.0 580.0 323.0 0.0 591.0 439.0 441.0 567.0 798.0 949.0 871.0 394.0 767.0 680.0 707.0 849.0 502.0 932.0 800.0 477.0 506.0 709.0 270.0 601.0 818.0 690.0 401.0 783.0 611.0 335.0 737.0 972.0 453.0 778.0 804.0 470.0 88.0 879.0 466.0 828.0 735.0 197.0 
210.0 488.0 491.0 489.0 202.0 621.0 544.0 451.0 203.0 148.0 442.0 621.0 579.0 549.0 663.0 572.0 160.0 354.0 513.0 633.0 597.0 575.0 442.0 418.0 340.0 210.0 563.0 495.0 239.0 246.0 574.0 394.0 341.0 212.0 283.0 409.0 388.0 99.0 362.0 195.0 725.0 591.0 0.0 645.0 200.0 333.0 492.0 498.0 434.0 630.0 412.0 555.0 207.0 359.0 228.0 488.0 278.0 662.0 147.0 330.0 633.0 300.0 367.0 511.0 283.0 580.0 469.0 456.0 311.0 410.0 347.0 189.0 272.0 283.0 510.0 576.0 128.0 250.0 144.0 411.0 
539.0 1014.0 686.0 1089.0 835.0 920.0 118.0 1057.0 815.0 703.0 308.0 939.0 101.0 98.0 696.0 1172.0 537.0 793.0 219.0 27.0 1195.0 1121.0 722.0 745.0 918.0 450.0 887.0 1127.0 422.0 518.0 1115.0 614.0 363.0 800.0 474.0 238.0 996.0 655.0 1005.0 501.0 761.0 439.0 645.0 0.0 447.0 823.0 1054.0 1129.0 1057.0 809.0 994.0 1007.0 623.0 702.0 429.0 1117.0 698.0 887.0 500.0 916.0 700.0 439.0 648.0 995.0 646.0 1087.0 320.0 691.0 920.0 1048.0 738.0 811.0 916.0 370.0 397.0 1144.0 572.0 791.0 752.0 496.0 
199.0 612.0 449.0 656.0 389.0 640.0 351.0 621.0 373.0 270.0 260.0 649.0 388.0 351.0 580.0 739.0 115.0 419.0 341.0 437.0 763.0 712.0 432.0 474.0 490.0 40.0 589.0 682.0 53.0 213.0 709.0 391.0 200.0 384.0 214.0 216.0 559.0 236.0 562.0 145.0 649.0 441.0 200.0 447.0 0.0 427.0 637.0 684.0 615.0 598.0 567.0 643.0 266.0 412.0 86.0 673.0 359.0 653.0 69.0 485.0 559.0 205.0 389.0 613.0 288.0 697.0 326.0 426.0 481.0 609.0 382.0 380.0 469.0 109.0 354.0 726.0 138.0 398.0 325.0 299.0 
536.0 193.0 306.0 300.0 245.0 320.0 752.0 281.0 193.0 185.0 532.0 311.0 790.0 726.0 495.0 373.0 313.0 61.0 764.0 821.0 392.0 299.0 225.0 743.0 146.0 402.0 261.0 393.0 423.0 569.0 293.0 726.0 622.0 470.0 598.0 625.0 240.0 425.0 427.0 506.0 534.0 567.0 333.0 823.0 427.0 0.0 238.0 392.0 316.0 389.0 201.0 225.0 538.0 685.0 500.0 374.0 601.0 388.0 421.0 156.0 458.0 606.0 698.0 187.0 181.0 272.0 751.0 265.0 200.0 493.0 116.0 412.0 327.0 535.0 519.0 325.0 292.0 532.0 415.0 380.0 
700.0 78.0 513.0 101.0 314.0 422.0 977.0 116.0 292.0 369.0 769.0 398.0 1015.0 957.0 688.0 145.0 528.0 285.0 978.0 1051.0 160.0 86.0 432.0 850.0 153.0 619.0 379.0 232.0 643.0 736.0 88.0 867.0 820.0 545.0 774.0 846.0 142.0 563.0 383.0 685.0 712.0 798.0 492.0 1054.0 637.0 238.0 0.0 227.0 179.0 549.0 86.0 207.0 678.0 802.0 699.0 210.0 716.0 514.0 615.0 163.0 650.0 790.0 830.0 152.0 418.0 134.0 951.0 476.0 196.0 438.0 346.0 481.0 330.0 743.0 755.0 90.0 499.0 612.0 513.0 616.0 
682.0 301.0 696.0 128.0 297.0 643.0 1035.0 120.0 314.0 430.0 875.0 621.0 1072.0 1031.0 882.0 145.0 595.0 451.0 1010.0 1120.0 165.0 276.0 614.0 758.0 248.0 680.0 595.0 7.0 707.0 719.0 286.0 809.0 837.0 456.0 764.0 900.0 153.0 533.0 223.0 685.0 915.0 949.0 498.0 1129.0 684.0 392.0 227.0 0.0 78.0 757.0 199.0 434.0 634.0 722.0 725.0 19.0 642.0 732.0 642.0 241.0 844.0 788.0 765.0 377.0 549.0 353.0 962.0 655.0 216.0 255.0 507.0 401.0 241.0 779.0 890.0 231.0 558.0 518.0 452.0 755.0 
627.0 246.0 621.0 94.0 232.0 579.0 966.0 64.0 243.0 356.0 800.0 559.0 1003.0 959.0 808.0 155.0 522.0 376.0 945.0 1049.0 180.0 246.0 539.0 726.0 171.0 608.0 529.0 79.0 636.0 663.0 254.0 766.0 774.0 419.0 707.0 831.0 77.0 479.0 214.0 625.0 842.0 871.0 434.0 1057.0 615.0 316.0 179.0 78.0 0.0 687.0 131.0 379.0 585.0 685.0 660.0 62.0 602.0 666.0 576.0 164.0 770.0 729.0 723.0 319.0 471.0 312.0 901.0 580.0 140.0 263.0 431.0 359.0 195.0 712.0 813.0 211.0 486.0 484.0 405.0 678.0 
781.0 473.0 150.0 642.0 623.0 158.0 791.0 638.0 570.0 505.0 513.0 187.0 824.0 734.0 166.0 692.0 512.0 331.0 855.0 819.0 701.0 557.0 189.0 1039.0 527.0 560.0 175.0 760.0 560.0 803.0 545.0 982.0 781.0 819.0 811.0 706.0 614.0 727.0 815.0 733.0 166.0 394.0 630.0 809.0 598.0 389.0 549.0 757.0 687.0 0.0 559.0 366.0 820.0 977.0 683.0 739.0 903.0 83.0 636.0 539.0 136.0 803.0 970.0 403.0 348.0 478.0 887.0 177.0 588.0 881.0 300.0 770.0 713.0 686.0 413.0 607.0 522.0 872.0 754.0 333.0 
619.0 125.0 500.0 100.0 229.0 449.0 912.0 82.0 210.0 297.0 718.0 429.0 950.0 896.0 685.0 179.0 461.0 258.0 906.0 989.0 201.0 171.0 418.0 765.0 77.0 552.0 399.0 202.0 577.0 655.0 173.0 783.0 745.0 460.0 694.0 779.0 67.0 480.0 311.0 606.0 716.0 767.0 412.0 994.0 567.0 201.0 86.0 199.0 131.0 559.0 0.0 255.0 594.0 717.0 625.0 181.0 631.0 536.0 540.0 83.0 647.0 711.0 746.0 194.0 373.0 208.0 875.0 460.0 112.0 371.0 317.0 397.0 248.0 671.0 716.0 165.0 430.0 528.0 428.0 578.0 
760.0 134.0 373.0 308.0 432.0 223.0 950.0 318.0 389.0 409.0 704.0 197.0 988.0 915.0 521.0 338.0 529.0 225.0 974.0 1009.0 344.0 194.0 304.0 958.0 270.0 615.0 192.0 438.0 632.0 793.0 182.0 948.0 841.0 671.0 821.0 829.0 321.0 645.0 563.0 730.0 532.0 680.0 555.0 1007.0 643.0 225.0 207.0 434.0 379.0 366.0 255.0 0.0 760.0 903.0 720.0 416.0 817.0 318.0 643.0 286.0 485.0 828.0 919.0 61.0 368.0 113.0 968.0 346.0 338.0 624.0 272.0 609.0 486.0 751.0 657.0 246.0 512.0 737.0 623.0 525.0 
86.0 684.0 675.0 657.0 367.0 824.0 508.0 617.0 388.0 355.0 519.0 825.0 536.0 541.0 830.0 735.0 313.0 561.0 438.0 605.0 760.0 763.0 636.0 220.0 528.0 301.0 767.0 630.0 319.0 108.0 763.0 191.0 263.0 198.0 157.0 394.0 557.0 117.0 444.0 134.0 896.0 707.0 207.0 623.0 266.0 538.0 678.0 634.0 585.0 820.0 594.0 760.0 0.0 158.0 218.0 629.0 93.0 860.0 203.0 516.0 804.0 190.0 161.0 713.0 475.0 778.0 360.0 643.0 485.0 466.0 550.0 238.0 394.0 270.0 620.0 757.0 298.0 171.0 182.0 556.0 
214.0 817.0 832.0 767.0 489.0 979.0 585.0 727.0 520.0 504.0 652.0 979.0 606.0 633.0 985.0 839.0 469.0 712.0 493.0 680.0 864.0 887.0 793.0 63.0 657.0 449.0 921.0 717.0 464.0 210.0 889.0 111.0 346.0 267.0 239.0 494.0 671.0 262.0 510.0 269.0 1052.0 849.0 359.0 702.0 412.0 685.0 802.0 722.0 685.0 977.0 717.0 903.0 158.0 0.0 348.0 721.0 87.0 1016.0 354.0 644.0 960.0 272.0 62.0 853.0 632.0 911.0 398.0 800.0 606.0 512.0 704.0 327.0 490.0 388.0 761.0 874.0 456.0 206.0 290.0 708.0 
138.0 681.0 533.0 710.0 429.0 725.0 321.0 673.0 423.0 332.0 305.0 733.0 355.0 338.0 659.0 793.0 194.0 498.0 286.0 414.0 818.0 778.0 518.0 408.0 549.0 124.0 673.0 722.0 127.0 140.0 775.0 314.0 122.0 374.0 131.0 191.0 610.0 227.0 580.0 85.0 729.0 502.0 228.0 429.0 86.0 500.0 699.0 725.0 660.0 683.0 625.0 720.0 218.0 348.0 0.0 716.0 308.0 738.0 86.0 542.0 640.0 120.0 317.0 687.0 371.0 769.0 252.0 511.0 532.0 621.0 465.0 383.0 498.0 59.0 414.0 787.0 209.0 373.0 324.0 377.0 
676.0 283.0 678.0 111.0 287.0 624.0 1024.0 102.0 302.0 417.0 861.0 603.0 1061.0 1019.0 864.0 136.0 582.0 433.0 1001.0 1108.0 157.0 261.0 596.0 758.0 231.0 668.0 577.0 23.0 695.0 712.0 271.0 806.0 828.0 454.0 757.0 889.0 136.0 527.0 227.0 677.0 896.0 932.0 488.0 1117.0 673.0 374.0 210.0 19.0 62.0 739.0 181.0 416.0 629.0 721.0 716.0 0.0 640.0 713.0 632.0 224.0 826.0 780.0 762.0 359.0 533.0 336.0 954.0 637.0 201.0 263.0 489.0 398.0 236.0 768.0 875.0 217.0 546.0 517.0 448.0 739.0 
171.0 731.0 760.0 682.0 402.0 899.0 581.0 642.0 434.0 421.0 611.0 897.0 606.0 621.0 919.0 756.0 401.0 629.0 501.0 678.0 781.0 801.0 717.0 142.0 571.0 393.0 840.0 637.0 412.0 183.0 803.0 170.0 335.0 187.0 224.0 475.0 586.0 180.0 435.0 224.0 985.0 800.0 278.0 698.0 359.0 601.0 716.0 642.0 602.0 903.0 631.0 817.0 93.0 87.0 308.0 640.0 0.0 939.0 295.0 558.0 893.0 260.0 123.0 767.0 556.0 825.0 413.0 727.0 520.0 444.0 624.0 244.0 408.0 356.0 712.0 789.0 383.0 132.0 204.0 647.0 
827.0 437.0 213.0 611.0 631.0 96.0 865.0 612.0 578.0 528.0 588.0 124.0 900.0 810.0 244.0 653.0 558.0 335.0 925.0 897.0 660.0 511.0 225.0 1078.0 515.0 615.0 137.0 735.0 618.0 852.0 498.0 1029.0 842.0 841.0 864.0 775.0 596.0 760.0 812.0 782.0 229.0 477.0 662.0 887.0 653.0 388.0 514.0 732.0 666.0 83.0 536.0 318.0 860.0 1016.0 738.0 713.0 939.0 0.0 685.0 529.0 217.0 858.0 1014.0 363.0 385.0 428.0 952.0 228.0 580.0 878.0 319.0 788.0 714.0 745.0 493.0 563.0 564.0 897.0 778.0 404.0 
146.0 598.0 488.0 625.0 346.0 664.0 397.0 588.0 338.0 248.0 328.0 669.0 433.0 406.0 632.0 708.0 128.0 424.0 370.0 488.0 733.0 694.0 461.0 416.0 464.0 99.0 610.0 639.0 120.0 168.0 691.0 346.0 206.0 318.0 183.0 264.0 525.0 168.0 505.0 97.0 699.0 506.0 147.0 500.0 69.0 421.0 615.0 642.0 576.0 636.0 540.0 643.0 203.0 354.0 86.0 632.0 295.0 685.0 0.0 457.0 608.0 186.0 337.0 607.0 306.0 687.0 336.0 461.0 447.0 550.0 396.0 317.0 418.0 137.0 420.0 703.0 133.0 330.0 260.0 354.0 
538.0 176.0 461.0 174.0 157.0 450.0 832.0 143.0 129.0 216.0 646.0 435.0 869.0 818.0 650.0 256.0 381.0 216.0 824.0 910.0 280.0 247.0 380.0 695.0 16.0 471.0 395.0 242.0 497.0 574.0 247.0 706.0 662.0 395.0 613.0 698.0 89.0 401.0 286.0 523.0 689.0 709.0 330.0 916.0 485.0 156.0 163.0 241.0 164.0 539.0 83.0 286.0 516.0 644.0 542.0 224.0 558.0 529.0 457.0 0.0 613.0 629.0 670.0 227.0 309.0 269.0 792.0 419.0 54.0 351.0 269.0 331.0 201.0 589.0 652.0 247.0 349.0 462.0 356.0 515.0 
753.0 577.0 155.0 737.0 669.0 291.0 696.0 728.0 617.0 531.0 420.0 319.0 727.0 634.0 39.0 795.0 493.0 397.0 772.0 713.0 807.0 670.0 234.0 1022.0 602.0 519.0 297.0 846.0 513.0 770.0 659.0 949.0 723.0 836.0 770.0 627.0 695.0 725.0 871.0 701.0 92.0 270.0 633.0 700.0 559.0 458.0 650.0 844.0 770.0 136.0 647.0 485.0 804.0 960.0 640.0 826.0 893.0 217.0 608.0 613.0 0.0 756.0 945.0 514.0 360.0 596.0 816.0 198.0 656.0 937.0 349.0 795.0 765.0 631.0 306.0 717.0 512.0 882.0 769.0 265.0 
113.0 779.0 653.0 789.0 499.0 843.0 322.0 750.0 503.0 428.0 396.0 850.0 348.0 364.0 775.0 871.0 309.0 609.0 248.0 419.0 896.0 871.0 637.0 324.0 637.0 244.0 791.0 784.0 244.0 83.0 869.0 210.0 77.0 383.0 36.0 223.0 688.0 258.0 618.0 106.0 845.0 601.0 300.0 439.0 205.0 606.0 790.0 788.0 729.0 803.0 711.0 828.0 190.0 272.0 120.0 780.0 260.0 858.0 186.0 629.0 756.0 0.0 226.0 791.0 488.0 869.0 177.0 630.0 610.0 647.0 579.0 411.0 551.0 131.0 515.0 875.0 318.0 361.0 351.0 492.0 
192.0 841.0 823.0 802.0 517.0 982.0 531.0 762.0 544.0 515.0 617.0 983.0 550.0 582.0 967.0 877.0 459.0 720.0 436.0 625.0 902.0 915.0 789.0 99.0 683.0 428.0 925.0 760.0 439.0 178.0 917.0 50.0 298.0 310.0 196.0 447.0 704.0 275.0 557.0 245.0 1036.0 818.0 367.0 648.0 389.0 698.0 830.0 765.0 723.0 970.0 746.0 919.0 161.0 62.0 317.0 762.0 123.0 1014.0 337.0 670.0 945.0 226.0 0.0 872.0 630.0 935.0 339.0 793.0 635.0 564.0 707.0 365.0 529.0 351.0 730.0 906.0 450.0 253.0 321.0 687.0 
718.0 76.0 389.0 252.0 377.0 271.0 931.0 259.0 336.0 367.0 695.0 247.0 969.0 901.0 551.0 290.0 499.0 203.0 949.0 995.0 299.0 157.0 313.0 907.0 211.0 587.0 231.0 381.0 607.0 752.0 146.0 902.0 808.0 616.0 782.0 807.0 260.0 597.0 502.0 691.0 568.0 690.0 511.0 995.0 613.0 187.0 152.0 377.0 319.0 403.0 194.0 61.0 713.0 853.0 687.0 359.0 767.0 363.0 607.0 227.0 514.0 791.0 872.0 0.0 350.0 95.0 937.0 357.0 279.0 563.0 258.0 553.0 426.0 722.0 659.0 205.0 479.0 682.0 570.0 523.0 
445.0 370.0 211.0 473.0 318.0 358.0 583.0 449.0 269.0 171.0 352.0 363.0 621.0 552.0 394.0 550.0 180.0 148.0 608.0 646.0 570.0 478.0 161.0 694.0 305.0 254.0 304.0 549.0 268.0 472.0 471.0 646.0 486.0 478.0 489.0 462.0 398.0 380.0 525.0 402.0 450.0 401.0 283.0 646.0 288.0 181.0 418.0 549.0 471.0 348.0 373.0 368.0 475.0 632.0 371.0 533.0 556.0 385.0 306.0 309.0 360.0 488.0 630.0 350.0 0.0 442.0 609.0 174.0 337.0 589.0 98.0 435.0 417.0 392.0 344.0 506.0 180.0 527.0 412.0 207.0 
790.0 95.0 479.0 227.0 425.0 333.0 1022.0 248.0 392.0 442.0 789.0 306.0 1060.0 993.0 633.0 238.0 584.0 295.0 1036.0 1087.0 239.0 86.0 405.0 962.0 255.0 674.0 304.0 358.0 694.0 825.0 74.0 968.0 891.0 662.0 858.0 896.0 272.0 662.0 515.0 767.0 644.0 783.0 580.0 1087.0 697.0 272.0 134.0 353.0 312.0 478.0 208.0 113.0 778.0 911.0 769.0 336.0 825.0 428.0 687.0 269.0 596.0 869.0 935.0 95.0 442.0 0.0 1020.0 448.0 314.0 571.0 352.0 599.0 456.0 806.0 753.0 140.0 561.0 730.0 623.0 617.0 
288.0 933.0 740.0 957.0 670.0 953.0 210.0 919.0 670.0 583.0 407.0 964.0 219.0 276.0 827.0 1039.0 440.0 745.0 101.0 295.0 1065.0 1030.0 742.0 434.0 800.0 355.0 905.0 959.0 342.0 255.0 1027.0 301.0 131.0 557.0 206.0 193.0 856.0 434.0 794.0 278.0 898.0 611.0 469.0 320.0 326.0 751.0 951.0 962.0 901.0 887.0 875.0 968.0 360.0 398.0 252.0 954.0 413.0 952.0 336.0 792.0 816.0 177.0 339.0 937.0 609.0 1020.0 0.0 726.0 778.0 823.0 706.0 587.0 726.0 218.0 534.0 1038.0 460.0 528.0 527.0 557.0 
605.0 408.0 43.0 555.0 472.0 233.0 654.0 541.0 420.0 339.0 384.0 250.0 690.0 606.0 234.0 620.0 335.0 205.0 704.0 697.0 635.0 510.0 45.0 863.0 410.0 387.0 197.0 657.0 391.0 628.0 500.0 806.0 614.0 651.0 638.0 554.0 504.0 552.0 674.0 557.0 282.0 335.0 456.0 691.0 426.0 265.0 476.0 655.0 580.0 177.0 460.0 346.0 643.0 800.0 511.0 637.0 727.0 228.0 461.0 419.0 198.0 630.0 793.0 357.0 174.0 448.0 726.0 0.0 461.0 740.0 153.0 605.0 568.0 518.0 316.0 552.0 345.0 700.0 584.0 195.0 
514.0 223.0 503.0 179.0 119.0 503.0 831.0 142.0 109.0 217.0 660.0 488.0 868.0 822.0 693.0 262.0 384.0 261.0 816.0 912.0 287.0 282.0 423.0 654.0 70.0 472.0 447.0 216.0 499.0 551.0 284.0 673.0 649.0 350.0 591.0 696.0 79.0 372.0 233.0 505.0 734.0 737.0 311.0 920.0 481.0 200.0 196.0 216.0 140.0 588.0 112.0 338.0 485.0 606.0 532.0 201.0 520.0 580.0 447.0 54.0 656.0 610.0 635.0 279.0 337.0 314.0 778.0 461.0 0.0 298.0 308.0 286.0 148.0 581.0 676.0 272.0 349.0 418.0 317.0 542.0 
535.0 495.0 782.0 356.0 272.0 801.0 941.0 326.0 322.0 425.0 847.0 785.0 974.0 954.0 973.0 399.0 555.0 551.0 890.0 1034.0 420.0 509.0 707.0 536.0 366.0 619.0 745.0 249.0 648.0 568.0 516.0 612.0 711.0 268.0 617.0 810.0 304.0 397.0 67.0 557.0 1020.0 972.0 410.0 1048.0 609.0 493.0 438.0 255.0 263.0 881.0 371.0 624.0 466.0 512.0 621.0 263.0 444.0 878.0 550.0 351.0 937.0 647.0 564.0 563.0 589.0 571.0 823.0 740.0 298.0 0.0 589.0 239.0 173.0 679.0 898.0 472.0 517.0 312.0 299.0 778.0 
529.0 289.0 195.0 415.0 325.0 275.0 678.0 397.0 272.0 210.0 438.0 277.0 716.0 644.0 386.0 486.0 272.0 62.0 705.0 738.0 504.0 396.0 118.0 765.0 260.0 351.0 218.0 508.0 365.0 557.0 388.0 728.0 581.0 523.0 578.0 559.0 355.0 445.0 524.0 489.0 431.0 453.0 347.0 738.0 382.0 116.0 346.0 507.0 431.0 300.0 317.0 272.0 550.0 704.0 465.0 489.0 624.0 319.0 396.0 269.0 349.0 579.0 707.0 258.0 98.0 352.0 706.0 153.0 308.0 589.0 0.0 471.0 418.0 488.0 410.0 430.0 265.0 578.0 460.0 271.0 
300.0 506.0 645.0 440.0 177.0 730.0 703.0 401.0 222.0 266.0 630.0 722.0 736.0 719.0 827.0 513.0 347.0 455.0 653.0 797.0 538.0 566.0 582.0 371.0 346.0 396.0 670.0 396.0 423.0 334.0 569.0 409.0 473.0 64.0 382.0 574.0 347.0 158.0 208.0 319.0 884.0 778.0 189.0 811.0 380.0 412.0 481.0 401.0 359.0 770.0 397.0 609.0 238.0 327.0 383.0 398.0 244.0 788.0 317.0 331.0 795.0 411.0 365.0 553.0 435.0 599.0 587.0 605.0 286.0 239.0 471.0 0.0 164.0 442.0 697.0 550.0 312.0 132.0 61.0 592.0 
444.0 368.0 610.0 279.0 100.0 642.0 815.0 240.0 149.0 256.0 691.0 629.0 850.0 819.0 800.0 349.0 399.0 383.0 780.0 904.0 374.0 413.0 535.0 532.0 217.0 473.0 585.0 236.0 501.0 480.0 417.0 572.0 604.0 224.0 526.0 681.0 190.0 295.0 109.0 450.0 848.0 804.0 272.0 916.0 469.0 327.0 330.0 241.0 195.0 713.0 248.0 486.0 394.0 490.0 498.0 236.0 408.0 714.0 418.0 201.0 765.0 551.0 529.0 426.0 417.0 456.0 726.0 568.0 148.0 173.0 418.0 164.0 0.0 554.0 732.0 391.0 360.0 290.0 213.0 609.0 
186.0 720.0 536.0 758.0 482.0 740.0 263.0 722.0 472.0 375.0 267.0 750.0 297.0 280.0 647.0 842.0 223.0 527.0 236.0 355.0 866.0 820.0 530.0 445.0 595.0 138.0 691.0 776.0 128.0 179.0 816.0 339.0 97.0 432.0 155.0 132.0 660.0 285.0 638.0 138.0 718.0 470.0 283.0 370.0 109.0 535.0 743.0 779.0 712.0 686.0 671.0 751.0 270.0 388.0 59.0 768.0 356.0 745.0 137.0 589.0 631.0 131.0 351.0 722.0 392.0 806.0 218.0 518.0 581.0 679.0 488.0 442.0 554.0 0.0 384.0 832.0 246.0 429.0 382.0 366.0 
548.0 698.0 301.0 816.0 634.0 534.0 393.0 792.0 594.0 478.0 127.0 556.0 423.0 329.0 306.0 891.0 351.0 471.0 476.0 409.0 910.0 804.0 355.0 821.0 648.0 321.0 509.0 890.0 301.0 553.0 796.0 723.0 463.0 718.0 538.0 341.0 740.0 577.0 839.0 493.0 375.0 88.0 510.0 397.0 354.0 519.0 755.0 890.0 813.0 413.0 716.0 657.0 620.0 761.0 414.0 875.0 712.0 493.0 420.0 652.0 306.0 515.0 730.0 659.0 344.0 753.0 534.0 316.0 676.0 898.0 410.0 697.0 732.0 384.0 0.0 839.0 386.0 743.0 652.0 139.0 
784.0 144.0 587.0 118.0 391.0 468.0 1067.0 154.0 374.0 457.0 857.0 442.0 1105.0 1047.0 755.0 99.0 617.0 368.0 1066.0 1140.0 99.0 55.0 508.0 920.0 239.0 709.0 433.0 237.0 733.0 820.0 67.0 945.0 908.0 613.0 859.0 936.0 204.0 643.0 425.0 770.0 772.0 879.0 576.0 1144.0 726.0 325.0 90.0 231.0 211.0 607.0 165.0 246.0 757.0 874.0 787.0 217.0 789.0 563.0 703.0 247.0 717.0 875.0 906.0 205.0 506.0 140.0 1038.0 552.0 272.0 472.0 430.0 550.0 391.0 832.0 839.0 0.0 588.0 680.0 586.0 701.0 
266.0 475.0 377.0 521.0 270.0 536.0 484.0 487.0 244.0 134.0 332.0 540.0 521.0 474.0 541.0 604.0 39.0 292.0 479.0 564.0 628.0 574.0 339.0 518.0 353.0 124.0 481.0 557.0 150.0 294.0 571.0 466.0 330.0 339.0 314.0 350.0 426.0 213.0 462.0 225.0 604.0 466.0 128.0 572.0 138.0 292.0 499.0 558.0 486.0 522.0 430.0 512.0 298.0 456.0 209.0 546.0 383.0 564.0 133.0 349.0 512.0 318.0 450.0 479.0 180.0 561.0 460.0 345.0 349.0 517.0 265.0 312.0 360.0 246.0 386.0 588.0 0.0 375.0 271.0 284.0 
253.0 637.0 738.0 568.0 307.0 845.0 677.0 529.0 348.0 369.0 657.0 840.0 705.0 706.0 912.0 638.0 403.0 571.0 608.0 773.0 663.0 697.0 683.0 243.0 476.0 425.0 786.0 512.0 449.0 279.0 700.0 301.0 433.0 68.0 327.0 558.0 477.0 167.0 305.0 293.0 973.0 828.0 250.0 791.0 398.0 532.0 612.0 518.0 484.0 872.0 528.0 737.0 171.0 206.0 373.0 517.0 132.0 897.0 330.0 462.0 882.0 361.0 253.0 682.0 527.0 730.0 528.0 700.0 418.0 312.0 578.0 132.0 290.0 429.0 743.0 680.0 375.0 0.0 120.0 657.0 
240.0 530.0 623.0 481.0 200.0 726.0 643.0 441.0 235.0 251.0 579.0 721.0 675.0 661.0 800.0 557.0 303.0 452.0 592.0 737.0 583.0 598.0 566.0 340.0 369.0 344.0 667.0 448.0 371.0 274.0 600.0 361.0 412.0 68.0 322.0 514.0 384.0 98.0 267.0 258.0 860.0 735.0 144.0 752.0 325.0 415.0 513.0 452.0 405.0 754.0 428.0 623.0 182.0 290.0 324.0 448.0 204.0 778.0 260.0 356.0 769.0 351.0 321.0 570.0 412.0 623.0 527.0 584.0 317.0 299.0 460.0 61.0 213.0 382.0 652.0 586.0 271.0 120.0 0.0 554.0 
497.0 560.0 194.0 677.0 510.0 426.0 463.0 654.0 466.0 354.0 189.0 444.0 498.0 412.0 283.0 752.0 255.0 333.0 522.0 502.0 771.0 667.0 228.0 770.0 511.0 260.0 392.0 755.0 251.0 511.0 658.0 689.0 459.0 622.0 508.0 373.0 604.0 492.0 717.0 443.0 353.0 197.0 411.0 496.0 299.0 380.0 616.0 755.0 678.0 333.0 578.0 525.0 556.0 708.0 377.0 739.0 647.0 404.0 354.0 515.0 265.0 492.0 687.0 523.0 207.0 617.0 557.0 195.0 542.0 778.0 271.0 592.0 609.0 366.0 139.0 701.0 284.0 657.0 554.0 0.0 
