200 0.0 5
1 161 490
2 339 276
3 953 436
4 792 999
5 945 585
6 475 561
7 556 11
8 708 241
9 715 704
10 211 329
11 667 184
12 548 625
13 972 273
14 928 550
15 439 174
16 545 85
17 326 419
18 285 175
19 835 741
20 415 866
21 781 174
22 719 454
23 764 497
24 343 19
25 32 442
26 926 31
27 170 38
28 221 721
29 466 425
30 243 618
31 323 759
32 481 375
33 516 454
34 217 321
35 889 824
36 217 657
37 555 819
38 582 831
39 332 768
40 519 962
41 437 180
42 668 302
43 175 526
44 245 20
45 532 268
46 265 52
47 543 918
48 616 398
49 105 883
50 894 447
51 43 785
52 473 911
53 959 325
54 58 482
55 693 186
56 372 689
57 927 895
58 323 80
59 837 572
60 638 33
61 92 170
62 614 407
63 977 802
64 714 866
65 106 490
66 315 670
67 453 320
68 753 202
69 868 72
70 554 999
71 544 284
72 927 893
73 105 297
74 743 756
75 881 44
76 881 581
77 714 976
78 720 161
79 80 807
80 428 668
81 719 641
82 999 78
83 259 494
84 462 293
85 15 445
86 851 496
87 360 376
88 38 999
89 741 890
90 917 86
91 283 973
92 369 810
93 777 449
94 544 254
95 524 830
96 140 634
97 596 646
98 150 132
99 56 602
100 132 420
101 528 986
102 423 257
103 803 182
104 24 431
105 965 592
106 293 291
107 243 70
108 200 591
109 460 932
110 705 175
111 100 964
112 870 846
113 77 571
114 287 798
115 171 119
116 610 66
117 929 658
118 83 906
119 354 579
120 143 630
121 428 150
122 677 819
123 529 707
124 32 145
125 365 544
126 928 172
127 64 447
128 896 905
129 764 740
130 543 278
131 154 566
132 182 439
133 455 251
134 151 248
135 786 316
136 457 584
137 614 550
138 710 383
139 591 136
140 78 792
141 840 37
142 530 199
143 973 300
144 850 919
145 93 727
146 387 379
147 266 269
148 211 68
149 680 372
150 67 61
151 744 751
152 516 175
153 895 363
154 993 361
155 598 990
156 252 543
157 786 721
158 27 737
159 962 632
160 717 656
161 615 698
162 330 773
163 166 833
164 796 33
165 671 533
166 742 635
167 645 531
168 627 976
169 622 621
170 26 732
171 742 498
172 932 108
173 638 630
174 258 938
175 14 36
176 714 804
177 828 506
178 79 148
179 985 40
180 848 497
181 371 857
182 218 504
183 47 57
184 99 382
185 53 727
186 452 101
187 376 974
188 200 250
189 949 362
190 702 446
191 772 258
192 274 623
193 734 82
194 100 963
195 898 640
196 435 167
197 698 751
198 245 518
199 717 641
200 843 476
opening costs
216 4 557 960 952 532 522 431 707 675 307 319 734 23 951 665 631 449 467 858 454 494 759 9 586 791 110 292 584 976 669 428 175 924 9 581 155 843 937 929 458 334 769 603 551 120 521 299 527 998 7 129 177 403 857 793 620 790 703 83 16 787 889 665 195 265 373 857 251 261 663 511 915 424 338 909 823 817 513 257 761 471 187 920 879 840 511 787 935 910 756 38 482 56 447 179 450 463 16 245 218 220 996 899 131 953 710 189 823 846 126 262 359 59 952 430 267 634 264 219 245 874 871 569 920 893 201 723 383 566 110 573 775 860 294 990 273 310 481 489 484 405 122 763 59 802 951 205 546 261 952 812 574 457 771 992 518 316 9 621 314 379 209 133 72 403 117 110 852 73 376 101 481 963 819 978 361 515 826 183 915 57 368 675 531 39 289 786 942 702 492 113 972 456 675 143 785 775 367 739 
star costs
0.0 279.0 794.0 811.0 790.0 322.0 621.0 602.0 594.0 169.0 592.0 410.0 840.0 770.0 421.0 559.0 180.0 339.0 720.0 454.0 696.0 560.0 604.0 505.0 138.0 893.0 453.0 239.0 312.0 153.0 315.0 341.0 357.0 179.0 801.0 177.0 514.0 542.0 327.0 593.0 416.0 541.0 39.0 478.0 433.0 451.0 574.0 465.0 397.0 735.0 318.0 525.0 815.0 104.0 613.0 291.0 867.0 441.0 681.0 661.0 328.0 461.0 874.0 669.0 55.0 237.0 338.0 659.0 822.0 644.0 435.0 866.0 201.0 640.0 847.0 726.0 737.0 649.0 328.0 321.0 579.0 934.0 99.0 360.0 153.0 691.0 230.0 524.0 705.0 858.0 499.0 382.0 618.0 450.0 498.0 146.0 463.0 359.0 154.0 76.0 618.0 351.0 713.0 150.0 811.0 239.0 428.0 109.0 534.0 629.0 478.0 794.0 117.0 333.0 372.0 618.0 787.0 424.0 213.0 142.0 433.0 612.0 428.0 369.0 212.0 831.0 107.0 845.0 653.0 437.0 77.0 56.0 379.0 243.0 649.0 311.0 457.0 560.0 557.0 314.0 817.0 470.0 834.0 812.0 247.0 252.0 245.0 425.0 533.0 440.0 639.0 475.0 745.0 842.0 665.0 106.0 667.0 282.0 814.0 581.0 500.0 330.0 344.0 783.0 512.0 599.0 486.0 674.0 480.0 278.0 582.0 861.0 498.0 459.0 478.0 636.0 668.0 352.0 939.0 688.0 423.0 59.0 448.0 125.0 261.0 486.0 530.0 244.0 799.0 543.0 654.0 175.0 704.0 477.0 753.0 424.0 598.0 89.0 577.0 683.0 
279.0 0.0 635.0 854.0 681.0 316.0 343.0 371.0 570.0 139.0 341.0 407.0 634.0 650.0 143.0 281.0 144.0 115.0 680.0 595.0 454.0 420.0 480.0 258.0 350.0 637.0 292.0 461.0 196.0 356.0 484.0 174.0 252.0 131.0 777.0 401.0 585.0 606.0 493.0 710.0 138.0 331.0 299.0 273.0 194.0 236.0 674.0 303.0 651.0 581.0 589.0 649.0 622.0 349.0 366.0 415.0 854.0 197.0 580.0 386.0 269.0 305.0 827.0 700.0 317.0 395.0 123.0 421.0 567.0 755.0 206.0 853.0 235.0 628.0 590.0 622.0 795.0 398.0 591.0 402.0 527.0 690.0 233.0 125.0 366.0 558.0 103.0 784.0 734.0 609.0 700.0 535.0 471.0 207.0 585.0 410.0 451.0 238.0 432.0 253.0 735.0 87.0 474.0 352.0 702.0 49.0 228.0 345.0 668.0 380.0 729.0 780.0 395.0 525.0 230.0 343.0 703.0 681.0 304.0 405.0 155.0 640.0 472.0 334.0 270.0 599.0 324.0 841.0 630.0 205.0 344.0 227.0 119.0 191.0 449.0 330.0 389.0 387.0 289.0 579.0 556.0 206.0 635.0 822.0 514.0 114.0 74.0 245.0 355.0 347.0 625.0 204.0 563.0 660.0 760.0 281.0 631.0 557.0 718.0 536.0 505.0 498.0 584.0 518.0 420.0 540.0 399.0 757.0 447.0 554.0 461.0 617.0 464.0 667.0 405.0 648.0 541.0 290.0 688.0 555.0 582.0 259.0 365.0 263.0 535.0 209.0 699.0 142.0 617.0 401.0 434.0 354.0 441.0 728.0 668.0 146.0 596.0 260.0 526.0 543.0 
794.0 635.0 0.0 586.0 150.0 495.0 582.0 314.0 359.0 750.0 382.0 447.0 165.0 117.0 577.0 539.0 628.0 718.0 328.0 689.0 314.0 235.0 199.0 739.0 922.0 406.0 879.0 786.0 488.0 733.0 708.0 476.0 438.0 745.0 394.0 769.0 553.0 542.0 705.0 682.0 577.0 315.0 784.0 822.0 454.0 788.0 633.0 340.0 959.0 61.0 975.0 676.0 112.0 897.0 361.0 634.0 460.0 724.0 179.0 512.0 902.0 341.0 367.0 492.0 849.0 680.0 514.0 308.0 374.0 691.0 437.0 458.0 860.0 383.0 399.0 162.0 591.0 361.0 949.0 574.0 312.0 361.0 697.0 512.0 939.0 119.0 597.0 1075.0 502.0 352.0 859.0 694.0 177.0 448.0 583.0 837.0 415.0 859.0 913.0 822.0 696.0 560.0 295.0 930.0 157.0 676.0 799.0 769.0 700.0 361.0 1004.0 419.0 887.0 759.0 844.0 505.0 224.0 989.0 616.0 833.0 598.0 473.0 504.0 966.0 598.0 266.0 890.0 473.0 358.0 440.0 810.0 772.0 532.0 824.0 206.0 518.0 358.0 249.0 471.0 945.0 415.0 485.0 138.0 494.0 908.0 569.0 708.0 829.0 281.0 963.0 379.0 510.0 94.0 85.0 658.0 710.0 331.0 974.0 197.0 323.0 428.0 709.0 882.0 433.0 299.0 291.0 323.0 631.0 380.0 974.0 220.0 329.0 370.0 858.0 1021.0 439.0 144.0 921.0 398.0 122.0 719.0 739.0 983.0 856.0 946.0 603.0 789.0 776.0 75.0 252.0 254.0 705.0 417.0 1003.0 212.0 584.0 406.0 713.0 313.0 118.0 
811.0 854.0 586.0 0.0 442.0 541.0 1016.0 763.0 305.0 887.0 825.0 447.0 748.0 470.0 898.0 947.0 745.0 968.0 262.0 400.0 826.0 550.0 503.0 1078.0 943.0 978.0 1145.0 636.0 661.0 669.0 527.0 698.0 611.0 889.0 201.0 670.0 298.0 269.0 515.0 276.0 893.0 708.0 778.0 1122.0 776.0 1084.0 262.0 627.0 697.0 562.0 779.0 331.0 695.0 898.0 820.0 523.0 171.0 1032.0 430.0 979.0 1086.0 619.0 271.0 155.0 855.0 580.0 759.0 798.0 931.0 238.0 757.0 172.0 983.0 248.0 960.0 428.0 82.0 842.0 738.0 492.0 366.0 944.0 735.0 780.0 955.0 507.0 759.0 754.0 121.0 922.0 510.0 464.0 551.0 786.0 317.0 748.0 404.0 1079.0 837.0 878.0 265.0 829.0 818.0 956.0 443.0 867.0 1080.0 719.0 339.0 829.0 693.0 172.0 834.0 544.0 1078.0 951.0 368.0 716.0 607.0 747.0 924.0 214.0 393.0 1144.0 624.0 839.0 914.0 141.0 261.0 763.0 772.0 829.0 821.0 988.0 684.0 534.0 483.0 622.0 887.0 744.0 964.0 842.0 723.0 99.0 751.0 741.0 900.0 1098.0 637.0 1186.0 253.0 869.0 645.0 669.0 195.0 707.0 279.0 809.0 405.0 352.0 350.0 515.0 648.0 967.0 482.0 368.0 491.0 167.0 415.0 812.0 504.0 902.0 400.0 538.0 1239.0 211.0 495.0 1111.0 979.0 506.0 445.0 758.0 1201.0 928.0 788.0 961.0 417.0 955.0 657.0 561.0 742.0 641.0 919.0 693.0 375.0 906.0 266.0 729.0 366.0 526.0 
790.0 681.0 150.0 442.0 0.0 471.0 694.0 418.0 259.0 778.0 488.0 400.0 314.0 39.0 652.0 641.0 641.0 777.0 191.0 600.0 443.0 262.0 202.0 827.0 925.0 555.0 949.0 737.0 506.0 703.0 646.0 510.0 449.0 775.0 246.0 732.0 455.0 439.0 640.0 569.0 650.0 397.0 773.0 900.0 521.0 864.0 523.0 379.0 892.0 148.0 924.0 574.0 261.0 893.0 472.0 583.0 311.0 802.0 109.0 632.0 949.0 376.0 220.0 364.0 845.0 636.0 559.0 429.0 519.0 570.0 502.0 309.0 888.0 265.0 545.0 65.0 455.0 481.0 894.0 524.0 233.0 510.0 693.0 565.0 941.0 130.0 622.0 998.0 367.0 500.0 768.0 619.0 217.0 520.0 488.0 807.0 355.0 916.0 890.0 830.0 579.0 617.0 428.0 934.0 22.0 716.0 871.0 746.0 597.0 476.0 927.0 272.0 869.0 692.0 904.0 618.0 75.0 920.0 592.0 804.0 676.0 356.0 434.0 1014.0 582.0 414.0 892.0 324.0 239.0 506.0 792.0 777.0 594.0 863.0 313.0 489.0 333.0 310.0 572.0 892.0 558.0 567.0 287.0 348.0 864.0 595.0 749.0 898.0 340.0 1023.0 261.0 594.0 228.0 230.0 534.0 695.0 210.0 931.0 50.0 239.0 349.0 644.0 818.0 572.0 279.0 210.0 305.0 504.0 325.0 931.0 221.0 478.0 311.0 773.0 1081.0 319.0 142.0 971.0 547.0 131.0 636.0 732.0 1042.0 871.0 904.0 691.0 690.0 817.0 224.0 280.0 370.0 673.0 546.0 926.0 73.0 660.0 298.0 704.0 235.0 150.0 
322.0 316.0 495.0 541.0 471.0 0.0 556.0 396.0 280.0 352.0 424.0 98.0 575.0 454.0 389.0 482.0 206.0 431.0 403.0 311.0 494.0 267.0 297.0 558.0 459.0 696.0 606.0 301.0 137.0 239.0 250.0 187.0 115.0 353.0 491.0 276.0 271.0 291.0 252.0 404.0 383.0 324.0 303.0 588.0 299.0 551.0 364.0 216.0 491.0 435.0 487.0 351.0 539.0 425.0 434.0 165.0 563.0 505.0 363.0 553.0 548.0 208.0 557.0 388.0 376.0 194.0 243.0 455.0 628.0 446.0 286.0 561.0 455.0 332.0 658.0 407.0 479.0 470.0 466.0 117.0 257.0 713.0 227.0 269.0 475.0 382.0 218.0 619.0 424.0 649.0 455.0 271.0 323.0 315.0 274.0 343.0 148.0 539.0 422.0 371.0 429.0 309.0 502.0 470.0 491.0 326.0 544.0 277.0 372.0 450.0 551.0 488.0 399.0 303.0 537.0 514.0 465.0 523.0 123.0 340.0 414.0 328.0 156.0 608.0 112.0 598.0 427.0 544.0 340.0 292.0 322.0 318.0 311.0 451.0 396.0 30.0 140.0 295.0 441.0 460.0 639.0 367.0 563.0 519.0 417.0 203.0 360.0 560.0 279.0 646.0 330.0 389.0 465.0 556.0 447.0 224.0 350.0 482.0 493.0 260.0 196.0 257.0 412.0 618.0 198.0 278.0 173.0 442.0 159.0 481.0 275.0 644.0 178.0 435.0 699.0 341.0 358.0 573.0 730.0 379.0 314.0 264.0 662.0 417.0 454.0 461.0 425.0 416.0 515.0 255.0 425.0 211.0 545.0 550.0 431.0 397.0 293.0 234.0 255.0 378.0 
621.0 343.0 582.0 1016.0 694.0 556.0 0.0 276.0 712.0 470.0 206.0 615.0 492.0 655.0 201.0 75.0 469.0 317.0 782.0 867.0 278.0 473.0 529.0 214.0 679.0 371.0 387.0 786.0 424.0 683.0 784.0 372.0 445.0 460.0 879.0 730.0 809.0 821.0 790.0 952.0 207.0 312.0 641.0 312.0 259.0 294.0 908.0 392.0 982.0 552.0 929.0 904.0 511.0 686.0 223.0 703.0 959.0 244.0 628.0 85.0 491.0 401.0 897.0 870.0 658.0 702.0 326.0 275.0 318.0 989.0 274.0 957.0 535.0 769.0 327.0 657.0 978.0 223.0 928.0 670.0 651.0 449.0 568.0 298.0 694.0 568.0 415.0 1116.0 899.0 369.0 1000.0 821.0 491.0 244.0 820.0 750.0 637.0 424.0 775.0 590.0 976.0 280.0 301.0 678.0 711.0 385.0 319.0 681.0 926.0 222.0 1057.0 893.0 737.0 832.0 400.0 78.0 747.0 1013.0 603.0 745.0 189.0 818.0 697.0 541.0 567.0 406.0 658.0 957.0 759.0 268.0 686.0 569.0 261.0 470.0 383.0 582.0 543.0 403.0 130.0 916.0 286.0 190.0 508.0 955.0 853.0 405.0 389.0 350.0 382.0 492.0 764.0 169.0 489.0 560.0 980.0 613.0 747.0 899.0 742.0 665.0 690.0 795.0 910.0 242.0 535.0 652.0 528.0 968.0 614.0 895.0 522.0 389.0 625.0 974.0 543.0 809.0 565.0 497.0 430.0 567.0 866.0 598.0 512.0 589.0 876.0 138.0 980.0 429.0 527.0 459.0 329.0 674.0 192.0 1056.0 716.0 198.0 754.0 595.0 651.0 547.0 
602.0 371.0 314.0 763.0 418.0 396.0 276.0 0.0 464.0 505.0 71.0 416.0 266.0 380.0 278.0 226.0 422.0 429.0 516.0 691.0 100.0 214.0 263.0 428.0 706.0 303.0 576.0 684.0 305.0 599.0 646.0 264.0 287.0 498.0 611.0 644.0 598.0 604.0 648.0 746.0 278.0 73.0 605.0 514.0 179.0 482.0 697.0 182.0 881.0 278.0 860.0 711.0 265.0 694.0 58.0 560.0 690.0 418.0 356.0 220.0 621.0 191.0 623.0 626.0 652.0 582.0 267.0 60.0 233.0 774.0 170.0 688.0 606.0 517.0 263.0 382.0 736.0 81.0 846.0 511.0 401.0 334.0 516.0 252.0 723.0 293.0 374.0 1012.0 650.0 261.0 847.0 663.0 220.0 165.0 618.0 691.0 421.0 569.0 746.0 604.0 767.0 286.0 112.0 710.0 436.0 419.0 496.0 617.0 735.0 67.0 945.0 627.0 713.0 699.0 551.0 201.0 472.0 913.0 490.0 686.0 295.0 579.0 500.0 683.0 458.0 231.0 677.0 691.0 503.0 170.0 643.0 563.0 254.0 558.0 109.0 426.0 323.0 143.0 158.0 837.0 243.0 183.0 272.0 693.0 784.0 350.0 443.0 527.0 134.0 666.0 512.0 204.0 224.0 310.0 758.0 547.0 487.0 843.0 467.0 416.0 467.0 653.0 803.0 226.0 295.0 396.0 297.0 740.0 390.0 841.0 260.0 261.0 396.0 830.0 724.0 564.0 291.0 636.0 343.0 292.0 703.0 557.0 687.0 626.0 816.0 292.0 805.0 509.0 270.0 206.0 67.0 579.0 162.0 944.0 442.0 283.0 511.0 540.0 401.0 272.0 
594.0 570.0 359.0 305.0 259.0 280.0 712.0 464.0 0.0 629.0 523.0 185.0 502.0 263.0 598.0 642.0 483.0 682.0 126.0 341.0 535.0 251.0 213.0 780.0 732.0 706.0 861.0 495.0 374.0 480.0 396.0 404.0 320.0 629.0 212.0 501.0 198.0 184.0 389.0 325.0 594.0 405.0 569.0 830.0 473.0 793.0 275.0 322.0 636.0 314.0 677.0 319.0 451.0 694.0 519.0 344.0 286.0 737.0 180.0 676.0 821.0 314.0 280.0 163.0 646.0 402.0 465.0 504.0 651.0 337.0 454.0 285.0 734.0 60.0 681.0 207.0 273.0 544.0 644.0 290.0 64.0 688.0 503.0 483.0 747.0 249.0 484.0 739.0 188.0 651.0 509.0 362.0 263.0 482.0 229.0 580.0 133.0 804.0 667.0 649.0 339.0 534.0 530.0 743.0 274.0 591.0 791.0 528.0 343.0 530.0 668.0 211.0 652.0 439.0 799.0 647.0 219.0 664.0 383.0 577.0 624.0 122.0 187.0 883.0 385.0 574.0 700.0 271.0 61.0 460.0 578.0 596.0 523.0 726.0 395.0 285.0 185.0 322.0 582.0 644.0 679.0 538.0 480.0 254.0 623.0 462.0 626.0 812.0 334.0 913.0 56.0 566.0 386.0 442.0 310.0 491.0 74.0 689.0 258.0 49.0 101.0 392.0 564.0 676.0 177.0 75.0 187.0 286.0 125.0 690.0 208.0 635.0 107.0 514.0 969.0 101.0 228.0 845.0 717.0 247.0 377.0 536.0 930.0 696.0 663.0 658.0 434.0 687.0 415.0 259.0 450.0 449.0 623.0 668.0 194.0 606.0 50.0 506.0 64.0 262.0 
169.0 139.0 750.0 887.0 778.0 352.0 470.0 505.0 629.0 0.0 479.0 449.0 764.0 751.0 276.0 414.0 147.0 171.0 748.0 575.0 591.0 524.0 578.0 337.0 212.0 775.0 294.0 393.0 273.0 291.0 445.0 274.0 330.0 10.0 840.0 329.0 599.0 625.0 456.0 704.0 271.0 458.0 201.0 311.0 327.0 283.0 677.0 411.0 565.0 694.0 486.0 639.0 749.0 217.0 503.0 395.0 913.0 274.0 672.0 520.0 199.0 411.0 901.0 736.0 193.0 357.0 243.0 557.0 706.0 753.0 337.0 912.0 111.0 683.0 729.0 716.0 820.0 537.0 496.0 403.0 597.0 828.0 172.0 254.0 228.0 662.0 157.0 692.0 772.0 747.0 649.0 507.0 579.0 342.0 591.0 314.0 499.0 207.0 314.0 121.0 730.0 224.0 610.0 214.0 799.0 91.0 261.0 263.0 653.0 518.0 645.0 838.0 277.0 476.0 214.0 478.0 790.0 592.0 289.0 309.0 282.0 677.0 494.0 257.0 265.0 734.0 189.0 895.0 690.0 336.0 244.0 114.0 257.0 101.0 576.0 355.0 460.0 502.0 427.0 482.0 694.0 345.0 763.0 870.0 416.0 183.0 82.0 261.0 471.0 305.0 680.0 342.0 685.0 783.0 766.0 218.0 696.0 448.0 810.0 603.0 548.0 460.0 507.0 656.0 504.0 613.0 479.0 770.0 505.0 444.0 558.0 755.0 523.0 611.0 354.0 692.0 642.0 225.0 827.0 659.0 552.0 176.0 318.0 124.0 429.0 332.0 666.0 80.0 739.0 505.0 566.0 301.0 579.0 644.0 755.0 277.0 645.0 193.0 595.0 649.0 
592.0 341.0 382.0 825.0 488.0 424.0 206.0 71.0 523.0 479.0 0.0 457.0 318.0 450.0 229.0 158.0 415.0 383.0 582.0 728.0 115.0 275.0 328.0 364.0 686.0 301.0 519.0 699.0 314.0 607.0 671.0 267.0 310.0 471.0 678.0 653.0 645.0 653.0 674.0 792.0 231.0 119.0 600.0 453.0 159.0 424.0 745.0 220.0 897.0 348.0 867.0 753.0 325.0 679.0 27.0 585.0 758.0 360.0 424.0 154.0 576.0 230.0 692.0 684.0 640.0 601.0 254.0 88.0 231.0 823.0 159.0 756.0 574.0 578.0 256.0 452.0 794.0 58.0 856.0 540.0 460.0 349.0 513.0 233.0 703.0 363.0 363.0 1030.0 710.0 269.0 878.0 694.0 287.0 142.0 662.0 693.0 468.0 520.0 741.0 585.0 814.0 255.0 137.0 689.0 506.0 390.0 440.0 620.0 777.0 40.0 965.0 693.0 706.0 723.0 501.0 132.0 542.0 929.0 504.0 689.0 242.0 636.0 541.0 637.0 470.0 262.0 658.0 757.0 565.0 156.0 640.0 548.0 223.0 520.0 178.0 452.0 370.0 204.0 90.0 847.0 228.0 138.0 328.0 758.0 791.0 342.0 410.0 471.0 189.0 613.0 573.0 152.0 290.0 371.0 809.0 549.0 551.0 846.0 537.0 475.0 517.0 679.0 820.0 199.0 350.0 458.0 348.0 794.0 440.0 844.0 323.0 276.0 447.0 858.0 670.0 622.0 361.0 590.0 350.0 362.0 736.0 552.0 633.0 602.0 820.0 231.0 842.0 472.0 334.0 265.0 129.0 590.0 123.0 964.0 512.0 233.0 568.0 539.0 460.0 341.0 
410.0 407.0 447.0 447.0 400.0 98.0 615.0 416.0 185.0 449.0 457.0 0.0 552.0 388.0 464.0 541.0 303.0 522.0 310.0 276.0 508.0 242.0 252.0 640.0 548.0 705.0 699.0 341.0 217.0 306.0 262.0 259.0 174.0 450.0 395.0 333.0 195.0 209.0 260.0 339.0 459.0 345.0 386.0 677.0 358.0 640.0 294.0 237.0 513.0 390.0 530.0 296.0 509.0 511.0 463.0 188.0 466.0 590.0 294.0 599.0 645.0 228.0 465.0 293.0 463.0 238.0 320.0 471.0 639.0 375.0 342.0 465.0 552.0 235.0 670.0 336.0 389.0 495.0 503.0 128.0 172.0 709.0 318.0 343.0 563.0 330.0 313.0 633.0 328.0 654.0 438.0 258.0 289.0 372.0 207.0 409.0 53.0 634.0 493.0 464.0 362.0 389.0 512.0 559.0 419.0 421.0 634.0 350.0 320.0 477.0 562.0 391.0 475.0 314.0 632.0 563.0 383.0 544.0 200.0 406.0 490.0 233.0 85.0 705.0 201.0 592.0 516.0 447.0 245.0 348.0 399.0 411.0 386.0 548.0 391.0 100.0 100.0 292.0 491.0 499.0 657.0 427.0 536.0 422.0 467.0 295.0 455.0 652.0 286.0 742.0 234.0 452.0 435.0 518.0 369.0 308.0 257.0 533.0 415.0 172.0 100.0 264.0 435.0 642.0 154.0 195.0 136.0 360.0 75.0 533.0 232.0 645.0 91.0 427.0 796.0 245.0 305.0 669.0 731.0 327.0 292.0 352.0 758.0 511.0 506.0 533.0 390.0 512.0 480.0 237.0 430.0 275.0 574.0 562.0 351.0 472.0 196.0 322.0 170.0 331.0 
840.0 634.0 165.0 748.0 314.0 575.0 492.0 266.0 502.0 764.0 318.0 552.0 0.0 281.0 543.0 467.0 663.0 694.0 488.0 814.0 216.0 312.0 306.0 679.0 956.0 247.0 836.0 875.0 529.0 807.0 811.0 502.0 491.0 757.0 558.0 848.0 688.0 681.0 810.0 825.0 544.0 306.0 837.0 770.0 441.0 741.0 775.0 378.0 1061.0 191.0 1061.0 810.0 54.0 938.0 293.0 731.0 624.0 678.0 329.0 412.0 887.0 383.0 530.0 647.0 893.0 768.0 522.0 231.0 227.0 838.0 429.0 622.0 868.0 535.0 247.0 322.0 749.0 276.0 1040.0 673.0 447.0 197.0 747.0 511.0 973.0 254.0 621.0 1183.0 659.0 195.0 983.0 808.0 263.0 429.0 715.0 907.0 530.0 835.0 974.0 853.0 840.0 550.0 192.0 962.0 320.0 680.0 757.0 835.0 835.0 285.0 1113.0 583.0 944.0 864.0 816.0 418.0 388.0 1092.0 690.0 903.0 558.0 621.0 621.0 949.0 665.0 111.0 925.0 637.0 512.0 430.0 869.0 808.0 518.0 822.0 191.0 602.0 453.0 285.0 405.0 1034.0 271.0 449.0 28.0 658.0 990.0 595.0 707.0 789.0 309.0 930.0 530.0 467.0 119.0 91.0 809.0 769.0 486.0 1053.0 360.0 461.0 556.0 814.0 982.0 298.0 398.0 429.0 417.0 784.0 494.0 1052.0 322.0 170.0 489.0 976.0 987.0 591.0 274.0 902.0 234.0 257.0 839.0 789.0 950.0 880.0 1026.0 548.0 921.0 773.0 92.0 321.0 201.0 781.0 306.0 1112.0 375.0 548.0 551.0 768.0 448.0 241.0 
770.0 650.0 117.0 470.0 39.0 454.0 655.0 380.0 263.0 751.0 450.0 388.0 281.0 0.0 617.0 603.0 617.0 745.0 213.0 603.0 404.0 230.0 173.0 791.0 903.0 520.0 915.0 728.0 479.0 689.0 641.0 481.0 424.0 747.0 277.0 720.0 460.0 446.0 635.0 581.0 615.0 360.0 754.0 865.0 487.0 830.0 533.0 348.0 888.0 109.0 916.0 581.0 228.0 873.0 434.0 574.0 346.0 767.0 94.0 593.0 919.0 346.0 257.0 382.0 825.0 625.0 528.0 390.0 482.0 585.0 468.0 344.0 862.0 277.0 509.0 57.0 477.0 442.0 887.0 514.0 228.0 478.0 672.0 533.0 920.0 95.0 595.0 997.0 389.0 465.0 772.0 617.0 182.0 485.0 492.0 793.0 346.0 884.0 874.0 807.0 592.0 584.0 389.0 912.0 56.0 686.0 837.0 730.0 605.0 437.0 926.0 302.0 852.0 688.0 872.0 580.0 109.0 917.0 575.0 790.0 641.0 368.0 429.0 984.0 564.0 378.0 871.0 357.0 251.0 472.0 775.0 755.0 560.0 834.0 274.0 473.0 314.0 275.0 534.0 884.0 521.0 531.0 255.0 378.0 854.0 568.0 720.0 864.0 306.0 991.0 273.0 558.0 190.0 200.0 550.0 677.0 223.0 921.0 89.0 237.0 347.0 639.0 813.0 534.0 258.0 205.0 284.0 522.0 315.0 921.0 194.0 443.0 301.0 775.0 1049.0 333.0 110.0 940.0 514.0 96.0 637.0 712.0 1010.0 846.0 893.0 655.0 697.0 788.0 190.0 249.0 332.0 659.0 507.0 926.0 95.0 625.0 306.0 684.0 230.0 113.0 
421.0 143.0 577.0 898.0 652.0 389.0 201.0 278.0 598.0 276.0 229.0 464.0 543.0 617.0 0.0 139.0 270.0 155.0 692.0 693.0 342.0 396.0 459.0 183.0 488.0 508.0 302.0 589.0 253.0 486.0 597.0 206.0 291.0 267.0 791.0 532.0 656.0 673.0 604.0 793.0 7.0 263.0 440.0 248.0 133.0 213.0 752.0 286.0 784.0 531.0 729.0 738.0 542.0 490.0 255.0 520.0 871.0 150.0 563.0 244.0 348.0 292.0 827.0 745.0 460.0 512.0 147.0 316.0 441.0 833.0 153.0 869.0 356.0 657.0 461.0 601.0 848.0 282.0 728.0 495.0 545.0 569.0 368.0 122.0 504.0 523.0 217.0 918.0 778.0 487.0 815.0 640.0 436.0 133.0 662.0 549.0 498.0 293.0 575.0 394.0 817.0 85.0 365.0 489.0 672.0 188.0 222.0 481.0 759.0 267.0 860.0 799.0 538.0 643.0 274.0 203.0 689.0 814.0 414.0 544.0 27.0 688.0 541.0 409.0 378.0 490.0 464.0 863.0 653.0 148.0 485.0 370.0 79.0 298.0 375.0 411.0 415.0 343.0 157.0 716.0 424.0 95.0 549.0 851.0 653.0 212.0 198.0 252.0 312.0 389.0 653.0 78.0 494.0 585.0 832.0 414.0 648.0 698.0 696.0 557.0 553.0 609.0 714.0 384.0 428.0 552.0 413.0 824.0 484.0 695.0 444.0 498.0 498.0 786.0 447.0 688.0 512.0 361.0 563.0 522.0 687.0 398.0 410.0 399.0 675.0 75.0 803.0 251.0 544.0 379.0 344.0 479.0 310.0 859.0 655.0 9.0 633.0 395.0 544.0 505.0 
559.0 281.0 539.0 947.0 641.0 482.0 75.0 226.0 642.0 414.0 158.0 541.0 467.0 603.0 139.0 0.0 400.0 276.0 718.0 792.0 253.0 408.0 467.0 213.0 625.0 385.0 378.0 714.0 350.0 613.0 710.0 297.0 371.0 405.0 816.0 660.0 735.0 747.0 716.0 878.0 144.0 250.0 576.0 307.0 184.0 282.0 834.0 321.0 912.0 503.0 862.0 830.0 479.0 629.0 180.0 629.0 896.0 223.0 568.0 107.0 461.0 330.0 838.0 800.0 598.0 629.0 253.0 239.0 324.0 915.0 200.0 894.0 489.0 700.0 339.0 600.0 907.0 191.0 859.0 595.0 583.0 455.0 500.0 224.0 641.0 513.0 345.0 1046.0 829.0 373.0 926.0 747.0 432.0 170.0 746.0 683.0 564.0 398.0 712.0 532.0 902.0 211.0 276.0 626.0 659.0 326.0 303.0 613.0 852.0 184.0 986.0 828.0 675.0 759.0 376.0 68.0 690.0 943.0 530.0 678.0 134.0 746.0 623.0 517.0 494.0 393.0 603.0 892.0 691.0 194.0 620.0 508.0 189.0 427.0 334.0 507.0 471.0 341.0 69.0 848.0 299.0 115.0 479.0 889.0 786.0 334.0 335.0 335.0 318.0 479.0 696.0 95.0 447.0 527.0 907.0 544.0 681.0 833.0 688.0 597.0 617.0 721.0 839.0 257.0 466.0 585.0 458.0 895.0 542.0 830.0 458.0 388.0 553.0 900.0 534.0 739.0 508.0 471.0 443.0 512.0 792.0 532.0 499.0 536.0 809.0 95.0 905.0 383.0 490.0 394.0 286.0 603.0 190.0 985.0 658.0 138.0 684.0 527.0 582.0 492.0 
180.0 144.0 628.0 745.0 641.0 206.0 469.0 422.0 483.0 147.0 415.0 303.0 663.0 617.0 270.0 400.0 0.0 248.0 603.0 456.0 517.0 395.0 445.0 401.0 295.0 715.0 412.0 320.0 141.0 216.0 341.0 162.0 194.0 147.0 694.0 262.0 461.0 486.0 350.0 577.0 264.0 362.0 186.0 408.0 256.0 373.0 545.0 291.0 514.0 569.0 463.0 514.0 640.0 276.0 435.0 274.0 767.0 340.0 534.0 497.0 342.0 289.0 756.0 592.0 232.0 252.0 162.0 479.0 644.0 624.0 257.0 766.0 253.0 537.0 670.0 579.0 679.0 471.0 460.0 270.0 452.0 755.0 101.0 186.0 313.0 531.0 55.0 648.0 628.0 679.0 556.0 394.0 452.0 274.0 457.0 285.0 353.0 337.0 327.0 195.0 602.0 189.0 533.0 303.0 663.0 133.0 359.0 214.0 531.0 451.0 591.0 692.0 292.0 382.0 338.0 454.0 649.0 545.0 163.0 280.0 288.0 533.0 353.0 402.0 131.0 651.0 264.0 750.0 544.0 259.0 227.0 146.0 212.0 245.0 472.0 211.0 317.0 386.0 388.0 448.0 641.0 301.0 658.0 725.0 387.0 73.0 162.0 370.0 358.0 442.0 534.0 310.0 572.0 670.0 633.0 145.0 551.0 437.0 671.0 458.0 402.0 355.0 444.0 609.0 364.0 469.0 339.0 634.0 359.0 434.0 424.0 682.0 377.0 524.0 494.0 547.0 510.0 367.0 761.0 528.0 441.0 138.0 458.0 230.0 412.0 343.0 558.0 211.0 626.0 377.0 475.0 211.0 530.0 590.0 614.0 275.0 499.0 128.0 450.0 521.0 
339.0 115.0 718.0 968.0 777.0 431.0 317.0 429.0 682.0 171.0 383.0 522.0 694.0 745.0 155.0 276.0 248.0 0.0 790.0 704.0 497.0 516.0 578.0 167.0 368.0 657.0 179.0 550.0 309.0 445.0 586.0 281.0 363.0 162.0 887.0 487.0 699.0 721.0 595.0 822.0 153.0 404.0 368.0 161.0 264.0 125.0 787.0 400.0 731.0 667.0 657.0 760.0 691.0 382.0 409.0 522.0 965.0 103.0 680.0 381.0 194.0 403.0 934.0 814.0 363.0 496.0 222.0 469.0 593.0 867.0 282.0 964.0 218.0 740.0 611.0 722.0 909.0 436.0 665.0 514.0 637.0 721.0 321.0 213.0 382.0 651.0 215.0 861.0 849.0 639.0 799.0 641.0 564.0 271.0 698.0 482.0 565.0 142.0 485.0 289.0 847.0 161.0 519.0 366.0 798.0 117.0 114.0 425.0 777.0 420.0 811.0 891.0 448.0 624.0 128.0 343.0 805.0 759.0 410.0 477.0 146.0 754.0 586.0 255.0 378.0 644.0 351.0 952.0 741.0 278.0 413.0 284.0 187.0 153.0 521.0 444.0 499.0 474.0 309.0 651.0 572.0 247.0 700.0 935.0 585.0 229.0 96.0 131.0 442.0 247.0 737.0 231.0 639.0 733.0 874.0 370.0 742.0 619.0 817.0 647.0 619.0 600.0 669.0 531.0 527.0 649.0 507.0 871.0 560.0 615.0 560.0 651.0 576.0 764.0 305.0 762.0 636.0 208.0 713.0 649.0 688.0 336.0 266.0 279.0 599.0 183.0 805.0 114.0 690.0 498.0 495.0 449.0 459.0 810.0 770.0 151.0 709.0 346.0 636.0 635.0 
720.0 680.0 328.0 262.0 191.0 403.0 782.0 516.0 126.0 748.0 582.0 310.0 488.0 213.0 692.0 718.0 603.0 790.0 0.0 439.0 570.0 310.0 255.0 874.0 857.0 716.0 968.0 615.0 486.0 605.0 513.0 510.0 430.0 748.0 100.0 624.0 291.0 269.0 504.0 386.0 688.0 470.0 695.0 932.0 562.0 895.0 342.0 407.0 744.0 300.0 794.0 400.0 435.0 820.0 573.0 466.0 180.0 837.0 170.0 735.0 938.0 401.0 155.0 174.0 772.0 525.0 569.0 546.0 670.0 382.0 542.0 178.0 855.0 94.0 699.0 167.0 265.0 592.0 758.0 414.0 154.0 683.0 627.0 583.0 872.0 246.0 600.0 838.0 177.0 661.0 599.0 472.0 298.0 568.0 324.0 704.0 258.0 917.0 792.0 773.0 393.0 636.0 560.0 869.0 198.0 705.0 895.0 653.0 421.0 581.0 769.0 111.0 777.0 551.0 910.0 712.0 126.0 770.0 508.0 701.0 718.0 177.0 308.0 1001.0 510.0 577.0 826.0 175.0 72.0 548.0 704.0 720.0 621.0 844.0 428.0 410.0 293.0 380.0 653.0 759.0 705.0 622.0 463.0 179.0 743.0 576.0 740.0 918.0 401.0 1026.0 92.0 650.0 383.0 412.0 344.0 616.0 53.0 809.0 168.0 146.0 225.0 507.0 676.0 710.0 265.0 142.0 284.0 314.0 245.0 810.0 261.0 641.0 227.0 610.0 1083.0 137.0 236.0 961.0 717.0 245.0 479.0 661.0 1044.0 819.0 783.0 746.0 515.0 803.0 396.0 324.0 488.0 574.0 667.0 768.0 120.0 700.0 138.0 631.0 155.0 266.0 
454.0 595.0 689.0 400.0 600.0 311.0 867.0 691.0 341.0 575.0 728.0 276.0 814.0 603.0 693.0 792.0 456.0 704.0 439.0 0.0 783.0 513.0 508.0 851.0 572.0 979.0 864.0 243.0 444.0 302.0 142.0 496.0 425.0 580.0 476.0 288.0 148.0 171.0 129.0 142.0 687.0 619.0 417.0 863.0 610.0 828.0 139.0 510.0 311.0 637.0 381.0 74.0 768.0 525.0 735.0 183.0 513.0 792.0 515.0 863.0 768.0 501.0 566.0 299.0 487.0 221.0 548.0 746.0 915.0 193.0 597.0 513.0 648.0 346.0 945.0 547.0 319.0 769.0 341.0 199.0 379.0 981.0 404.0 575.0 581.0 572.0 494.0 400.0 327.0 928.0 170.0 73.0 553.0 626.0 115.0 360.0 285.0 781.0 446.0 529.0 165.0 610.0 787.0 585.0 615.0 588.0 815.0 350.0 80.0 750.0 330.0 456.0 449.0 145.0 786.0 824.0 555.0 335.0 294.0 361.0 717.0 267.0 196.0 817.0 326.0 864.0 547.0 483.0 372.0 602.0 398.0 487.0 617.0 673.0 664.0 286.0 374.0 566.0 751.0 346.0 932.0 677.0 795.0 439.0 351.0 488.0 616.0 824.0 561.0 877.0 349.0 699.0 696.0 768.0 222.0 362.0 399.0 409.0 595.0 368.0 262.0 126.0 252.0 916.0 421.0 401.0 407.0 239.0 321.0 412.0 493.0 918.0 325.0 173.0 922.0 306.0 548.0 793.0 1004.0 569.0 45.0 413.0 889.0 579.0 388.0 766.0 115.0 653.0 735.0 509.0 706.0 281.0 847.0 330.0 534.0 700.0 306.0 388.0 377.0 580.0 
696.0 454.0 314.0 826.0 443.0 494.0 278.0 100.0 535.0 591.0 115.0 508.0 216.0 404.0 342.0 253.0 517.0 497.0 570.0 783.0 0.0 287.0 324.0 465.0 796.0 204.0 626.0 783.0 403.0 698.0 743.0 362.0 386.0 583.0 659.0 743.0 684.0 687.0 745.0 831.0 345.0 171.0 701.0 558.0 267.0 531.0 782.0 279.0 980.0 296.0 959.0 799.0 234.0 786.0 89.0 658.0 736.0 468.0 402.0 201.0 690.0 287.0 658.0 696.0 746.0 681.0 360.0 40.0 135.0 856.0 262.0 734.0 688.0 584.0 165.0 420.0 805.0 63.0 945.0 608.0 472.0 239.0 613.0 341.0 813.0 330.0 467.0 1111.0 718.0 162.0 942.0 758.0 276.0 251.0 705.0 789.0 507.0 633.0 842.0 695.0 851.0 368.0 24.0 800.0 457.0 502.0 548.0 716.0 824.0 77.0 1044.0 678.0 809.0 796.0 613.0 203.0 507.0 1012.0 589.0 785.0 354.0 654.0 590.0 750.0 557.0 148.0 768.0 740.0 567.0 260.0 740.0 656.0 335.0 635.0 143.0 523.0 412.0 221.0 194.0 937.0 150.0 253.0 230.0 749.0 883.0 445.0 524.0 580.0 223.0 723.0 579.0 266.0 221.0 283.0 837.0 645.0 548.0 942.0 493.0 487.0 550.0 750.0 902.0 142.0 376.0 463.0 383.0 817.0 475.0 939.0 327.0 165.0 478.0 926.0 780.0 634.0 336.0 703.0 245.0 330.0 797.0 653.0 744.0 714.0 915.0 338.0 897.0 586.0 253.0 284.0 85.0 678.0 104.0 1043.0 481.0 347.0 583.0 637.0 472.0 309.0 
560.0 420.0 235.0 550.0 262.0 267.0 473.0 214.0 251.0 524.0 275.0 242.0 312.0 230.0 396.0 408.0 395.0 516.0 310.0 513.0 287.0 0.0 63.0 575.0 688.0 471.0 689.0 566.0 255.0 504.0 500.0 251.0 203.0 520.0 408.0 542.0 401.0 402.0 499.0 546.0 394.0 161.0 549.0 643.0 264.0 607.0 497.0 118.0 750.0 176.0 753.0 520.0 273.0 662.0 270.0 420.0 488.0 545.0 167.0 429.0 689.0 116.0 434.0 413.0 615.0 459.0 298.0 255.0 411.0 570.0 244.0 486.0 634.0 303.0 441.0 206.0 523.0 294.0 731.0 362.0 187.0 469.0 462.0 304.0 705.0 139.0 368.0 873.0 437.0 418.0 678.0 500.0 59.0 266.0 424.0 607.0 229.0 654.0 680.0 588.0 566.0 356.0 285.0 696.0 283.0 457.0 612.0 537.0 544.0 280.0 803.0 421.0 653.0 553.0 643.0 404.0 293.0 781.0 386.0 603.0 421.0 368.0 317.0 754.0 366.0 352.0 656.0 485.0 290.0 249.0 576.0 538.0 334.0 605.0 154.0 293.0 143.0 72.0 343.0 725.0 435.0 318.0 298.0 484.0 683.0 341.0 490.0 639.0 91.0 762.0 299.0 346.0 199.0 290.0 550.0 476.0 276.0 748.0 302.0 203.0 266.0 504.0 671.0 428.0 93.0 183.0 107.0 531.0 194.0 747.0 50.0 407.0 194.0 669.0 820.0 351.0 121.0 710.0 493.0 136.0 533.0 504.0 781.0 625.0 720.0 443.0 623.0 558.0 248.0 19.0 204.0 477.0 373.0 802.0 259.0 404.0 298.0 479.0 188.0 126.0 
604.0 480.0 199.0 503.0 202.0 297.0 529.0 263.0 213.0 578.0 328.0 252.0 306.0 173.0 459.0 467.0 445.0 578.0 255.0 508.0 324.0 63.0 0.0 637.0 735.0 494.0 751.0 588.0 307.0 535.0 513.0 309.0 252.0 575.0 351.0 570.0 384.0 381.0 510.0 526.0 456.0 218.0 590.0 705.0 326.0 669.0 476.0 179.0 764.0 140.0 777.0 507.0 261.0 707.0 320.0 437.0 431.0 607.0 105.0 481.0 748.0 175.0 373.0 373.0 659.0 482.0 358.0 296.0 438.0 545.0 307.0 429.0 689.0 260.0 468.0 145.0 482.0 339.0 751.0 378.0 151.0 481.0 506.0 365.0 751.0 88.0 422.0 883.0 394.0 439.0 677.0 504.0 50.0 328.0 411.0 639.0 225.0 715.0 716.0 637.0 543.0 417.0 318.0 743.0 223.0 515.0 674.0 572.0 531.0 328.0 812.0 365.0 691.0 565.0 704.0 458.0 231.0 795.0 419.0 636.0 484.0 334.0 316.0 813.0 402.0 365.0 702.0 429.0 243.0 312.0 614.0 585.0 395.0 662.0 183.0 320.0 160.0 127.0 401.0 747.0 467.0 379.0 288.0 431.0 710.0 396.0 548.0 700.0 151.0 823.0 255.0 407.0 188.0 267.0 521.0 515.0 226.0 776.0 240.0 166.0 251.0 515.0 686.0 466.0 100.0 140.0 124.0 499.0 189.0 775.0 23.0 424.0 184.0 672.0 881.0 312.0 65.0 769.0 508.0 84.0 533.0 547.0 842.0 675.0 748.0 505.0 615.0 616.0 230.0 81.0 240.0 506.0 417.0 812.0 196.0 466.0 263.0 520.0 152.0 82.0 
505.0 258.0 739.0 1078.0 827.0 558.0 214.0 428.0 780.0 337.0 364.0 640.0 679.0 791.0 183.0 213.0 401.0 167.0 874.0 851.0 465.0 575.0 637.0 0.0 526.0 584.0 175.0 713.0 425.0 608.0 741.0 382.0 469.0 328.0 973.0 651.0 828.0 847.0 750.0 960.0 187.0 431.0 535.0 99.0 313.0 85.0 921.0 468.0 897.0 698.0 823.0 902.0 688.0 544.0 388.0 671.0 1053.0 65.0 742.0 296.0 293.0 474.0 1008.0 925.0 528.0 652.0 321.0 449.0 528.0 1003.0 333.0 1052.0 366.0 839.0 539.0 779.0 1027.0 403.0 831.0 655.0 727.0 659.0 483.0 299.0 538.0 697.0 358.0 1027.0 958.0 578.0 956.0 792.0 611.0 310.0 831.0 648.0 677.0 224.0 650.0 454.0 985.0 252.0 489.0 522.0 846.0 277.0 113.0 590.0 921.0 395.0 976.0 981.0 613.0 782.0 199.0 272.0 868.0 925.0 561.0 643.0 157.0 867.0 713.0 336.0 526.0 605.0 511.0 1045.0 835.0 328.0 579.0 450.0 258.0 299.0 534.0 577.0 597.0 517.0 275.0 818.0 498.0 260.0 690.0 1033.0 751.0 363.0 262.0 141.0 489.0 280.0 835.0 233.0 651.0 735.0 1004.0 532.0 831.0 785.0 872.0 739.0 732.0 755.0 834.0 454.0 610.0 734.0 595.0 999.0 664.0 781.0 624.0 596.0 679.0 923.0 330.0 869.0 688.0 294.0 643.0 696.0 839.0 501.0 299.0 438.0 766.0 137.0 956.0 272.0 697.0 558.0 492.0 608.0 397.0 975.0 833.0 175.0 814.0 509.0 726.0 678.0 
138.0 350.0 922.0 943.0 925.0 459.0 679.0 706.0 732.0 212.0 686.0 548.0 956.0 903.0 488.0 625.0 295.0 368.0 857.0 572.0 796.0 688.0 735.0 526.0 0.0 984.0 427.0 337.0 435.0 275.0 431.0 454.0 485.0 222.0 939.0 284.0 645.0 674.0 444.0 713.0 483.0 652.0 166.0 473.0 530.0 455.0 699.0 586.0 448.0 863.0 344.0 644.0 935.0 48.0 709.0 421.0 1004.0 465.0 816.0 732.0 279.0 584.0 1012.0 804.0 89.0 364.0 439.0 760.0 915.0 764.0 536.0 1003.0 163.0 778.0 938.0 861.0 867.0 744.0 369.0 456.0 716.0 1034.0 233.0 456.0 18.0 821.0 335.0 558.0 839.0 954.0 588.0 499.0 746.0 546.0 627.0 221.0 600.0 332.0 162.0 103.0 737.0 433.0 814.0 14.0 945.0 302.0 428.0 225.0 651.0 725.0 527.0 931.0 137.0 438.0 352.0 690.0 923.0 467.0 350.0 219.0 493.0 748.0 564.0 297.0 349.0 936.0 33.0 981.0 791.0 537.0 174.0 151.0 465.0 228.0 765.0 449.0 592.0 681.0 638.0 354.0 904.0 555.0 952.0 947.0 292.0 361.0 292.0 415.0 652.0 383.0 777.0 553.0 867.0 965.0 788.0 243.0 804.0 296.0 950.0 718.0 637.0 446.0 414.0 867.0 646.0 736.0 620.0 800.0 617.0 291.0 713.0 960.0 635.0 546.0 407.0 773.0 799.0 298.0 1035.0 818.0 536.0 197.0 386.0 90.0 286.0 541.0 634.0 256.0 921.0 671.0 763.0 303.0 789.0 526.0 889.0 488.0 735.0 227.0 714.0 812.0 
893.0 637.0 406.0 978.0 555.0 696.0 371.0 303.0 706.0 775.0 301.0 705.0 247.0 520.0 508.0 385.0 715.0 657.0 716.0 979.0 204.0 471.0 494.0 584.0 984.0 0.0 757.0 987.0 606.0 901.0 946.0 563.0 590.0 767.0 794.0 946.0 871.0 871.0 947.0 1017.0 512.0 375.0 900.0 682.0 460.0 662.0 967.0 481.0 1184.0 418.0 1162.0 990.0 296.0 979.0 280.0 861.0 865.0 605.0 549.0 289.0 846.0 489.0 773.0 862.0 940.0 885.0 555.0 244.0 72.0 1038.0 459.0 863.0 864.0 748.0 47.0 552.0 969.0 244.0 1148.0 809.0 645.0 87.0 812.0 533.0 1001.0 472.0 663.0 1314.0 879.0 56.0 1141.0 958.0 444.0 443.0 895.0 991.0 698.0 783.0 1041.0 885.0 1035.0 552.0 195.0 987.0 563.0 685.0 685.0 917.0 1015.0 264.0 1247.0 817.0 1007.0 999.0 761.0 318.0 628.0 1216.0 793.0 986.0 513.0 827.0 784.0 902.0 761.0 142.0 958.0 875.0 728.0 456.0 940.0 849.0 520.0 805.0 318.0 726.0 606.0 413.0 352.0 1140.0 87.0 431.0 274.0 892.0 1086.0 642.0 702.0 716.0 421.0 860.0 743.0 435.0 334.0 337.0 1014.0 847.0 705.0 1144.0 603.0 660.0 736.0 952.0 1105.0 131.0 564.0 632.0 574.0 992.0 664.0 1141.0 502.0 78.0 665.0 1127.0 913.0 802.0 486.0 856.0 60.0 473.0 996.0 852.0 880.0 899.0 1117.0 480.0 1092.0 759.0 332.0 472.0 275.0 881.0 199.0 1246.0 610.0 510.0 756.0 838.0 645.0 453.0 
453.0 292.0 879.0 1145.0 949.0 606.0 387.0 576.0 861.0 294.0 519.0 699.0 836.0 915.0 302.0 378.0 412.0 179.0 968.0 864.0 626.0 689.0 751.0 175.0 427.0 757.0 0.0 685.0 488.0 585.0 738.0 459.0 542.0 287.0 1066.0 621.0 871.0 894.0 748.0 988.0 303.0 564.0 489.0 78.0 429.0 97.0 956.0 574.0 848.0 832.0 758.0 925.0 840.0 458.0 544.0 682.0 1144.0 159.0 855.0 469.0 154.0 578.0 1112.0 991.0 457.0 649.0 400.0 606.0 699.0 1035.0 448.0 1142.0 268.0 919.0 712.0 895.0 1085.0 564.0 775.0 681.0 816.0 830.0 465.0 388.0 436.0 821.0 388.0 971.0 1026.0 749.0 942.0 798.0 734.0 432.0 868.0 597.0 743.0 97.0 576.0 384.0 1014.0 335.0 650.0 420.0 969.0 282.0 80.0 554.0 940.0 553.0 929.0 1070.0 542.0 769.0 82.0 441.0 981.0 873.0 572.0 593.0 282.0 932.0 760.0 175.0 543.0 770.0 423.0 1131.0 920.0 444.0 529.0 402.0 356.0 211.0 676.0 617.0 678.0 641.0 433.0 760.0 671.0 395.0 845.0 1113.0 694.0 405.0 251.0 51.0 610.0 106.0 916.0 373.0 795.0 885.0 1044.0 512.0 920.0 714.0 990.0 826.0 797.0 753.0 796.0 627.0 705.0 827.0 685.0 1044.0 738.0 709.0 735.0 766.0 755.0 905.0 157.0 940.0 808.0 143.0 816.0 819.0 844.0 469.0 125.0 352.0 699.0 289.0 959.0 215.0 844.0 671.0 641.0 595.0 566.0 928.0 945.0 295.0 888.0 486.0 815.0 803.0 
239.0 461.0 786.0 636.0 737.0 301.0 786.0 684.0 495.0 393.0 699.0 341.0 875.0 728.0 589.0 714.0 320.0 550.0 615.0 243.0 783.0 566.0 588.0 713.0 337.0 987.0 685.0 0.0 385.0 106.0 109.0 433.0 398.0 401.0 676.0 65.0 349.0 378.0 121.0 384.0 583.0 613.0 201.0 702.0 550.0 671.0 378.0 511.0 200.0 727.0 190.0 316.0 838.0 290.0 714.0 155.0 728.0 650.0 634.0 805.0 566.0 504.0 761.0 514.0 259.0 107.0 464.0 744.0 917.0 434.0 544.0 727.0 440.0 524.0 946.0 675.0 556.0 751.0 166.0 214.0 505.0 1010.0 231.0 492.0 345.0 669.0 372.0 333.0 547.0 943.0 260.0 173.0 619.0 568.0 323.0 119.0 383.0 594.0 204.0 314.0 406.0 507.0 794.0 351.0 756.0 436.0 652.0 132.0 319.0 730.0 272.0 661.0 208.0 102.0 605.0 762.0 711.0 231.0 195.0 120.0 608.0 467.0 309.0 607.0 229.0 896.0 316.0 700.0 544.0 548.0 169.0 285.0 526.0 479.0 696.0 273.0 429.0 595.0 693.0 160.0 923.0 607.0 862.0 660.0 129.0 381.0 455.0 654.0 577.0 678.0 524.0 621.0 764.0 852.0 464.0 181.0 565.0 195.0 747.0 501.0 395.0 121.0 125.0 897.0 488.0 529.0 465.0 480.0 414.0 196.0 567.0 939.0 427.0 221.0 716.0 500.0 644.0 591.0 1024.0 666.0 203.0 218.0 687.0 361.0 169.0 662.0 297.0 472.0 812.0 555.0 720.0 112.0 820.0 271.0 682.0 594.0 478.0 205.0 503.0 669.0 
312.0 196.0 488.0 661.0 506.0 137.0 424.0 305.0 374.0 273.0 314.0 217.0 529.0 479.0 253.0 350.0 141.0 309.0 486.0 444.0 403.0 255.0 307.0 425.0 435.0 606.0 488.0 385.0 0.0 295.0 364.0 53.0 58.0 270.0 582.0 341.0 404.0 423.0 369.0 540.0 247.0 237.0 309.0 462.0 171.0 424.0 499.0 153.0 584.0 429.0 556.0 487.0 504.0 412.0 330.0 281.0 659.0 374.0 400.0 429.0 453.0 150.0 636.0 506.0 366.0 288.0 106.0 364.0 535.0 581.0 162.0 657.0 384.0 432.0 564.0 444.0 605.0 367.0 544.0 246.0 333.0 637.0 219.0 133.0 452.0 392.0 117.0 717.0 541.0 565.0 578.0 398.0 312.0 188.0 410.0 388.0 257.0 431.0 447.0 335.0 565.0 174.0 416.0 443.0 527.0 219.0 420.0 314.0 508.0 346.0 652.0 584.0 416.0 414.0 426.0 387.0 519.0 615.0 191.0 383.0 278.0 447.0 289.0 517.0 157.0 527.0 403.0 645.0 434.0 166.0 343.0 285.0 175.0 362.0 339.0 160.0 194.0 248.0 315.0 535.0 539.0 235.0 523.0 626.0 480.0 92.0 254.0 439.0 221.0 541.0 429.0 255.0 434.0 531.0 581.0 245.0 436.0 539.0 538.0 342.0 312.0 374.0 507.0 513.0 232.0 347.0 209.0 575.0 251.0 537.0 286.0 564.0 268.0 554.0 597.0 453.0 371.0 476.0 647.0 389.0 443.0 261.0 558.0 370.0 512.0 325.0 557.0 319.0 488.0 237.0 349.0 276.0 436.0 651.0 483.0 260.0 401.0 240.0 332.0 381.0 
153.0 356.0 733.0 669.0 703.0 239.0 683.0 599.0 480.0 291.0 607.0 306.0 807.0 689.0 486.0 613.0 216.0 445.0 605.0 302.0 698.0 504.0 535.0 608.0 275.0 901.0 585.0 106.0 295.0 0.0 163.0 341.0 319.0 299.0 679.0 47.0 372.0 401.0 175.0 442.0 480.0 530.0 115.0 599.0 454.0 567.0 425.0 434.0 299.0 674.0 261.0 373.0 774.0 230.0 624.0 148.0 738.0 544.0 596.0 706.0 473.0 427.0 757.0 533.0 188.0 89.0 365.0 659.0 830.0 492.0 450.0 738.0 350.0 519.0 859.0 640.0 592.0 661.0 250.0 192.0 477.0 930.0 126.0 392.0 287.0 621.0 269.0 433.0 568.0 859.0 358.0 230.0 561.0 473.0 353.0 105.0 355.0 495.0 188.0 227.0 466.0 404.0 710.0 288.0 723.0 331.0 548.0 51.0 382.0 641.0 375.0 668.0 173.0 186.0 505.0 663.0 688.0 330.0 118.0 101.0 504.0 479.0 300.0 518.0 143.0 818.0 248.0 714.0 536.0 454.0 104.0 190.0 424.0 382.0 622.0 217.0 378.0 523.0 595.0 240.0 834.0 508.0 797.0 678.0 186.0 280.0 350.0 551.0 502.0 585.0 519.0 521.0 701.0 793.0 515.0 76.0 553.0 247.0 720.0 476.0 381.0 178.0 229.0 806.0 437.0 500.0 412.0 525.0 380.0 246.0 514.0 858.0 396.0 321.0 626.0 507.0 596.0 498.0 941.0 617.0 272.0 117.0 595.0 277.0 220.0 558.0 381.0 371.0 751.0 491.0 640.0 32.0 727.0 374.0 656.0 491.0 475.0 101.0 475.0 617.0 
