150 0.0 5
1 440 128
2 271 899
3 521 4
4 630 969
5 360 170
6 162 443
7 434 267
8 46 790
9 326 259
10 288 775
11 156 400
12 430 717
13 649 114
14 127 612
15 828 491
16 13 724
17 395 370
18 800 539
19 339 778
20 851 808
21 475 751
22 175 595
23 465 43
24 617 508
25 8 366
26 465 150
27 83 299
28 505 490
29 790 893
30 289 900
31 768 44
32 725 557
33 614 270
34 372 798
35 590 117
36 333 627
37 749 215
38 325 340
39 666 257
40 188 828
41 651 470
42 461 84
43 152 26
44 501 865
45 905 157
46 271 204
47 427 853
48 502 308
49 567 7
50 369 53
51 829 243
52 353 537
53 239 353
54 110 661
55 980 147
56 139 45
57 624 632
58 222 603
59 411 28
60 637 107
61 187 403
62 337 762
63 722 95
64 791 144
65 571 731
66 183 338
67 787 191
68 570 778
69 623 120
70 974 65
71 239 309
72 550 378
73 155 594
74 91 889
75 865 515
76 810 975
77 748 122
78 924 337
79 676 40
80 271 722
81 214 874
82 452 872
83 614 678
84 376 298
85 443 9
86 634 716
87 356 802
88 729 735
89 417 416
90 663 121
91 50 279
92 672 129
93 650 799
94 738 635
95 984 22
96 265 384
97 613 511
98 66 859
99 529 893
100 825 628
101 270 245
102 115 541
103 10 790
104 751 262
105 452 941
106 654 642
107 471 123
108 506 503
109 96 769
110 953 532
111 47 180
112 48 418
113 460 365
114 912 204
115 809 347
116 869 884
117 234 968
118 820 358
119 142 736
120 822 947
121 893 667
122 159 214
123 696 982
124 90 695
125 628 750
126 811 850
127 825 131
128 584 242
129 32 43
130 773 743
131 876 778
132 129 205
133 640 387
134 178 2
135 881 806
136 590 897
137 648 351
138 393 552
139 209 583
140 8 214
141 657 560
142 717 776
143 202 465
144 71 347
145 73 422
146 924 616
147 678 871
148 388 547
149 202 342
150 706 323
opening costs
76 962 381 207 3 143 100 887 385 531 486 752 177 905 75 114 430 831 72 367 844 534 569 575 905 137 790 824 300 160 375 255 903 167 562 39 78 459 499 259 176 339 236 621 895 156 591 141 902 657 769 318 403 106 759 165 961 992 379 140 594 384 964 687 145 3 975 926 362 731 211 653 408 357 383 211 324 658 608 871 741 90 289 46 178 76 313 992 297 118 263 378 777 426 549 862 434 185 888 910 710 8 778 346 405 225 144 451 799 178 989 26 594 442 65 950 834 584 54 109 794 818 243 378 909 268 962 612 150 951 960 941 740 464 109 542 916 620 186 146 476 675 480 235 684 247 523 836 867 437 
star costs
0.0 790.0 149.0 863.0 91.0 421.0 140.0 771.0 174.0 665.0 394.0 590.0 210.0 577.0 532.0 734.0 247.0 547.0 658.0 795.0 624.0 537.0 89.0 420.0 494.0 34.0 396.0 368.0 842.0 787.0 339.0 516.0 225.0 674.0 151.0 511.0 322.0 242.0 261.0 744.0 402.0 49.0 306.0 740.0 466.0 186.0 726.0 191.0 176.0 104.0 406.0 419.0 302.0 627.0 541.0 313.0 537.0 523.0 105.0 199.0 374.0 643.0 284.0 352.0 618.0 332.0 353.0 663.0 184.0 538.0 271.0 274.0 547.0 838.0 575.0 925.0 309.0 528.0 252.0 618.0 780.0 745.0 577.0 182.0 120.0 620.0 680.0 673.0 289.0 224.0 419.0 233.0 704.0 589.0 555.0 311.0 421.0 822.0 771.0 632.0 207.0 526.0 790.0 339.0 814.0 557.0 32.0 381.0 728.0 653.0 397.0 488.0 238.0 479.0 430.0 870.0 865.0 445.0 678.0 904.0 705.0 294.0 892.0 667.0 650.0 812.0 386.0 184.0 417.0 700.0 783.0 321.0 328.0 291.0 809.0 784.0 305.0 427.0 511.0 441.0 484.0 705.0 413.0 430.0 471.0 688.0 781.0 423.0 321.0 330.0 
790.0 0.0 930.0 366.0 735.0 469.0 653.0 251.0 643.0 126.0 513.0 242.0 872.0 322.0 691.0 312.0 544.0 640.0 139.0 588.0 253.0 319.0 878.0 523.0 595.0 774.0 629.0 472.0 520.0 19.0 989.0 569.0 717.0 143.0 845.0 279.0 835.0 562.0 754.0 110.0 574.0 837.0 882.0 233.0 976.0 695.0 163.0 635.0 940.0 852.0 862.0 372.0 547.0 288.0 1034.0 865.0 443.0 301.0 883.0 873.0 504.0 153.0 922.0 917.0 344.0 568.0 877.0 323.0 855.0 1091.0 591.0 592.0 327.0 181.0 708.0 545.0 912.0 862.0 950.0 177.0 63.0 184.0 409.0 611.0 907.0 407.0 129.0 487.0 505.0 872.0 659.0 869.0 392.0 537.0 1131.0 516.0 518.0 209.0 259.0 617.0 655.0 391.0 283.0 798.0 186.0 462.0 802.0 461.0 219.0 775.0 754.0 531.0 567.0 946.0 771.0 599.0 79.0 771.0 208.0 554.0 664.0 695.0 434.0 273.0 387.0 543.0 947.0 728.0 889.0 526.0 617.0 709.0 632.0 902.0 618.0 320.0 666.0 368.0 323.0 734.0 514.0 463.0 440.0 588.0 517.0 712.0 408.0 371.0 562.0 722.0 
149.0 930.0 0.0 972.0 232.0 568.0 278.0 919.0 322.0 806.0 539.0 719.0 169.0 725.0 576.0 882.0 388.0 604.0 796.0 870.0 749.0 685.0 69.0 514.0 628.0 157.0 529.0 487.0 929.0 926.0 251.0 590.0 282.0 808.0 133.0 651.0 311.0 389.0 292.0 889.0 484.0 100.0 370.0 862.0 414.0 321.0 855.0 305.0 47.0 160.0 390.0 559.0 449.0 775.0 481.0 385.0 637.0 670.0 113.0 156.0 521.0 781.0 221.0 305.0 729.0 476.0 326.0 776.0 155.0 458.0 416.0 376.0 695.0 984.0 617.0 1014.0 256.0 523.0 160.0 761.0 923.0 871.0 681.0 328.0 79.0 721.0 815.0 761.0 425.0 184.0 546.0 197.0 806.0 668.0 464.0 459.0 516.0 969.0 890.0 695.0 348.0 674.0 938.0 346.0 940.0 652.0 130.0 500.0 876.0 683.0 506.0 629.0 367.0 440.0 448.0 947.0 1006.0 464.0 825.0 990.0 761.0 419.0 994.0 815.0 754.0 895.0 330.0 247.0 491.0 781.0 852.0 441.0 402.0 344.0 880.0 896.0 370.0 563.0 658.0 555.0 573.0 797.0 561.0 566.0 613.0 733.0 882.0 560.0 465.0 369.0 
863.0 366.0 972.0 0.0 844.0 705.0 729.0 611.0 773.0 394.0 741.0 322.0 856.0 617.0 518.0 664.0 644.0 463.0 349.0 274.0 268.0 589.0 941.0 462.0 867.0 836.0 865.0 496.0 178.0 348.0 936.0 423.0 700.0 310.0 853.0 453.0 764.0 700.0 713.0 464.0 500.0 901.0 1058.0 166.0 858.0 846.0 234.0 674.0 965.0 953.0 753.0 514.0 730.0 605.0 894.0 1047.0 338.0 549.0 967.0 863.0 719.0 359.0 879.0 841.0 246.0 774.0 794.0 201.0 850.0 968.0 768.0 597.0 606.0 545.0 512.0 181.0 856.0 698.0 931.0 436.0 427.0 203.0 292.0 718.0 979.0 254.0 321.0 255.0 593.0 849.0 902.0 842.0 172.0 352.0 1012.0 690.0 459.0 575.0 127.0 393.0 809.0 670.0 646.0 718.0 181.0 328.0 861.0 483.0 571.0 544.0 982.0 802.0 628.0 816.0 648.0 254.0 397.0 640.0 541.0 194.0 401.0 890.0 68.0 606.0 220.0 217.0 861.0 729.0 1103.0 268.0 312.0 914.0 583.0 1068.0 300.0 83.0 619.0 480.0 572.0 979.0 410.0 212.0 662.0 837.0 781.0 460.0 110.0 487.0 760.0 651.0 
91.0 735.0 232.0 844.0 0.0 338.0 123.0 695.0 96.0 610.0 308.0 552.0 295.0 500.0 568.0 654.0 204.0 575.0 609.0 806.0 593.0 464.0 165.0 425.0 403.0 107.0 306.0 352.0 842.0 734.0 428.0 532.0 273.0 629.0 237.0 458.0 392.0 174.0 319.0 681.0 418.0 133.0 253.0 710.0 546.0 96.0 687.0 199.0 264.0 118.0 475.0 368.0 220.0 551.0 621.0 254.0 533.0 455.0 151.0 285.0 291.0 593.0 370.0 432.0 600.0 245.0 428.0 644.0 268.0 623.0 185.0 282.0 471.0 768.0 612.0 923.0 391.0 589.0 342.0 560.0 719.0 709.0 568.0 129.0 182.0 611.0 633.0 675.0 253.0 307.0 329.0 315.0 693.0 600.0 642.0 235.0 425.0 750.0 743.0 653.0 118.0 445.0 712.0 402.0 777.0 557.0 121.0 364.0 655.0 695.0 314.0 399.0 220.0 554.0 483.0 877.0 808.0 497.0 607.0 904.0 729.0 206.0 879.0 591.0 639.0 816.0 467.0 236.0 352.0 707.0 798.0 234.0 355.0 248.0 823.0 763.0 341.0 384.0 440.0 355.0 491.0 704.0 335.0 339.0 382.0 720.0 770.0 379.0 234.0 379.0 
421.0 469.0 568.0 705.0 338.0 0.0 324.0 366.0 247.0 356.0 44.0 384.0 588.0 173.0 668.0 319.0 245.0 646.0 379.0 780.0 440.0 153.0 502.0 460.0 173.0 422.0 165.0 347.0 773.0 475.0 726.0 575.0 484.0 413.0 539.0 252.0 630.0 193.0 538.0 386.0 490.0 468.0 418.0 542.0 797.0 263.0 489.0 366.0 596.0 442.0 697.0 213.0 119.0 225.0 870.0 399.0 500.0 171.0 484.0 582.0 48.0 364.0 660.0 697.0 501.0 108.0 674.0 528.0 563.0 896.0 155.0 394.0 152.0 452.0 707.0 839.0 669.0 770.0 654.0 300.0 435.0 518.0 510.0 259.0 518.0 546.0 409.0 638.0 257.0 596.0 199.0 599.0 605.0 608.0 924.0 119.0 457.0 427.0 581.0 689.0 226.0 109.0 379.0 617.0 577.0 531.0 445.0 350.0 333.0 796.0 288.0 117.0 309.0 788.0 655.0 834.0 530.0 664.0 294.0 831.0 765.0 230.0 759.0 263.0 559.0 767.0 733.0 468.0 421.0 681.0 789.0 241.0 482.0 442.0 806.0 624.0 495.0 256.0 148.0 276.0 509.0 648.0 46.0 133.0 92.0 782.0 671.0 249.0 109.0 558.0 
140.0 653.0 278.0 729.0 123.0 324.0 0.0 652.0 109.0 529.0 309.0 451.0 264.0 462.0 454.0 622.0 111.0 457.0 520.0 684.0 486.0 418.0 227.0 303.0 438.0 122.0 353.0 235.0 721.0 650.0 402.0 411.0 181.0 535.0 217.0 374.0 320.0 132.0 233.0 613.0 298.0 185.0 371.0 602.0 484.0 175.0 587.0 80.0 293.0 224.0 396.0 282.0 214.0 511.0 560.0 370.0 412.0 398.0 241.0 259.0 282.0 505.0 336.0 378.0 484.0 261.0 362.0 529.0 240.0 577.0 200.0 161.0 430.0 711.0 498.0 802.0 346.0 495.0 332.0 484.0 646.0 606.0 449.0 66.0 259.0 492.0 541.0 554.0 150.0 272.0 385.0 276.0 575.0 478.0 603.0 206.0 303.0 698.0 634.0 533.0 166.0 421.0 674.0 318.0 675.0 435.0 149.0 247.0 606.0 583.0 397.0 415.0 102.0 483.0 384.0 755.0 729.0 397.0 553.0 783.0 609.0 281.0 762.0 550.0 521.0 695.0 414.0 153.0 461.0 585.0 676.0 312.0 239.0 369.0 701.0 650.0 230.0 288.0 388.0 430.0 369.0 583.0 306.0 372.0 393.0 602.0 652.0 284.0 244.0 278.0 
771.0 251.0 919.0 611.0 695.0 366.0 652.0 0.0 601.0 243.0 406.0 391.0 906.0 196.0 838.0 74.0 547.0 795.0 294.0 806.0 431.0 234.0 857.0 637.0 426.0 765.0 493.0 549.0 752.0 267.0 1039.0 718.0 771.0 327.0 866.0 331.0 909.0 530.0 818.0 147.0 685.0 819.0 772.0 462.0 1068.0 628.0 387.0 664.0 941.0 805.0 956.0 398.0 478.0 145.0 1134.0 751.0 600.0 257.0 845.0 904.0 412.0 293.0 970.0 987.0 529.0 473.0 953.0 525.0 885.0 1178.0 519.0 651.0 225.0 109.0 864.0 787.0 970.0 988.0 980.0 236.0 188.0 415.0 579.0 593.0 877.0 593.0 311.0 686.0 527.0 911.0 512.0 911.0 605.0 710.0 1213.0 462.0 632.0 72.0 494.0 796.0 590.0 259.0 36.0 881.0 434.0 626.0 791.0 543.0 55.0 943.0 611.0 373.0 594.0 1046.0 883.0 829.0 259.0 887.0 111.0 792.0 856.0 587.0 678.0 105.0 584.0 768.0 1021.0 768.0 748.0 729.0 831.0 591.0 718.0 799.0 836.0 555.0 746.0 421.0 264.0 578.0 653.0 672.0 361.0 444.0 369.0 896.0 638.0 420.0 475.0 809.0 
174.0 643.0 322.0 773.0 96.0 247.0 109.0 601.0 0.0 518.0 221.0 470.0 355.0 406.0 554.0 561.0 131.0 551.0 520.0 760.0 515.0 369.0 257.0 383.0 336.0 177.0 247.0 293.0 786.0 643.0 492.0 499.0 289.0 541.0 300.0 369.0 426.0 82.0 341.0 586.0 388.0 222.0 291.0 631.0 588.0 78.0 603.0 183.0 349.0 211.0 504.0 280.0 129.0 457.0 664.0 285.0 478.0 360.0 247.0 347.0 201.0 504.0 429.0 480.0 532.0 164.0 466.0 574.0 328.0 677.0 101.0 254.0 377.0 673.0 597.0 865.0 444.0 604.0 413.0 467.0 626.0 626.0 509.0 64.0 277.0 552.0 544.0 624.0 182.0 365.0 277.0 370.0 630.0 558.0 700.0 140.0 382.0 654.0 666.0 621.0 58.0 353.0 618.0 426.0 694.0 505.0 199.0 304.0 560.0 684.0 290.0 321.0 171.0 589.0 491.0 828.0 715.0 504.0 512.0 849.0 699.0 173.0 813.0 496.0 577.0 765.0 516.0 259.0 365.0 659.0 757.0 205.0 340.0 297.0 780.0 691.0 335.0 301.0 345.0 322.0 448.0 649.0 241.0 270.0 301.0 697.0 707.0 295.0 150.0 386.0 
665.0 126.0 806.0 394.0 610.0 356.0 529.0 243.0 518.0 0.0 398.0 154.0 754.0 230.0 611.0 280.0 419.0 564.0 52.0 564.0 189.0 213.0 754.0 424.0 496.0 650.0 519.0 359.0 516.0 126.0 875.0 489.0 602.0 88.0 724.0 155.0 726.0 437.0 642.0 114.0 475.0 713.0 762.0 232.0 874.0 572.0 160.0 514.0 818.0 727.0 759.0 247.0 425.0 212.0 935.0 746.0 366.0 185.0 758.0 754.0 386.0 51.0 807.0 807.0 287.0 450.0 769.0 283.0 736.0 988.0 469.0 476.0 225.0 228.0 633.0 560.0 799.0 773.0 832.0 56.0 124.0 191.0 341.0 486.0 782.0 351.0 74.0 443.0 382.0 754.0 551.0 752.0 363.0 472.0 1026.0 392.0 419.0 238.0 269.0 557.0 531.0 292.0 279.0 692.0 234.0 390.0 678.0 349.0 193.0 709.0 642.0 431.0 445.0 846.0 675.0 592.0 201.0 676.0 152.0 562.0 615.0 576.0 458.0 214.0 341.0 529.0 839.0 610.0 776.0 487.0 589.0 592.0 524.0 781.0 594.0 326.0 557.0 247.0 208.0 627.0 428.0 430.0 322.0 480.0 414.0 656.0 402.0 249.0 442.0 616.0 
394.0 513.0 539.0 741.0 308.0 44.0 309.0 406.0 221.0 398.0 0.0 420.0 570.0 214.0 679.0 355.0 241.0 659.0 420.0 806.0 475.0 196.0 473.0 474.0 152.0 398.0 125.0 361.0 804.0 518.0 709.0 591.0 477.0 453.0 519.0 288.0 622.0 180.0 530.0 430.0 500.0 440.0 375.0 580.0 788.0 228.0 528.0 359.0 569.0 408.0 692.0 240.0 96.0 266.0 862.0 356.0 523.0 214.0 452.0 564.0 32.0 405.0 643.0 685.0 531.0 68.0 665.0 561.0 545.0 884.0 124.0 395.0 195.0 494.0 719.0 871.0 655.0 771.0 633.0 342.0 478.0 558.0 536.0 243.0 486.0 574.0 450.0 664.0 262.0 579.0 161.0 583.0 636.0 628.0 911.0 111.0 471.0 468.0 619.0 707.0 193.0 147.0 417.0 611.0 617.0 554.0 420.0 365.0 374.0 808.0 246.0 110.0 307.0 781.0 656.0 862.0 574.0 666.0 337.0 862.0 784.0 187.0 794.0 303.0 588.0 795.0 722.0 457.0 378.0 706.0 814.0 197.0 485.0 399.0 831.0 660.0 495.0 282.0 191.0 238.0 526.0 676.0 80.0 101.0 86.0 798.0 704.0 275.0 75.0 556.0 
590.0 242.0 719.0 322.0 552.0 384.0 451.0 391.0 470.0 154.0 420.0 0.0 642.0 321.0 458.0 418.0 349.0 411.0 110.0 431.0 57.0 283.0 675.0 281.0 549.0 569.0 544.0 240.0 401.0 232.0 754.0 336.0 484.0 100.0 621.0 133.0 595.0 392.0 518.0 267.0 332.0 634.0 745.0 165.0 735.0 538.0 137.0 416.0 724.0 667.0 620.0 196.0 412.0 325.0 793.0 733.0 212.0 238.0 690.0 645.0 398.0 104.0 688.0 678.0 142.0 453.0 636.0 153.0 628.0 850.0 451.0 360.0 302.0 381.0 480.0 460.0 675.0 624.0 721.0 160.0 268.0 157.0 189.0 423.0 709.0 205.0 113.0 300.0 302.0 640.0 580.0 636.0 235.0 319.0 889.0 372.0 276.0 391.0 202.0 405.0 499.0 361.0 427.0 557.0 226.0 237.0 596.0 228.0 339.0 555.0 660.0 486.0 354.0 704.0 530.0 470.0 319.0 531.0 289.0 455.0 466.0 572.0 376.0 341.0 201.0 404.0 707.0 500.0 783.0 344.0 451.0 594.0 392.0 759.0 460.0 241.0 427.0 170.0 259.0 657.0 277.0 294.0 340.0 516.0 464.0 505.0 292.0 176.0 439.0 482.0 
210.0 872.0 169.0 856.0 295.0 588.0 264.0 906.0 355.0 754.0 570.0 642.0 0.0 722.0 418.0 882.0 361.0 452.0 733.0 723.0 661.0 676.0 198.0 396.0 689.0 188.0 596.0 403.0 792.0 865.0 139.0 450.0 160.0 738.0 60.0 603.0 143.0 396.0 145.0 850.0 357.0 191.0 505.0 766.0 260.0 389.0 772.0 244.0 135.0 287.0 222.0 517.0 475.0 768.0 333.0 515.0 519.0 650.0 254.0 14.0 545.0 720.0 76.0 146.0 622.0 518.0 159.0 669.0 27.0 329.0 455.0 282.0 689.0 955.0 456.0 876.0 100.0 355.0 79.0 716.0 876.0 784.0 566.0 330.0 232.0 603.0 748.0 627.0 381.0 16.0 622.0 28.0 686.0 529.0 348.0 470.0 399.0 946.0 789.0 544.0 402.0 684.0 931.0 180.0 851.0 529.0 179.0 415.0 858.0 517.0 606.0 674.0 315.0 278.0 283.0 801.0 950.0 298.0 803.0 851.0 605.0 501.0 870.0 807.0 637.0 754.0 177.0 144.0 622.0 642.0 702.0 528.0 274.0 485.0 730.0 786.0 238.0 508.0 644.0 649.0 447.0 666.0 569.0 624.0 654.0 573.0 758.0 506.0 502.0 217.0 
577.0 322.0 725.0 617.0 500.0 173.0 462.0 196.0 406.0 230.0 214.0 321.0 722.0 0.0 712.0 160.0 362.0 677.0 270.0 751.0 375.0 51.0 662.0 501.0 274.0 573.0 317.0 398.0 721.0 331.0 857.0 601.0 596.0 308.0 678.0 207.0 738.0 337.0 646.0 225.0 543.0 625.0 587.0 452.0 902.0 433.0 385.0 483.0 749.0 610.0 794.0 239.0 283.0 52.0 972.0 568.0 498.0 96.0 650.0 718.0 218.0 259.0 789.0 813.0 460.0 280.0 783.0 474.0 699.0 1009.0 324.0 484.0 34.0 280.0 745.0 774.0 792.0 844.0 793.0 182.0 277.0 417.0 492.0 401.0 681.0 518.0 298.0 615.0 351.0 727.0 342.0 729.0 556.0 612.0 1041.0 267.0 497.0 255.0 491.0 699.0 394.0 73.0 214.0 716.0 463.0 528.0 598.0 395.0 161.0 830.0 440.0 210.0 415.0 885.0 732.0 791.0 372.0 739.0 125.0 772.0 768.0 400.0 679.0 91.0 520.0 725.0 848.0 589.0 577.0 660.0 768.0 408.0 561.0 613.0 779.0 544.0 583.0 273.0 87.0 416.0 533.0 613.0 166.0 271.0 198.0 798.0 609.0 269.0 281.0 648.0 
532.0 691.0 576.0 518.0 568.0 668.0 454.0 838.0 554.0 611.0 679.0 458.0 418.0 712.0 0.0 848.0 450.0 56.0 568.0 318.0 439.0 662.0 577.0 212.0 830.0 499.0 770.0 324.0 404.0 677.0 452.0 123.0 308.0 550.0 444.0 514.0 288.0 526.0 285.0 724.0 179.0 549.0 821.0 497.0 343.0 627.0 541.0 374.0 550.0 635.0 249.0 478.0 605.0 738.0 377.0 821.0 248.0 617.0 624.0 429.0 648.0 561.0 410.0 349.0 352.0 663.0 303.0 386.0 424.0 451.0 617.0 301.0 681.0 838.0 45.0 485.0 378.0 182.0 476.0 604.0 724.0 536.0 285.0 492.0 617.0 298.0 566.0 264.0 418.0 406.0 807.0 395.0 356.0 170.0 495.0 574.0 216.0 847.0 502.0 138.0 610.0 715.0 871.0 242.0 587.0 231.0 513.0 323.0 784.0 132.0 841.0 784.0 389.0 300.0 146.0 396.0 762.0 134.0 729.0 457.0 188.0 725.0 509.0 766.0 328.0 360.0 361.0 349.0 914.0 258.0 291.0 756.0 215.0 814.0 320.0 471.0 229.0 440.0 626.0 866.0 185.0 306.0 627.0 771.0 759.0 158.0 409.0 444.0 644.0 208.0 
734.0 312.0 882.0 664.0 654.0 319.0 622.0 74.0 561.0 280.0 355.0 418.0 882.0 160.0 848.0 0.0 521.0 809.0 331.0 843.0 463.0 208.0 818.0 642.0 359.0 731.0 431.0 545.0 796.0 328.0 1017.0 732.0 754.0 367.0 838.0 335.0 895.0 495.0 803.0 204.0 687.0 782.0 712.0 508.0 1057.0 581.0 434.0 643.0 907.0 760.0 948.0 389.0 435.0 116.0 1127.0 691.0 618.0 242.0 802.0 878.0 366.0 327.0 948.0 971.0 559.0 422.0 940.0 560.0 859.0 1166.0 473.0 639.0 193.0 183.0 878.0 836.0 951.0 990.0 953.0 259.0 251.0 464.0 603.0 560.0 835.0 622.0 352.0 717.0 509.0 887.0 447.0 888.0 642.0 731.0 1199.0 424.0 637.0 146.0 543.0 818.0 544.0 210.0 67.0 871.0 490.0 647.0 756.0 541.0 95.0 960.0 546.0 308.0 574.0 1039.0 881.0 871.0 330.0 887.0 130.0 840.0 882.0 531.0 731.0 83.0 616.0 808.0 1006.0 748.0 682.0 761.0 865.0 532.0 712.0 741.0 872.0 603.0 737.0 418.0 242.0 511.0 665.0 706.0 321.0 382.0 308.0 918.0 682.0 415.0 427.0 801.0 
247.0 544.0 388.0 644.0 204.0 245.0 111.0 547.0 131.0 419.0 241.0 349.0 361.0 362.0 450.0 521.0 0.0 439.0 412.0 633.0 390.0 315.0 335.0 262.0 388.0 231.0 320.0 163.0 656.0 541.0 496.0 380.0 241.0 429.0 320.0 265.0 387.0 77.0 294.0 503.0 275.0 294.0 422.0 507.0 553.0 208.0 485.0 124.0 402.0 319.0 453.0 173.0 157.0 408.0 627.0 414.0 348.0 291.0 343.0 358.0 211.0 397.0 428.0 456.0 402.0 215.0 431.0 444.0 339.0 655.0 168.0 156.0 329.0 602.0 492.0 734.0 432.0 531.0 434.0 374.0 536.0 506.0 378.0 75.0 365.0 421.0 434.0 495.0 51.0 366.0 357.0 368.0 500.0 434.0 685.0 131.0 260.0 590.0 540.0 502.0 177.0 329.0 570.0 373.0 574.0 376.0 259.0 174.0 499.0 582.0 397.0 351.0 66.0 543.0 415.0 700.0 620.0 426.0 445.0 718.0 580.0 283.0 683.0 446.0 446.0 636.0 492.0 229.0 489.0 532.0 631.0 314.0 246.0 428.0 653.0 562.0 254.0 183.0 283.0 418.0 324.0 519.0 216.0 325.0 327.0 584.0 576.0 178.0 196.0 315.0 
547.0 640.0 604.0 463.0 575.0 646.0 457.0 795.0 551.0 564.0 659.0 411.0 452.0 677.0 56.0 809.0 439.0 0.0 520.0 274.0 389.0 628.0 599.0 186.0 811.0 514.0 757.0 300.0 355.0 626.0 497.0 78.0 328.0 501.0 472.0 476.0 328.0 516.0 313.0 677.0 165.0 568.0 827.0 443.0 397.0 627.0 488.0 378.0 581.0 650.0 298.0 448.0 592.0 701.0 432.0 826.0 200.0 582.0 643.0 462.0 628.0 514.0 451.0 396.0 299.0 649.0 349.0 332.0 455.0 505.0 607.0 298.0 648.0 791.0 70.0 437.0 421.0 238.0 515.0 560.0 675.0 482.0 233.0 488.0 640.0 243.0 517.0 209.0 403.0 440.0 794.0 430.0 301.0 115.0 549.0 558.0 190.0 801.0 446.0 93.0 607.0 686.0 829.0 282.0 532.0 179.0 531.0 297.0 741.0 154.0 835.0 762.0 382.0 354.0 193.0 352.0 711.0 183.0 687.0 409.0 159.0 719.0 456.0 727.0 273.0 312.0 409.0 368.0 915.0 206.0 251.0 750.0 221.0 822.0 280.0 416.0 242.0 408.0 593.0 857.0 145.0 252.0 603.0 754.0 737.0 146.0 354.0 413.0 630.0 236.0 
658.0 139.0 796.0 349.0 609.0 379.0 520.0 294.0 520.0 52.0 420.0 110.0 733.0 270.0 568.0 331.0 412.0 520.0 0.0 513.0 139.0 246.0 746.0 388.0 529.0 641.0 544.0 333.0 466.0 132.0 851.0 445.0 578.0 39.0 708.0 152.0 697.0 439.0 616.0 160.0 439.0 705.0 775.0 184.0 841.0 579.0 116.0 498.0 805.0 726.0 726.0 242.0 437.0 258.0 900.0 760.0 321.0 211.0 754.0 735.0 405.0 17.0 784.0 779.0 237.0 467.0 739.0 231.0 717.0 955.0 480.0 453.0 261.0 272.0 589.0 511.0 774.0 733.0 812.0 89.0 158.0 147.0 293.0 482.0 777.0 302.0 30.0 393.0 371.0 733.0 577.0 730.0 312.0 424.0 994.0 401.0 383.0 285.0 223.0 509.0 538.0 327.0 330.0 661.0 199.0 344.0 669.0 322.0 244.0 662.0 666.0 463.0 431.0 812.0 638.0 541.0 218.0 639.0 202.0 512.0 566.0 593.0 412.0 263.0 291.0 478.0 810.0 590.0 797.0 436.0 537.0 611.0 494.0 793.0 543.0 278.0 528.0 233.0 235.0 654.0 386.0 379.0 342.0 508.0 445.0 608.0 352.0 237.0 458.0 585.0 
795.0 588.0 870.0 274.0 806.0 780.0 684.0 806.0 760.0 564.0 806.0 431.0 723.0 751.0 318.0 843.0 633.0 274.0 513.0 0.0 381.0 709.0 857.0 381.0 952.0 763.0 922.0 470.0 105.0 570.0 769.0 281.0 588.0 480.0 739.0 549.0 602.0 705.0 582.0 664.0 393.0 823.0 1049.0 355.0 654.0 838.0 427.0 610.0 850.0 896.0 566.0 567.0 763.0 756.0 674.0 1044.0 288.0 662.0 896.0 733.0 778.0 517.0 725.0 667.0 291.0 817.0 621.0 283.0 725.0 754.0 790.0 525.0 729.0 765.0 294.0 172.0 694.0 477.0 788.0 587.0 641.0 405.0 271.0 697.0 898.0 236.0 496.0 143.0 585.0 713.0 960.0 703.0 202.0 207.0 798.0 724.0 381.0 787.0 334.0 182.0 810.0 783.0 842.0 556.0 421.0 258.0 784.0 461.0 757.0 295.0 1021.0 893.0 591.0 608.0 463.0 79.0 638.0 452.0 713.0 142.0 148.0 912.0 234.0 770.0 231.0 58.0 678.0 626.0 1121.0 102.0 40.0 941.0 471.0 1051.0 31.0 276.0 501.0 525.0 681.0 1032.0 315.0 138.0 735.0 907.0 869.0 206.0 185.0 532.0 799.0 507.0 
624.0 253.0 749.0 268.0 593.0 440.0 486.0 431.0 515.0 189.0 475.0 57.0 661.0 375.0 439.0 463.0 390.0 389.0 139.0 381.0 0.0 339.0 709.0 282.0 606.0 602.0 599.0 263.0 346.0 239.0 766.0 317.0 501.0 114.0 645.0 189.0 602.0 438.0 530.0 298.0 332.0 668.0 794.0 117.0 734.0 584.0 113.0 444.0 750.0 707.0 620.0 247.0 463.0 376.0 788.0 782.0 191.0 294.0 726.0 665.0 452.0 139.0 701.0 685.0 99.0 506.0 642.0 99.0 649.0 849.0 502.0 381.0 357.0 409.0 456.0 403.0 686.0 611.0 739.0 207.0 289.0 124.0 158.0 464.0 743.0 163.0 130.0 255.0 340.0 658.0 636.0 653.0 182.0 288.0 890.0 423.0 277.0 424.0 152.0 371.0 546.0 417.0 467.0 562.0 192.0 210.0 629.0 250.0 380.0 526.0 714.0 542.0 387.0 701.0 525.0 416.0 325.0 523.0 334.0 399.0 427.0 624.0 320.0 390.0 154.0 351.0 712.0 521.0 836.0 299.0 402.0 647.0 400.0 806.0 410.0 186.0 436.0 216.0 315.0 712.0 264.0 244.0 396.0 572.0 520.0 469.0 236.0 222.0 492.0 487.0 
537.0 319.0 685.0 589.0 464.0 153.0 418.0 234.0 369.0 213.0 196.0 283.0 676.0 51.0 662.0 208.0 315.0 628.0 246.0 709.0 339.0 0.0 624.0 451.0 284.0 532.0 310.0 347.0 684.0 326.0 810.0 552.0 547.0 283.0 634.0 162.0 689.0 296.0 597.0 234.0 493.0 586.0 570.0 424.0 852.0 403.0 361.0 436.0 707.0 576.0 743.0 188.0 251.0 93.0 922.0 552.0 451.0 48.0 615.0 673.0 193.0 233.0 742.0 764.0 419.0 258.0 734.0 436.0 653.0 959.0 294.0 434.0 21.0 306.0 695.0 741.0 744.0 793.0 748.0 160.0 282.0 392.0 447.0 359.0 645.0 475.0 275.0 572.0 302.0 681.0 340.0 682.0 517.0 565.0 992.0 230.0 446.0 286.0 463.0 651.0 363.0 81.0 256.0 666.0 444.0 482.0 558.0 344.0 192.0 781.0 435.0 218.0 367.0 835.0 681.0 752.0 378.0 688.0 145.0 737.0 722.0 382.0 650.0 132.0 479.0 686.0 799.0 541.0 571.0 617.0 725.0 393.0 510.0 594.0 737.0 514.0 533.0 223.0 37.0 416.0 484.0 572.0 133.0 269.0 201.0 750.0 574.0 219.0 255.0 597.0 
89.0 878.0 69.0 941.0 165.0 502.0 227.0 857.0 257.0 754.0 473.0 675.0 198.0 662.0 577.0 818.0 335.0 599.0 746.0 857.0 709.0 624.0 0.0 490.0 560.0 107.0 460.0 449.0 911.0 875.0 304.0 577.0 272.0 761.0 146.0 599.0 333.0 329.0 294.0 833.0 466.0 42.0 314.0 823.0 455.0 253.0 811.0 268.0 109.0 97.0 416.0 507.0 384.0 713.0 526.0 327.0 611.0 611.0 57.0 184.0 455.0 731.0 263.0 342.0 697.0 409.0 355.0 743.0 176.0 510.0 350.0 346.0 633.0 925.0 619.0 994.0 294.0 546.0 212.0 707.0 869.0 830.0 653.0 271.0 41.0 694.0 767.0 741.0 377.0 213.0 478.0 225.0 779.0 652.0 520.0 396.0 491.0 909.0 853.0 687.0 281.0 609.0 875.0 361.0 899.0 629.0 81.0 462.0 815.0 691.0 440.0 561.0 323.0 476.0 460.0 934.0 954.0 475.0 765.0 972.0 757.0 351.0 967.0 753.0 726.0 879.0 371.0 232.0 433.0 765.0 843.0 374.0 386.0 290.0 870.0 864.0 359.0 515.0 598.0 488.0 552.0 776.0 498.0 498.0 546.0 735.0 855.0 510.0 399.0 370.0 
420.0 523.0 514.0 462.0 425.0 460.0 303.0 637.0 383.0 424.0 474.0 281.0 396.0 501.0 212.0 642.0 262.0 186.0 388.0 381.0 282.0 451.0 490.0 0.0 626.0 389.0 574.0 114.0 423.0 512.0 488.0 119.0 239.0 380.0 392.0 308.0 322.0 337.0 256.0 536.0 51.0 452.0 670.0 376.0 455.0 461.0 394.0 231.0 504.0 519.0 340.0 266.0 409.0 530.0 512.0 666.0 125.0 407.0 523.0 402.0 443.0 379.0 427.0 404.0 228.0 467.0 360.0 275.0 389.0 569.0 428.0 147.0 470.0 650.0 249.0 506.0 408.0 352.0 472.0 407.0 545.0 400.0 171.0 320.0 529.0 209.0 394.0 254.0 221.0 390.0 612.0 383.0 293.0 176.0 610.0 374.0 5.0 654.0 395.0 241.0 436.0 504.0 670.0 281.0 464.0 140.0 412.0 112.0 583.0 337.0 658.0 577.0 213.0 424.0 251.0 453.0 599.0 253.0 527.0 485.0 319.0 545.0 481.0 560.0 243.0 394.0 431.0 269.0 748.0 283.0 375.0 575.0 124.0 670.0 399.0 390.0 161.0 229.0 415.0 677.0 66.0 287.0 418.0 570.0 551.0 326.0 369.0 233.0 447.0 206.0 
494.0 595.0 628.0 867.0 403.0 173.0 438.0 426.0 336.0 496.0 152.0 549.0 689.0 274.0 830.0 359.0 388.0 811.0 529.0 952.0 606.0 284.0 560.0 626.0 0.0 506.0 101.0 513.0 944.0 604.0 826.0 743.0 614.0 565.0 634.0 417.0 757.0 319.0 667.0 496.0 652.0 534.0 370.0 702.0 922.0 309.0 643.0 498.0 665.0 478.0 831.0 386.0 232.0 313.0 997.0 347.0 671.0 320.0 526.0 681.0 183.0 515.0 764.0 814.0 671.0 178.0 799.0 697.0 663.0 1012.0 238.0 543.0 272.0 530.0 870.0 1008.0 780.0 917.0 744.0 443.0 549.0 674.0 682.0 375.0 563.0 718.0 558.0 810.0 413.0 700.0 97.0 706.0 775.0 778.0 1035.0 258.0 623.0 497.0 742.0 858.0 289.0 206.0 425.0 751.0 727.0 703.0 523.0 517.0 413.0 960.0 191.0 66.0 453.0 919.0 802.0 1005.0 644.0 813.0 394.0 1001.0 935.0 215.0 924.0 340.0 730.0 938.0 851.0 590.0 324.0 853.0 961.0 202.0 633.0 402.0 978.0 788.0 641.0 428.0 296.0 152.0 678.0 820.0 218.0 66.0 86.0 950.0 840.0 421.0 196.0 700.0 
34.0 774.0 157.0 836.0 107.0 422.0 122.0 765.0 177.0 650.0 398.0 569.0 188.0 573.0 499.0 731.0 231.0 514.0 641.0 763.0 602.0 532.0 107.0 389.0 506.0 0.0 411.0 343.0 811.0 771.0 322.0 483.0 192.0 655.0 130.0 495.0 292.0 237.0 228.0 733.0 371.0 67.0 337.0 716.0 441.0 202.0 705.0 163.0 176.0 137.0 376.0 403.0 304.0 623.0 516.0 343.0 508.0 515.0 134.0 178.0 376.0 626.0 263.0 327.0 591.0 339.0 325.0 637.0 161.0 517.0 277.0 244.0 542.0 829.0 542.0 895.0 285.0 496.0 238.0 605.0 767.0 723.0 549.0 173.0 143.0 591.0 662.0 642.0 271.0 201.0 435.0 209.0 675.0 557.0 535.0 308.0 391.0 814.0 746.0 599.0 217.0 525.0 786.0 308.0 792.0 528.0 28.0 356.0 721.0 620.0 420.0 496.0 216.0 451.0 397.0 838.0 850.0 412.0 670.0 874.0 672.0 313.0 864.0 662.0 622.0 781.0 361.0 151.0 447.0 669.0 751.0 341.0 295.0 323.0 777.0 758.0 272.0 409.0 504.0 462.0 453.0 675.0 411.0 441.0 478.0 655.0 752.0 405.0 326.0 297.0 
396.0 629.0 529.0 865.0 306.0 165.0 353.0 493.0 247.0 519.0 125.0 544.0 596.0 317.0 770.0 431.0 320.0 757.0 544.0 922.0 599.0 310.0 460.0 574.0 101.0 411.0 0.0 464.0 924.0 636.0 731.0 692.0 532.0 577.0 539.0 413.0 672.0 246.0 585.0 540.0 594.0 435.0 282.0 704.0 835.0 211.0 653.0 420.0 566.0 378.0 749.0 360.0 166.0 364.0 910.0 261.0 636.0 335.0 426.0 587.0 148.0 529.0 671.0 725.0 652.0 108.0 713.0 684.0 569.0 922.0 157.0 474.0 304.0 591.0 812.0 993.0 689.0 842.0 648.0 463.0 590.0 682.0 653.0 294.0 463.0 692.0 573.0 780.0 354.0 607.0 39.0 614.0 756.0 737.0 943.0 201.0 571.0 561.0 743.0 812.0 195.0 245.0 497.0 670.0 741.0 667.0 427.0 470.0 471.0 901.0 125.0 125.0 383.0 835.0 728.0 980.0 686.0 740.0 441.0 983.0 890.0 115.0 918.0 397.0 708.0 914.0 761.0 505.0 262.0 821.0 927.0 105.0 564.0 312.0 946.0 784.0 568.0 401.0 311.0 114.0 631.0 794.0 205.0 50.0 124.0 899.0 826.0 394.0 127.0 624.0 
368.0 472.0 487.0 496.0 352.0 347.0 235.0 549.0 293.0 359.0 361.0 240.0 403.0 398.0 324.0 545.0 163.0 300.0 333.0 470.0 263.0 347.0 449.0 114.0 513.0 343.0 464.0 0.0 494.0 464.0 518.0 230.0 246.0 336.0 383.0 220.0 368.0 235.0 284.0 464.0 148.0 409.0 584.0 376.0 521.0 370.0 372.0 183.0 487.0 458.0 408.0 160.0 300.0 431.0 586.0 577.0 186.0 305.0 472.0 406.0 330.0 320.0 451.0 449.0 250.0 357.0 412.0 296.0 389.0 633.0 322.0 121.0 366.0 575.0 361.0 573.0 441.0 447.0 482.0 330.0 482.0 386.0 218.0 232.0 485.0 261.0 346.0 332.0 115.0 402.0 502.0 398.0 342.0 275.0 670.0 263.0 111.0 574.0 404.0 349.0 340.0 394.0 579.0 336.0 455.0 213.0 369.0 14.0 496.0 450.0 554.0 463.0 133.0 498.0 336.0 537.0 550.0 342.0 439.0 557.0 427.0 443.0 528.0 463.0 288.0 473.0 481.0 261.0 651.0 369.0 470.0 472.0 170.0 588.0 492.0 416.0 200.0 129.0 311.0 569.0 168.0 357.0 305.0 457.0 438.0 438.0 419.0 131.0 338.0 262.0 
842.0 520.0 929.0 178.0 842.0 773.0 721.0 752.0 786.0 516.0 804.0 401.0 792.0 721.0 404.0 796.0 656.0 355.0 466.0 105.0 346.0 684.0 911.0 423.0 944.0 811.0 924.0 494.0 0.0 502.0 850.0 343.0 648.0 429.0 802.0 529.0 680.0 723.0 648.0 606.0 446.0 874.0 1077.0 291.0 745.0 863.0 366.0 653.0 914.0 940.0 652.0 564.0 772.0 719.0 770.0 1070.0 310.0 638.0 945.0 801.0 777.0 472.0 801.0 750.0 273.0 823.0 703.0 249.0 791.0 849.0 803.0 569.0 702.0 700.0 386.0 85.0 773.0 572.0 861.0 547.0 577.0 339.0 278.0 725.0 950.0 236.0 444.0 170.0 606.0 783.0 962.0 774.0 169.0 264.0 893.0 732.0 422.0 725.0 261.0 268.0 831.0 762.0 787.0 633.0 342.0 286.0 834.0 483.0 705.0 397.0 1030.0 882.0 623.0 700.0 547.0 80.0 562.0 536.0 667.0 63.0 249.0 927.0 130.0 728.0 217.0 48.0 763.0 683.0 1139.0 151.0 144.0 955.0 528.0 1081.0 126.0 201.0 561.0 524.0 659.0 1036.0 359.0 138.0 728.0 903.0 858.0 308.0 115.0 531.0 806.0 577.0 
787.0 19.0 926.0 348.0 734.0 475.0 650.0 267.0 643.0 126.0 518.0 232.0 865.0 331.0 677.0 328.0 541.0 626.0 132.0 570.0 239.0 326.0 875.0 512.0 604.0 771.0 636.0 464.0 502.0 0.0 981.0 555.0 709.0 132.0 839.0 277.0 826.0 562.0 746.0 125.0 563.0 834.0 885.0 215.0 966.0 697.0 146.0 630.0 936.0 851.0 851.0 369.0 550.0 299.0 1023.0 869.0 430.0 305.0 881.0 866.0 508.0 147.0 915.0 908.0 329.0 572.0 867.0 307.0 849.0 1081.0 594.0 584.0 335.0 199.0 693.0 527.0 904.0 849.0 944.0 179.0 80.0 166.0 394.0 609.0 905.0 391.0 119.0 470.0 501.0 865.0 666.0 861.0 375.0 522.0 1120.0 517.0 507.0 227.0 241.0 602.0 656.0 399.0 300.0 788.0 169.0 447.0 799.0 453.0 234.0 760.0 760.0 539.0 562.0 935.0 760.0 581.0 88.0 759.0 221.0 536.0 648.0 699.0 416.0 286.0 371.0 525.0 938.0 722.0 895.0 509.0 600.0 714.0 622.0 905.0 600.0 302.0 656.0 364.0 327.0 742.0 502.0 446.0 444.0 595.0 525.0 696.0 391.0 367.0 565.0 712.0 
339.0 989.0 251.0 936.0 428.0 726.0 402.0 1039.0 492.0 875.0 709.0 754.0 139.0 857.0 452.0 1017.0 496.0 497.0 851.0 769.0 766.0 810.0 304.0 488.0 826.0 322.0 731.0 518.0 850.0 981.0 0.0 515.0 274.0 852.0 193.0 728.0 173.0 533.0 237.0 976.0 442.0 310.0 617.0 864.0 178.0 523.0 878.0 375.0 205.0 400.0 209.0 645.0 613.0 903.0 236.0 630.0 606.0 782.0 358.0 146.0 683.0 838.0 69.0 103.0 715.0 655.0 149.0 761.0 164.0 208.0 592.0 399.0 824.0 1083.0 481.0 932.0 81.0 332.0 93.0 841.0 998.0 887.0 653.0 468.0 327.0 686.0 863.0 693.0 512.0 131.0 756.0 129.0 765.0 592.0 218.0 608.0 493.0 1076.0 882.0 587.0 538.0 821.0 1064.0 219.0 952.0 609.0 308.0 529.0 989.0 522.0 734.0 812.0 445.0 216.0 306.0 847.0 1068.0 319.0 934.0 905.0 636.0 633.0 941.0 940.0 720.0 808.0 105.0 271.0 737.0 700.0 742.0 659.0 367.0 592.0 771.0 872.0 330.0 632.0 777.0 779.0 528.0 734.0 706.0 761.0 792.0 593.0 832.0 631.0 640.0 286.0 
516.0 569.0 590.0 423.0 532.0 575.0 411.0 718.0 499.0 489.0 591.0 336.0 450.0 601.0 123.0 732.0 380.0 78.0 445.0 281.0 317.0 552.0 577.0 119.0 743.0 483.0 692.0 230.0 343.0 555.0 515.0 0.0 308.0 428.0 461.0 399.0 343.0 456.0 306.0 602.0 115.0 542.0 782.0 381.0 439.0 576.0 421.0 335.0 573.0 618.0 331.0 373.0 528.0 624.0 483.0 779.0 126.0 506.0 616.0 459.0 560.0 439.0 463.0 419.0 233.0 585.0 372.0 270.0 449.0 552.0 546.0 251.0 572.0 716.0 147.0 427.0 436.0 297.0 520.0 484.0 602.0 417.0 165.0 435.0 617.0 184.0 443.0 179.0 339.0 441.0 731.0 432.0 254.0 80.0 595.0 492.0 122.0 725.0 389.0 123.0 552.0 611.0 753.0 297.0 472.0 111.0 503.0 226.0 664.0 230.0 776.0 692.0 328.0 400.0 227.0 358.0 641.0 221.0 610.0 402.0 201.0 662.0 426.0 650.0 217.0 306.0 438.0 346.0 863.0 193.0 268.0 693.0 191.0 780.0 294.0 366.0 220.0 333.0 517.0 795.0 69.0 220.0 532.0 687.0 666.0 208.0 318.0 338.0 566.0 235.0 
225.0 717.0 282.0 700.0 273.0 484.0 181.0 771.0 289.0 602.0 477.0 484.0 160.0 596.0 308.0 754.0 241.0 328.0 578.0 588.0 501.0 547.0 272.0 239.0 614.0 192.0 532.0 246.0 648.0 709.0 274.0 308.0 0.0 581.0 155.0 455.0 146.0 298.0 54.0 703.0 204.0 241.0 523.0 606.0 313.0 350.0 613.0 119.0 268.0 328.0 217.0 374.0 385.0 638.0 387.0 526.0 363.0 515.0 316.0 165.0 448.0 565.0 206.0 218.0 464.0 437.0 191.0 510.0 151.0 415.0 378.0 126.0 562.0 811.0 351.0 732.0 200.0 318.0 239.0 568.0 725.0 624.0 408.0 240.0 313.0 447.0 592.0 480.0 246.0 157.0 565.0 153.0 531.0 386.0 446.0 368.0 242.0 805.0 629.0 416.0 345.0 568.0 798.0 138.0 691.0 375.0 206.0 257.0 720.0 429.0 575.0 586.0 181.0 306.0 210.0 665.0 795.0 225.0 664.0 709.0 486.0 459.0 717.0 675.0 481.0 613.0 253.0 42.0 625.0 500.0 572.0 490.0 120.0 512.0 599.0 628.0 88.0 359.0 512.0 609.0 294.0 517.0 456.0 549.0 562.0 465.0 605.0 358.0 419.0 107.0 
674.0 143.0 808.0 310.0 629.0 413.0 535.0 327.0 541.0 88.0 453.0 100.0 738.0 308.0 550.0 367.0 429.0 501.0 39.0 480.0 114.0 283.0 761.0 380.0 565.0 655.0 577.0 336.0 429.0 132.0 852.0 428.0 581.0 0.0 716.0 176.0 695.0 461.0 616.0 187.0 431.0 720.0 803.0 146.0 834.0 603.0 78.0 507.0 815.0 746.0 719.0 262.0 465.0 296.0 891.0 789.0 302.0 247.0 771.0 741.0 437.0 51.0 786.0 777.0 210.0 498.0 736.0 200.0 723.0 949.0 507.0 457.0 298.0 296.0 569.0 473.0 774.0 720.0 817.0 127.0 176.0 109.0 271.0 501.0 793.0 275.0 17.0 363.0 385.0 737.0 611.0 734.0 279.0 401.0 989.0 428.0 375.0 313.0 184.0 484.0 563.0 364.0 363.0 657.0 164.0 323.0 683.0 325.0 278.0 639.0 699.0 500.0 442.0 803.0 628.0 505.0 219.0 628.0 239.0 475.0 538.0 622.0 373.0 301.0 261.0 443.0 807.0 596.0 829.0 405.0 505.0 641.0 491.0 820.0 510.0 240.0 526.0 247.0 270.0 689.0 372.0 346.0 374.0 543.0 481.0 582.0 315.0 252.0 487.0 581.0 
151.0 845.0 133.0 853.0 237.0 539.0 217.0 866.0 300.0 724.0 519.0 621.0 60.0 678.0 444.0 838.0 320.0 472.0 708.0 739.0 645.0 634.0 146.0 392.0 634.0 130.0 539.0 383.0 802.0 839.0 193.0 461.0 155.0 716.0 0.0 572.0 187.0 347.0 160.0 817.0 359.0 134.0 448.0 754.0 318.0 331.0 754.0 211.0 113.0 231.0 271.0 483.0 423.0 726.0 392.0 457.0 517.0 610.0 200.0 49.0 495.0 693.0 134.0 203.0 615.0 464.0 211.0 662.0 34.0 388.0 401.0 265.0 646.0 920.0 484.0 886.0 159.0 400.0 116.0 684.0 846.0 768.0 562.0 281.0 183.0 601.0 724.0 634.0 346.0 74.0 564.0 83.0 685.0 539.0 406.0 421.0 395.0 909.0 779.0 563.0 345.0 637.0 889.0 217.0 836.0 529.0 120.0 396.0 819.0 552.0 547.0 620.0 281.0 334.0 318.0 817.0 923.0 334.0 765.0 862.0 628.0 442.0 872.0 765.0 635.0 766.0 236.0 126.0 563.0 653.0 721.0 470.0 275.0 428.0 748.0 780.0 242.0 478.0 602.0 591.0 449.0 672.0 522.0 568.0 601.0 601.0 760.0 476.0 449.0 237.0 
511.0 279.0 651.0 453.0 458.0 252.0 374.0 331.0 369.0 155.0 288.0 133.0 603.0 207.0 514.0 335.0 265.0 476.0 152.0 549.0 189.0 162.0 599.0 308.0 417.0 495.0 413.0 220.0 529.0 277.0 728.0 399.0 455.0 176.0 572.0 0.0 586.0 288.0 498.0 248.0 355.0 558.0 628.0 292.0 741.0 428.0 245.0 362.0 663.0 576.0 628.0 93.0 290.0 226.0 806.0 614.0 292.0 114.0 605.0 603.0 268.0 136.0 660.0 666.0 260.0 326.0 630.0 282.0 585.0 853.0 332.0 331.0 182.0 357.0 544.0 591.0 654.0 659.0 680.0 114.0 275.0 273.0 286.0 332.0 628.0 314.0 177.0 411.0 228.0 605.0 449.0 603.0 361.0 406.0 889.0 253.0 304.0 354.0 331.0 493.0 388.0 235.0 362.0 555.0 336.0 322.0 523.0 213.0 277.0 628.0 531.0 354.0 292.0 718.0 553.0 595.0 356.0 557.0 220.0 585.0 562.0 449.0 508.0 253.0 320.0 528.0 699.0 460.0 658.0 456.0 564.0 469.0 390.0 644.0 577.0 373.0 419.0 97.0 132.0 526.0 331.0 412.0 209.0 384.0 332.0 592.0 423.0 98.0 314.0 482.0 
322.0 835.0 311.0 764.0 392.0 630.0 320.0 909.0 426.0 726.0 622.0 595.0 143.0 738.0 288.0 895.0 387.0 328.0 697.0 602.0 602.0 689.0 333.0 322.0 757.0 292.0 672.0 368.0 680.0 826.0 173.0 343.0 146.0 695.0 187.0 586.0 0.0 443.0 94.0 831.0 274.0 317.0 627.0 696.0 167.0 479.0 715.0 264.0 277.0 414.0 85.0 511.0 529.0 780.0 241.0 634.0 436.0 655.0 387.0 156.0 593.0 685.0 123.0 83.0 546.0 580.0 45.0 591.0 158.0 271.0 519.0 258.0 705.0 942.0 322.0 763.0 94.0 214.0 190.0 697.0 849.0 722.0 483.0 383.0 369.0 515.0 707.0 521.0 389.0 128.0 702.0 116.0 593.0 421.0 305.0 513.0 326.0 939.0 713.0 420.0 480.0 713.0 937.0 48.0 785.0 438.0 293.0 377.0 857.0 377.0 703.0 730.0 326.0 164.0 145.0 680.0 913.0 160.0 800.0 736.0 475.0 591.0 769.0 816.0 549.0 639.0 114.0 168.0 738.0 529.0 578.0 621.0 204.0 610.0 606.0 701.0 170.0 491.0 654.0 742.0 358.0 562.0 602.0 691.0 707.0 438.0 660.0 491.0 562.0 117.0 
242.0 562.0 389.0 700.0 174.0 193.0 132.0 530.0 82.0 437.0 180.0 392.0 396.0 337.0 526.0 495.0 77.0 516.0 439.0 705.0 438.0 296.0 329.0 337.0 319.0 237.0 246.0 235.0 723.0 562.0 533.0 456.0 298.0 461.0 347.0 288.0 443.0 0.0 351.0 507.0 351.0 290.0 359.0 554.0 609.0 147.0 524.0 180.0 412.0 291.0 514.0 199.0 87.0 387.0 683.0 349.0 418.0 283.0 324.0 390.0 152.0 423.0 467.0 506.0 462.0 143.0 486.0 502.0 371.0 705.0 92.0 229.0 306.0 597.0 568.0 800.0 476.0 600.0 462.0 386.0 546.0 547.0 445.0 67.0 352.0 487.0 464.0 566.0 120.0 403.0 282.0 407.0 563.0 508.0 732.0 75.0 335.0 581.0 590.0 578.0 110.0 291.0 550.0 434.0 615.0 447.0 262.0 244.0 487.0 657.0 321.0 288.0 138.0 603.0 485.0 770.0 635.0 496.0 437.0 785.0 656.0 209.0 742.0 426.0 510.0 705.0 542.0 277.0 418.0 603.0 704.0 238.0 319.0 369.0 726.0 617.0 324.0 223.0 270.0 342.0 399.0 587.0 176.0 255.0 266.0 660.0 638.0 217.0 124.0 382.0 
261.0 754.0 292.0 713.0 319.0 538.0 233.0 818.0 341.0 642.0 530.0 518.0 145.0 646.0 285.0 803.0 294.0 313.0 616.0 582.0 530.0 597.0 294.0 256.0 667.0 228.0 585.0 284.0 648.0 746.0 237.0 306.0 54.0 616.0 160.0 498.0 94.0 351.0 0.0 745.0 214.0 269.0 564.0 630.0 260.0 399.0 643.0 172.0 269.0 361.0 164.0 420.0 438.0 688.0 333.0 569.0 378.0 563.0 343.0 153.0 501.0 603.0 172.0 169.0 484.0 490.0 138.0 530.0 144.0 363.0 431.0 168.0 613.0 855.0 326.0 733.0 158.0 271.0 218.0 611.0 765.0 652.0 425.0 293.0 334.0 461.0 627.0 483.0 296.0 137.0 617.0 129.0 543.0 385.0 396.0 421.0 260.0 850.0 651.0 404.0 397.0 620.0 846.0 86.0 717.0 386.0 237.0 294.0 767.0 398.0 624.0 639.0 233.0 252.0 169.0 660.0 832.0 185.0 710.0 708.0 469.0 509.0 726.0 724.0 495.0 611.0 203.0 84.0 670.0 498.0 562.0 540.0 133.0 551.0 590.0 645.0 96.0 402.0 562.0 660.0 304.0 522.0 509.0 602.0 616.0 443.0 615.0 402.0 472.0 78.0 
744.0 110.0 889.0 464.0 681.0 386.0 613.0 147.0 586.0 114.0 430.0 267.0 850.0 225.0 724.0 204.0 503.0 677.0 160.0 664.0 298.0 234.0 833.0 536.0 496.0 733.0 540.0 464.0 606.0 125.0 976.0 602.0 703.0 187.0 817.0 248.0 831.0 507.0 745.0 0.0 586.0 793.0 803.0 316.0 983.0 630.0 241.0 608.0 905.0 796.0 868.0 335.0 478.0 185.0 1045.0 785.0 479.0 228.0 831.0 850.0 426.0 163.0 907.0 912.0 396.0 491.0 875.0 386.0 831.0 1096.0 522.0 578.0 237.0 115.0 746.0 640.0 902.0 885.0 927.0 135.0 53.0 268.0 452.0 563.0 858.0 460.0 170.0 549.0 472.0 852.0 567.0 851.0 463.0 583.0 1133.0 451.0 531.0 126.0 348.0 668.0 589.0 297.0 183.0 799.0 288.0 502.0 760.0 455.0 110.0 821.0 664.0 434.0 537.0 956.0 786.0 684.0 148.0 788.0 103.0 646.0 724.0 615.0 531.0 166.0 447.0 624.0 945.0 708.0 801.0 592.0 690.0 626.0 632.0 827.0 694.0 408.0 663.0 344.0 246.0 640.0 541.0 532.0 364.0 496.0 422.0 766.0 492.0 345.0 487.0 724.0 
402.0 574.0 484.0 500.0 418.0 490.0 298.0 685.0 388.0 475.0 500.0 332.0 357.0 543.0 179.0 687.0 275.0 165.0 439.0 393.0 332.0 493.0 466.0 51.0 652.0 371.0 594.0 148.0 446.0 563.0 442.0 115.0 204.0 431.0 359.0 355.0 274.0 351.0 214.0 586.0 0.0 431.0 668.0 423.0 404.0 464.0 444.0 221.0 471.0 504.0 289.0 306.0 429.0 574.0 462.0 666.0 165.0 450.0 503.0 364.0 469.0 429.0 382.0 355.0 273.0 487.0 311.0 319.0 352.0 519.0 443.0 137.0 512.0 700.0 219.0 530.0 362.0 304.0 431.0 456.0 596.0 449.0 212.0 325.0 506.0 247.0 445.0 277.0 241.0 350.0 631.0 342.0 330.0 187.0 559.0 396.0 56.0 703.0 441.0 236.0 443.0 541.0 717.0 231.0 512.0 173.0 391.0 149.0 631.0 309.0 671.0 606.0 218.0 373.0 201.0 468.0 650.0 203.0 575.0 507.0 313.0 555.0 514.0 605.0 281.0 413.0 382.0 238.0 752.0 300.0 382.0 586.0 84.0 666.0 408.0 432.0 120.0 271.0 457.0 693.0 91.0 314.0 450.0 593.0 580.0 310.0 402.0 275.0 467.0 157.0 
49.0 837.0 100.0 901.0 133.0 468.0 185.0 819.0 222.0 713.0 440.0 634.0 191.0 625.0 549.0 782.0 294.0 568.0 705.0 823.0 668.0 586.0 42.0 452.0 534.0 67.0 435.0 409.0 874.0 834.0 310.0 542.0 241.0 720.0 134.0 558.0 317.0 290.0 269.0 793.0 431.0 0.0 315.0 783.0 450.0 225.0 770.0 228.0 132.0 98.0 401.0 466.0 349.0 676.0 523.0 325.0 572.0 572.0 76.0 178.0 421.0 690.0 262.0 336.0 657.0 377.0 344.0 703.0 166.0 514.0 317.0 308.0 595.0 886.0 591.0 957.0 290.0 528.0 220.0 666.0 828.0 789.0 614.0 231.0 78.0 656.0 726.0 705.0 335.0 206.0 455.0 216.0 740.0 617.0 527.0 359.0 454.0 870.0 812.0 655.0 250.0 574.0 838.0 341.0 858.0 591.0 41.0 422.0 777.0 666.0 425.0 532.0 282.0 467.0 437.0 899.0 913.0 452.0 726.0 936.0 726.0 329.0 929.0 715.0 687.0 843.0 368.0 201.0 431.0 730.0 809.0 354.0 352.0 295.0 836.0 824.0 326.0 473.0 560.0 472.0 515.0 738.0 461.0 471.0 515.0 706.0 817.0 469.0 366.0 343.0 
