100 0.0 5
1 640 778
2 789 324
3 235 782
4 149 409
5 898 515
6 678 197
7 200 549
8 724 944
9 885 276
10 673 230
11 46 278
12 435 898
13 76 27
14 875 390
15 405 721
16 48 686
17 276 377
18 223 804
19 883 407
20 616 777
21 780 180
22 200 536
23 585 974
24 323 797
25 54 709
26 390 262
27 106 702
28 752 984
29 269 961
30 767 573
31 473 784
32 6 390
33 992 681
34 335 653
35 198 926
36 946 364
37 317 793
38 315 583
39 430 742
40 38 602
41 73 245
42 163 891
43 784 420
44 584 377
45 178 764
46 954 729
47 454 407
48 233 660
49 691 190
50 609 859
51 454 283
52 639 88
53 518 720
54 339 272
55 893 940
56 132 372
57 306 573
58 789 301
59 397 231
60 768 151
61 621 639
62 482 595
63 436 895
64 495 956
65 31 464
66 443 821
67 80 3
68 935 421
69 231 948
70 642 166
71 14 426
72 34 651
73 229 354
74 821 577
75 180 682
76 229 415
77 89 875
78 402 986
79 738 507
80 419 422
81 194 361
82 493 726
83 599 726
84 33 59
85 597 385
86 1000 978
87 893 598
88 201 765
89 354 367
90 169 696
91 664 59
92 973 151
93 722 276
94 393 25
95 67 883
96 404 82
97 699 996
98 710 973
99 679 886
100 968 700
opening costs
14 149 448 955 526 301 747 981 995 868 184 478 73 722 866 68 839 841 194 225 750 183 613 17 997 78 977 188 735 289 479 750 369 976 934 506 849 465 941 141 991 85 72 471 143 332 436 946 483 833 241 217 842 463 918 608 552 953 746 992 495 779 320 362 93 930 868 777 745 720 591 233 137 726 299 566 863 495 88 120 479 799 958 37 943 81 904 814 919 807 955 269 511 663 828 398 278 480 806 610 
star costs
0.0 478.0 406.0 615.0 369.0 583.0 497.0 187.0 559.0 549.0 777.0 238.0 940.0 454.0 242.0 600.0 542.0 418.0 444.0 25.0 615.0 503.0 204.0 318.0 591.0 574.0 540.0 235.0 414.0 242.0 168.0 744.0 366.0 330.0 467.0 515.0 324.0 380.0 214.0 628.0 779.0 491.0 386.0 405.0 463.0 318.0 416.0 424.0 591.0 87.0 529.0 691.0 136.0 589.0 301.0 651.0 392.0 500.0 599.0 640.0 141.0 242.0 236.0 230.0 686.0 202.0 957.0 464.0 443.0 613.0 719.0 620.0 591.0 271.0 470.0 549.0 560.0 317.0 289.0 420.0 611.0 156.0 67.0 941.0 396.0 412.0 311.0 440.0 501.0 479.0 720.0 710.0 509.0 793.0 583.0 735.0 226.0 208.0 115.0 338.0 
478.0 0.0 719.0 646.0 220.0 169.0 631.0 624.0 108.0 150.0 745.0 675.0 773.0 109.0 553.0 825.0 516.0 743.0 126.0 485.0 145.0 626.0 682.0 664.0 830.0 404.0 781.0 662.0 823.0 250.0 559.0 786.0 411.0 561.0 844.0 163.0 666.0 541.0 552.0 801.0 721.0 845.0 97.0 212.0 753.0 438.0 346.0 650.0 167.0 565.0 338.0 280.0 480.0 453.0 625.0 659.0 544.0 23.0 403.0 175.0 357.0 410.0 672.0 698.0 771.0 606.0 779.0 176.0 838.0 216.0 782.0 823.0 561.0 256.0 707.0 568.0 891.0 767.0 190.0 383.0 597.0 500.0 445.0 802.0 202.0 688.0 294.0 735.0 438.0 724.0 294.0 253.0 83.0 497.0 914.0 455.0 678.0 654.0 573.0 417.0 
406.0 719.0 0.0 383.0 715.0 734.0 236.0 516.0 824.0 705.0 539.0 232.0 772.0 751.0 181.0 211.0 408.0 26.0 749.0 382.0 813.0 249.0 400.0 90.0 196.0 543.0 152.0 556.0 183.0 572.0 239.0 454.0 764.0 164.0 149.0 825.0 83.0 215.0 200.0 267.0 561.0 131.0 658.0 535.0 60.0 721.0 435.0 123.0 748.0 382.0 545.0 804.0 290.0 521.0 677.0 423.0 221.0 734.0 575.0 826.0 412.0 310.0 231.0 313.0 378.0 212.0 795.0 788.0 167.0 739.0 420.0 240.0 429.0 621.0 115.0 368.0 174.0 264.0 574.0 405.0 423.0 265.0 369.0 751.0 538.0 790.0 684.0 39.0 432.0 109.0 841.0 971.0 703.0 774.0 197.0 721.0 511.0 512.0 457.0 738.0 
615.0 646.0 383.0 0.0 757.0 570.0 149.0 786.0 748.0 554.0 167.0 567.0 389.0 727.0 404.0 295.0 131.0 402.0 735.0 595.0 672.0 137.0 714.0 426.0 315.0 283.0 297.0 834.0 565.0 640.0 496.0 145.0 886.0 307.0 520.0 799.0 420.0 241.0 436.0 223.0 181.0 483.0 636.0 437.0 357.0 867.0 306.0 265.0 585.0 644.0 331.0 586.0 483.0 235.0 915.0 41.0 228.0 650.0 306.0 671.0 526.0 382.0 565.0 648.0 131.0 507.0 412.0 787.0 546.0 550.0 137.0 268.0 98.0 693.0 275.0 81.0 470.0 631.0 598.0 271.0 66.0 468.0 551.0 369.0 449.0 1024.0 768.0 360.0 210.0 288.0 623.0 864.0 589.0 455.0 482.0 415.0 805.0 796.0 714.0 870.0 
369.0 220.0 715.0 757.0 0.0 387.0 699.0 463.0 240.0 364.0 885.0 601.0 956.0 128.0 535.0 868.0 638.0 735.0 110.0 385.0 356.0 699.0 556.0 641.0 867.0 568.0 814.0 492.0 772.0 144.0 503.0 901.0 191.0 580.0 812.0 159.0 645.0 587.0 521.0 865.0 869.0 826.0 149.0 343.0 762.0 222.0 457.0 681.0 386.0 450.0 501.0 500.0 432.0 610.0 426.0 780.0 595.0 241.0 576.0 387.0 304.0 424.0 599.0 598.0 869.0 549.0 966.0 102.0 796.0 433.0 889.0 875.0 689.0 99.0 738.0 677.0 886.0 685.0 161.0 488.0 721.0 457.0 366.0 978.0 328.0 475.0 84.0 741.0 564.0 752.0 513.0 372.0 297.0 704.0 909.0 657.0 521.0 496.0 431.0 198.0 
583.0 169.0 734.0 570.0 387.0 0.0 594.0 749.0 222.0 34.0 638.0 742.0 626.0 276.0 591.0 798.0 441.0 759.0 294.0 584.0 104.0 587.0 783.0 698.0 808.0 296.0 764.0 791.0 867.0 387.0 622.0 700.0 577.0 571.0 873.0 316.0 697.0 530.0 599.0 758.0 607.0 865.0 247.0 204.0 756.0 600.0 308.0 643.0 15.0 666.0 240.0 116.0 547.0 348.0 774.0 574.0 529.0 153.0 284.0 102.0 446.0 444.0 739.0 781.0 700.0 667.0 629.0 341.0 874.0 48.0 703.0 788.0 476.0 407.0 696.0 500.0 899.0 836.0 316.0 344.0 512.0 561.0 535.0 660.0 205.0 845.0 456.0 742.0 366.0 713.0 139.0 299.0 91.0 333.0 919.0 298.0 800.0 777.0 690.0 581.0 
497.0 631.0 236.0 149.0 699.0 594.0 0.0 657.0 738.0 571.0 312.0 421.0 537.0 694.0 268.0 205.0 189.0 257.0 698.0 475.0 688.0 13.0 574.0 277.0 217.0 345.0 180.0 703.0 418.0 568.0 361.0 251.0 803.0 171.0 378.0 769.0 271.0 120.0 301.0 171.0 330.0 344.0 599.0 421.0 217.0 776.0 291.0 116.0 609.0 514.0 368.0 637.0 362.0 310.0 796.0 190.0 109.0 640.0 375.0 694.0 431.0 286.0 419.0 503.0 190.0 365.0 560.0 747.0 401.0 585.0 223.0 195.0 198.0 622.0 135.0 138.0 345.0 482.0 540.0 254.0 189.0 343.0 437.0 518.0 430.0 908.0 695.0 217.0 239.0 151.0 675.0 870.0 590.0 559.0 360.0 510.0 670.0 664.0 586.0 783.0 
187.0 624.0 516.0 786.0 463.0 749.0 657.0 0.0 688.0 716.0 951.0 293.0 1123.0 575.0 390.0 724.0 723.0 521.0 561.0 199.0 767.0 665.0 143.0 428.0 711.0 760.0 664.0 49.0 456.0 374.0 298.0 907.0 376.0 486.0 527.0 622.0 435.0 546.0 357.0 767.0 956.0 564.0 528.0 585.0 575.0 315.0 602.0 568.0 755.0 144.0 715.0 861.0 305.0 775.0 170.0 824.0 559.0 647.0 785.0 795.0 322.0 425.0 293.0 230.0 843.0 307.0 1141.0 564.0 494.0 783.0 879.0 750.0 771.0 380.0 604.0 725.0 639.0 325.0 438.0 605.0 788.0 318.0 252.0 1123.0 574.0 279.0 386.0 553.0 686.0 608.0 888.0 832.0 669.0 977.0 660.0 920.0 58.0 33.0 74.0 346.0 
559.0 108.0 824.0 748.0 240.0 222.0 738.0 688.0 0.0 217.0 840.0 768.0 847.0 115.0 655.0 933.0 618.0 847.0 132.0 569.0 143.0 733.0 760.0 767.0 938.0 496.0 888.0 721.0 922.0 320.0 655.0 887.0 419.0 667.0 946.0 108.0 769.0 648.0 652.0 908.0 813.0 949.0 176.0 318.0 860.0 459.0 451.0 757.0 213.0 646.0 432.0 310.0 577.0 547.0 665.0 760.0 651.0 100.0 491.0 172.0 449.0 514.0 765.0 784.0 875.0 702.0 851.0 154.0 938.0 267.0 884.0 930.0 661.0 308.0 814.0 671.0 997.0 859.0 274.0 489.0 697.0 597.0 534.0 880.0 308.0 712.0 323.0 841.0 539.0 831.0 310.0 153.0 163.0 553.0 1019.0 519.0 744.0 719.0 644.0 433.0 
549.0 150.0 705.0 554.0 364.0 34.0 571.0 716.0 217.0 0.0 629.0 710.0 631.0 258.0 560.0 774.0 424.0 730.0 275.0 550.0 119.0 564.0 750.0 667.0 783.0 285.0 738.0 759.0 836.0 356.0 589.0 686.0 553.0 542.0 843.0 305.0 667.0 503.0 567.0 736.0 601.0 835.0 221.0 172.0 729.0 573.0 282.0 616.0 44.0 633.0 226.0 147.0 514.0 337.0 744.0 560.0 503.0 137.0 277.0 124.0 413.0 412.0 706.0 748.0 684.0 635.0 635.0 325.0 844.0 72.0 688.0 766.0 461.0 378.0 669.0 481.0 871.0 804.0 285.0 319.0 497.0 528.0 502.0 663.0 173.0 817.0 429.0 714.0 348.0 687.0 172.0 311.0 68.0 348.0 891.0 308.0 767.0 744.0 657.0 555.0 
777.0 745.0 539.0 167.0 885.0 638.0 312.0 951.0 840.0 629.0 0.0 732.0 253.0 837.0 571.0 409.0 251.0 555.0 847.0 758.0 741.0 301.0 881.0 589.0 432.0 345.0 429.0 999.0 719.0 780.0 663.0 119.0 1029.0 474.0 666.0 905.0 582.0 407.0 603.0 325.0 43.0 625.0 752.0 548.0 504.0 1014.0 428.0 426.0 651.0 810.0 409.0 623.0 647.0 294.0 1076.0 128.0 394.0 744.0 355.0 734.0 679.0 540.0 730.0 814.0 187.0 673.0 278.0 901.0 696.0 607.0 152.0 374.0 199.0 831.0 426.0 229.0 599.0 793.0 729.0 400.0 170.0 633.0 712.0 220.0 562.0 1184.0 906.0 512.0 321.0 436.0 656.0 936.0 677.0 430.0 606.0 409.0 971.0 962.0 878.0 1014.0 
238.0 675.0 232.0 567.0 601.0 742.0 421.0 293.0 768.0 710.0 732.0 0.0 943.0 673.0 180.0 442.0 545.0 232.0 665.0 218.0 797.0 432.0 169.0 151.0 426.0 638.0 383.0 329.0 178.0 465.0 121.0 665.0 598.0 265.0 239.0 740.0 158.0 338.0 157.0 496.0 747.0 273.0 592.0 542.0 290.0 546.0 492.0 313.0 753.0 179.0 616.0 836.0 197.0 634.0 460.0 608.0 350.0 695.0 669.0 818.0 319.0 307.0 4.0 84.0 593.0 78.0 963.0 692.0 211.0 761.0 633.0 471.0 582.0 503.0 335.0 526.0 347.0 94.0 495.0 477.0 589.0 182.0 238.0 931.0 538.0 571.0 548.0 270.0 538.0 335.0 870.0 921.0 686.0 875.0 369.0 817.0 282.0 286.0 245.0 569.0 
940.0 773.0 772.0 389.0 956.0 626.0 537.0 1123.0 847.0 631.0 253.0 943.0 0.0 878.0 769.0 660.0 404.0 791.0 892.0 925.0 721.0 524.0 1076.0 809.0 683.0 393.0 676.0 1172.0 954.0 881.0 855.0 370.0 1126.0 678.0 908.0 933.0 804.0 606.0 798.0 577.0 219.0 869.0 810.0 617.0 745.0 1125.0 536.0 653.0 637.0 989.0 457.0 567.0 822.0 360.0 1226.0 350.0 593.0 764.0 381.0 704.0 820.0 699.0 940.0 1020.0 440.0 875.0 25.0 946.0 934.0 583.0 404.0 626.0 362.0 927.0 664.0 418.0 849.0 1013.0 818.0 524.0 355.0 814.0 874.0 54.0 633.0 1326.0 997.0 749.0 440.0 676.0 589.0 906.0 693.0 318.0 857.0 333.0 1152.0 1139.0 1050.0 1118.0 
454.0 109.0 751.0 727.0 128.0 276.0 694.0 575.0 115.0 258.0 837.0 673.0 878.0 0.0 575.0 879.0 600.0 773.0 19.0 466.0 231.0 691.0 653.0 686.0 881.0 502.0 830.0 607.0 833.0 213.0 563.0 869.0 314.0 601.0 864.0 76.0 689.0 593.0 568.0 864.0 816.0 871.0 96.0 292.0 792.0 349.0 422.0 697.0 272.0 540.0 435.0 384.0 487.0 549.0 551.0 744.0 598.0 124.0 504.0 262.0 356.0 444.0 670.0 682.0 848.0 611.0 885.0 68.0 853.0 324.0 862.0 881.0 648.0 195.0 754.0 647.0 924.0 761.0 181.0 458.0 682.0 509.0 435.0 905.0 279.0 602.0 209.0 772.0 522.0 770.0 393.0 259.0 191.0 605.0 947.0 563.0 632.0 606.0 534.0 324.0 
242.0 553.0 181.0 404.0 535.0 591.0 268.0 390.0 655.0 560.0 571.0 180.0 769.0 575.0 0.0 359.0 368.0 201.0 572.0 219.0 659.0 277.0 311.0 112.0 352.0 460.0 300.0 436.0 276.0 392.0 93.0 519.0 589.0 98.0 292.0 649.0 114.0 165.0 33.0 386.0 581.0 296.0 484.0 388.0 232.0 550.0 318.0 183.0 604.0 247.0 441.0 675.0 114.0 454.0 535.0 444.0 179.0 570.0 491.0 676.0 232.0 148.0 177.0 252.0 454.0 107.0 789.0 610.0 287.0 604.0 490.0 378.0 408.0 441.0 229.0 354.0 352.0 266.0 396.0 300.0 418.0 89.0 195.0 760.0 387.0 649.0 504.0 209.0 358.0 238.0 711.0 805.0 547.0 697.0 375.0 640.0 403.0 396.0 320.0 564.0 
600.0 825.0 211.0 295.0 868.0 798.0 205.0 724.0 933.0 774.0 409.0 442.0 660.0 879.0 359.0 0.0 385.0 212.0 881.0 576.0 890.0 214.0 610.0 297.0 24.0 545.0 61.0 765.0 353.0 728.0 437.0 299.0 945.0 289.0 284.0 954.0 290.0 287.0 387.0 85.0 442.0 236.0 783.0 619.0 152.0 908.0 493.0 187.0 813.0 588.0 573.0 841.0 472.0 507.0 883.0 326.0 282.0 836.0 574.0 898.0 575.0 444.0 441.0 523.0 223.0 418.0 684.0 926.0 320.0 790.0 263.0 38.0 379.0 781.0 133.0 326.0 194.0 465.0 713.0 456.0 357.0 447.0 553.0 628.0 627.0 996.0 850.0 173.0 443.0 122.0 879.0 1069.0 789.0 746.0 198.0 702.0 722.0 722.0 662.0 921.0 
542.0 516.0 408.0 131.0 638.0 441.0 189.0 723.0 618.0 424.0 251.0 545.0 404.0 600.0 368.0 385.0 0.0 431.0 608.0 525.0 542.0 177.0 673.0 423.0 400.0 162.0 367.0 772.0 585.0 529.0 453.0 271.0 778.0 283.0 555.0 671.0 419.0 210.0 397.0 328.0 243.0 527.0 510.0 308.0 400.0 764.0 181.0 287.0 456.0 586.0 202.0 464.0 420.0 123.0 836.0 145.0 199.0 519.0 190.0 542.0 434.0 300.0 543.0 620.0 260.0 475.0 423.0 661.0 573.0 423.0 267.0 366.0 53.0 581.0 320.0 61.0 532.0 622.0 480.0 150.0 84.0 411.0 476.0 401.0 322.0 941.0 656.0 396.0 79.0 337.0 502.0 733.0 458.0 371.0 548.0 322.0 750.0 738.0 650.0 764.0 
418.0 743.0 26.0 402.0 735.0 759.0 257.0 521.0 847.0 730.0 555.0 232.0 791.0 773.0 201.0 212.0 431.0 0.0 771.0 394.0 837.0 269.0 400.0 101.0 194.0 568.0 156.0 559.0 164.0 592.0 251.0 468.0 779.0 189.0 125.0 847.0 95.0 240.0 217.0 274.0 579.0 106.0 680.0 560.0 61.0 735.0 460.0 145.0 773.0 390.0 570.0 829.0 307.0 545.0 684.0 442.0 246.0 758.0 599.0 851.0 431.0 333.0 232.0 312.0 391.0 221.0 814.0 809.0 145.0 764.0 432.0 244.0 451.0 640.0 130.0 390.0 152.0 256.0 595.0 430.0 444.0 282.0 385.0 769.0 562.0 797.0 701.0 45.0 457.0 121.0 866.0 995.0 727.0 798.0 175.0 745.0 514.0 516.0 464.0 753.0 
444.0 126.0 749.0 735.0 110.0 294.0 698.0 561.0 132.0 275.0 847.0 665.0 892.0 19.0 572.0 881.0 608.0 771.0 0.0 457.0 250.0 696.0 641.0 683.0 883.0 514.0 832.0 592.0 827.0 203.0 557.0 878.0 295.0 601.0 860.0 77.0 686.0 595.0 564.0 868.0 827.0 868.0 100.0 301.0 791.0 330.0 429.0 698.0 290.0 529.0 447.0 402.0 481.0 561.0 534.0 752.0 601.0 142.0 517.0 281.0 350.0 443.0 662.0 673.0 854.0 605.0 899.0 54.0 848.0 341.0 870.0 884.0 657.0 181.0 755.0 655.0 922.0 753.0 177.0 465.0 691.0 504.0 428.0 919.0 287.0 583.0 192.0 771.0 531.0 771.0 412.0 272.0 208.0 622.0 945.0 579.0 618.0 592.0 521.0 306.0 
25.0 485.0 382.0 595.0 385.0 584.0 475.0 199.0 569.0 550.0 758.0 218.0 925.0 466.0 219.0 576.0 525.0 394.0 457.0 0.0 620.0 481.0 200.0 294.0 567.0 563.0 516.0 248.0 393.0 254.0 144.0 723.0 389.0 308.0 444.0 529.0 300.0 359.0 190.0 604.0 761.0 468.0 395.0 402.0 439.0 342.0 404.0 401.0 592.0 83.0 520.0 690.0 114.0 576.0 322.0 632.0 372.0 507.0 589.0 645.0 139.0 227.0 216.0 217.0 664.0 179.0 942.0 479.0 422.0 612.0 697.0 596.0 574.0 287.0 447.0 530.0 537.0 300.0 297.0 406.0 593.0 134.0 54.0 925.0 393.0 434.0 330.0 416.0 487.0 455.0 720.0 721.0 513.0 785.0 560.0 727.0 235.0 218.0 126.0 361.0 
615.0 145.0 813.0 672.0 356.0 104.0 688.0 767.0 143.0 119.0 741.0 797.0 721.0 231.0 659.0 890.0 542.0 837.0 250.0 620.0 0.0 681.0 818.0 768.0 899.0 399.0 853.0 805.0 934.0 394.0 678.0 802.0 545.0 650.0 947.0 248.0 769.0 616.0 663.0 854.0 710.0 942.0 241.0 278.0 839.0 576.0 398.0 728.0 90.0 701.0 342.0 169.0 601.0 451.0 769.0 676.0 616.0 122.0 387.0 32.0 486.0 511.0 794.0 827.0 802.0 725.0 723.0 287.0 945.0 139.0 805.0 883.0 578.0 400.0 783.0 600.0 981.0 891.0 330.0 435.0 614.0 617.0 576.0 757.0 275.0 828.0 434.0 824.0 466.0 800.0 168.0 196.0 113.0 417.0 1002.0 389.0 821.0 797.0 714.0 553.0 
503.0 626.0 249.0 137.0 699.0 587.0 13.0 665.0 733.0 564.0 301.0 432.0 524.0 691.0 277.0 214.0 177.0 269.0 696.0 481.0 681.0 0.0 584.0 289.0 227.0 334.0 191.0 711.0 431.0 569.0 369.0 243.0 806.0 179.0 391.0 766.0 283.0 125.0 309.0 175.0 318.0 357.0 596.0 416.0 230.0 779.0 285.0 129.0 601.0 522.0 359.0 628.0 368.0 299.0 803.0 178.0 113.0 635.0 364.0 687.0 434.0 289.0 430.0 514.0 184.0 375.0 547.0 744.0 414.0 577.0 217.0 202.0 185.0 623.0 148.0 125.0 357.0 494.0 539.0 247.0 176.0 350.0 442.0 506.0 425.0 914.0 696.0 230.0 229.0 163.0 666.0 864.0 584.0 547.0 372.0 498.0 679.0 672.0 594.0 786.0 
204.0 682.0 400.0 714.0 556.0 783.0 574.0 143.0 760.0 750.0 881.0 169.0 1076.0 653.0 311.0 610.0 673.0 400.0 641.0 200.0 818.0 584.0 0.0 317.0 594.0 739.0 551.0 168.0 317.0 441.0 221.0 823.0 502.0 407.0 390.0 709.0 324.0 476.0 280.0 662.0 891.0 431.0 589.0 598.0 458.0 443.0 582.0 472.0 792.0 118.0 704.0 888.0 263.0 744.0 310.0 754.0 489.0 704.0 767.0 844.0 337.0 393.0 169.0 92.0 754.0 209.0 1095.0 655.0 355.0 811.0 792.0 639.0 715.0 462.0 500.0 663.0 506.0 184.0 492.0 577.0 728.0 265.0 249.0 1069.0 590.0 416.0 487.0 438.0 650.0 501.0 919.0 910.0 712.0 969.0 526.0 911.0 117.0 126.0 129.0 471.0 
318.0 664.0 90.0 426.0 641.0 698.0 277.0 428.0 767.0 667.0 589.0 151.0 809.0 686.0 112.0 297.0 423.0 101.0 683.0 294.0 768.0 289.0 317.0 0.0 284.0 540.0 237.0 468.0 173.0 498.0 151.0 516.0 679.0 145.0 180.0 759.0 8.0 215.0 121.0 346.0 606.0 186.0 596.0 495.0 149.0 635.0 412.0 164.0 710.0 293.0 531.0 777.0 210.0 526.0 588.0 466.0 225.0 681.0 571.0 785.0 338.0 258.0 150.0 235.0 443.0 123.0 831.0 719.0 177.0 708.0 483.0 324.0 453.0 545.0 184.0 394.0 247.0 205.0 507.0 388.0 455.0 185.0 285.0 793.0 495.0 701.0 604.0 127.0 432.0 185.0 813.0 917.0 657.0 776.0 271.0 720.0 426.0 426.0 367.0 653.0 
591.0 830.0 196.0 315.0 867.0 808.0 217.0 711.0 938.0 783.0 432.0 426.0 683.0 881.0 352.0 24.0 400.0 194.0 883.0 567.0 899.0 227.0 594.0 284.0 0.0 560.0 53.0 751.0 332.0 726.0 426.0 323.0 939.0 287.0 261.0 957.0 277.0 290.0 378.0 109.0 465.0 213.0 786.0 626.0 136.0 901.0 502.0 186.0 822.0 575.0 585.0 854.0 465.0 522.0 871.0 346.0 287.0 841.0 589.0 907.0 572.0 443.0 425.0 506.0 247.0 405.0 707.0 927.0 298.0 801.0 286.0 62.0 396.0 779.0 129.0 343.0 170.0 445.0 714.0 465.0 376.0 440.0 546.0 651.0 633.0 984.0 847.0 158.0 455.0 116.0 892.0 1076.0 797.0 764.0 175.0 719.0 706.0 708.0 650.0 915.0 
574.0 404.0 543.0 283.0 568.0 296.0 345.0 760.0 496.0 285.0 345.0 638.0 393.0 502.0 460.0 545.0 162.0 568.0 514.0 563.0 399.0 334.0 739.0 540.0 560.0 0.0 524.0 808.0 710.0 489.0 529.0 405.0 734.0 395.0 692.0 566.0 536.0 330.0 482.0 490.0 318.0 669.0 425.0 226.0 545.0 733.0 159.0 428.0 310.0 636.0 68.0 304.0 476.0 52.0 845.0 281.0 323.0 401.0 32.0 394.0 443.0 346.0 635.0 702.0 412.0 562.0 404.0 568.0 705.0 270.0 411.0 528.0 186.0 534.0 470.0 223.0 683.0 725.0 426.0 163.0 220.0 476.0 509.0 411.0 241.0 941.0 605.0 538.0 111.0 488.0 342.0 594.0 333.0 238.0 700.0 181.0 797.0 780.0 688.0 726.0 
540.0 781.0 152.0 297.0 814.0 764.0 180.0 664.0 888.0 738.0 429.0 383.0 676.0 830.0 300.0 61.0 367.0 156.0 832.0 516.0 853.0 191.0 551.0 237.0 53.0 524.0 0.0 705.0 307.0 674.0 377.0 328.0 887.0 235.0 243.0 906.0 230.0 241.0 327.0 121.0 459.0 198.0 735.0 579.0 96.0 849.0 457.0 134.0 778.0 527.0 545.0 814.0 413.0 490.0 823.0 332.0 238.0 793.0 554.0 862.0 519.0 391.0 383.0 465.0 250.0 358.0 700.0 876.0 276.0 759.0 291.0 89.0 370.0 726.0 77.0 313.0 174.0 411.0 662.0 420.0 353.0 388.0 494.0 648.0 585.0 936.0 794.0 114.0 417.0 64.0 852.0 1028.0 749.0 736.0 186.0 688.0 662.0 663.0 602.0 863.0 
235.0 662.0 556.0 834.0 492.0 791.0 703.0 49.0 721.0 759.0 999.0 329.0 1172.0 607.0 436.0 765.0 772.0 559.0 592.0 248.0 805.0 711.0 168.0 468.0 751.0 808.0 705.0 0.0 484.0 412.0 344.0 954.0 387.0 533.0 558.0 650.0 476.0 594.0 403.0 810.0 1004.0 597.0 565.0 630.0 615.0 326.0 650.0 612.0 797.0 190.0 762.0 904.0 353.0 824.0 148.0 872.0 607.0 685.0 833.0 834.0 370.0 474.0 329.0 259.0 889.0 350.0 1190.0 592.0 523.0 826.0 926.0 792.0 819.0 413.0 647.0 773.0 672.0 351.0 478.0 654.0 837.0 366.0 300.0 1172.0 619.0 249.0 411.0 593.0 735.0 651.0 930.0 862.0 709.0 1024.0 693.0 967.0 55.0 44.0 123.0 357.0 
414.0 823.0 183.0 565.0 772.0 867.0 418.0 456.0 922.0 836.0 719.0 178.0 954.0 833.0 276.0 353.0 585.0 164.0 827.0 393.0 934.0 431.0 317.0 173.0 332.0 710.0 307.0 484.0 0.0 632.0 271.0 629.0 776.0 315.0 80.0 903.0 175.0 381.0 272.0 427.0 743.0 128.0 747.0 664.0 218.0 724.0 585.0 304.0 879.0 355.0 703.0 949.0 347.0 693.0 625.0 605.0 390.0 841.0 742.0 952.0 478.0 424.0 180.0 227.0 552.0 224.0 977.0 858.0 41.0 879.0 593.0 390.0 609.0 673.0 293.0 548.0 200.0 136.0 653.0 560.0 605.0 325.0 406.0 933.0 663.0 732.0 722.0 208.0 601.0 284.0 985.0 1074.0 822.0 945.0 217.0 890.0 432.0 442.0 417.0 747.0 
242.0 250.0 572.0 640.0 144.0 387.0 568.0 374.0 320.0 356.0 780.0 465.0 881.0 213.0 392.0 728.0 529.0 592.0 203.0 254.0 394.0 569.0 441.0 498.0 726.0 489.0 674.0 412.0 632.0 0.0 362.0 783.0 250.0 440.0 670.0 276.0 501.0 453.0 378.0 730.0 768.0 683.0 154.0 269.0 620.0 244.0 355.0 542.0 391.0 327.0 427.0 502.0 290.0 524.0 389.0 667.0 461.0 273.0 504.0 423.0 161.0 286.0 462.0 470.0 745.0 409.0 893.0 227.0 655.0 426.0 768.0 738.0 581.0 55.0 598.0 561.0 743.0 552.0 73.0 380.0 611.0 314.0 228.0 897.0 254.0 468.0 129.0 598.0 462.0 611.0 525.0 470.0 301.0 664.0 766.0 611.0 429.0 405.0 326.0 238.0 
168.0 559.0 239.0 496.0 503.0 622.0 361.0 298.0 655.0 589.0 663.0 121.0 855.0 563.0 93.0 437.0 453.0 251.0 557.0 144.0 678.0 369.0 221.0 151.0 426.0 529.0 377.0 344.0 271.0 362.0 0.0 612.0 530.0 191.0 310.0 633.0 157.0 256.0 61.0 472.0 672.0 328.0 479.0 422.0 296.0 485.0 378.0 271.0 633.0 156.0 502.0 716.0 79.0 530.0 449.0 535.0 270.0 578.0 559.0 699.0 208.0 190.0 118.0 174.0 546.0 48.0 875.0 588.0 293.0 641.0 583.0 459.0 495.0 405.0 311.0 443.0 395.0 215.0 384.0 367.0 507.0 62.0 139.0 849.0 418.0 562.0 460.0 273.0 434.0 317.0 750.0 807.0 566.0 764.0 418.0 706.0 310.0 304.0 230.0 503.0 
744.0 786.0 454.0 145.0 901.0 700.0 251.0 907.0 887.0 686.0 119.0 665.0 370.0 869.0 519.0 299.0 271.0 468.0 878.0 723.0 802.0 243.0 823.0 516.0 323.0 405.0 328.0 954.0 629.0 783.0 612.0 0.0 1029.0 422.0 570.0 941.0 510.0 365.0 552.0 215.0 160.0 526.0 779.0 579.0 412.0 1007.0 449.0 353.0 714.0 764.0 461.0 702.0 610.0 354.0 1044.0 128.0 352.0 789.0 423.0 799.0 664.0 519.0 664.0 748.0 79.0 614.0 395.0 930.0 602.0 675.0 37.0 263.0 226.0 837.0 340.0 225.0 493.0 716.0 742.0 415.0 191.0 592.0 682.0 333.0 592.0 1155.0 912.0 423.0 349.0 347.0 737.0 997.0 726.0 532.0 497.0 504.0 921.0 915.0 837.0 1011.0 
366.0 411.0 764.0 886.0 191.0 577.0 803.0 376.0 419.0 553.0 1029.0 598.0 1126.0 314.0 589.0 945.0 778.0 779.0 295.0 389.0 545.0 806.0 502.0 679.0 939.0 734.0 887.0 387.0 776.0 250.0 530.0 1029.0 0.0 658.0 831.0 321.0 685.0 685.0 566.0 958.0 1018.0 856.0 334.0 509.0 819.0 62.0 604.0 760.0 576.0 423.0 670.0 691.0 476.0 771.0 278.0 914.0 695.0 431.0 747.0 576.0 374.0 518.0 596.0 569.0 986.0 567.0 1137.0 267.0 807.0 623.0 1011.0 959.0 831.0 201.0 813.0 809.0 924.0 665.0 308.0 629.0 860.0 502.0 396.0 1144.0 494.0 298.0 130.0 796.0 712.0 824.0 704.0 531.0 487.0 889.0 947.0 840.0 431.0 406.0 375.0 31.0 
330.0 561.0 164.0 307.0 580.0 571.0 171.0 486.0 667.0 542.0 474.0 265.0 678.0 601.0 98.0 289.0 283.0 189.0 601.0 308.0 650.0 179.0 407.0 145.0 287.0 395.0 235.0 533.0 315.0 440.0 191.0 422.0 658.0 0.0 306.0 676.0 142.0 73.0 131.0 302.0 485.0 294.0 506.0 372.0 193.0 624.0 274.0 103.0 585.0 343.0 389.0 642.0 195.0 382.0 628.0 347.0 86.0 575.0 427.0 663.0 287.0 159.0 263.0 343.0 358.0 200.0 699.0 644.0 313.0 576.0 394.0 302.0 318.0 492.0 158.0 261.0 332.0 340.0 429.0 246.0 325.0 175.0 274.0 667.0 375.0 741.0 561.0 175.0 287.0 172.0 680.0 812.0 541.0 631.0 354.0 576.0 501.0 493.0 416.0 635.0 
467.0 844.0 149.0 520.0 812.0 873.0 378.0 527.0 946.0 843.0 666.0 239.0 908.0 864.0 292.0 284.0 555.0 125.0 860.0 444.0 947.0 391.0 390.0 180.0 261.0 692.0 243.0 558.0 80.0 670.0 310.0 570.0 831.0 306.0 0.0 936.0 179.0 363.0 297.0 362.0 693.0 50.0 775.0 672.0 164.0 782.0 579.0 269.0 886.0 417.0 693.0 947.0 381.0 670.0 696.0 558.0 370.0 861.0 723.0 963.0 512.0 437.0 241.0 299.0 492.0 267.0 931.0 894.0 40.0 881.0 533.0 321.0 573.0 715.0 245.0 512.0 121.0 213.0 684.0 551.0 566.0 357.0 449.0 883.0 673.0 804.0 769.0 162.0 581.0 232.0 985.0 1097.0 835.0 922.0 138.0 869.0 506.0 515.0 483.0 803.0 
515.0 163.0 825.0 799.0 159.0 316.0 769.0 622.0 108.0 305.0 905.0 740.0 933.0 76.0 649.0 954.0 671.0 847.0 77.0 529.0 248.0 766.0 709.0 759.0 957.0 566.0 906.0 650.0 903.0 276.0 633.0 941.0 321.0 676.0 936.0 0.0 762.0 668.0 640.0 939.0 882.0 944.0 172.0 363.0 866.0 366.0 494.0 773.0 309.0 599.0 499.0 413.0 557.0 614.0 579.0 815.0 674.0 170.0 565.0 278.0 426.0 519.0 737.0 745.0 921.0 680.0 939.0 59.0 924.0 363.0 935.0 957.0 718.0 247.0 830.0 719.0 998.0 827.0 253.0 531.0 753.0 580.0 502.0 963.0 350.0 617.0 240.0 847.0 593.0 845.0 416.0 215.0 241.0 649.0 1021.0 611.0 679.0 654.0 587.0 337.0 
324.0 666.0 83.0 420.0 645.0 697.0 271.0 435.0 769.0 667.0 582.0 158.0 804.0 689.0 114.0 290.0 419.0 95.0 686.0 300.0 769.0 283.0 324.0 8.0 277.0 536.0 230.0 476.0 175.0 501.0 157.0 510.0 685.0 142.0 179.0 762.0 0.0 211.0 124.0 339.0 600.0 183.0 598.0 495.0 142.0 641.0 410.0 158.0 710.0 300.0 529.0 776.0 214.0 522.0 595.0 460.0 221.0 682.0 568.0 785.0 341.0 258.0 157.0 242.0 436.0 130.0 825.0 722.0 178.0 707.0 476.0 317.0 448.0 549.0 177.0 389.0 243.0 211.0 509.0 385.0 450.0 189.0 290.0 788.0 495.0 708.0 609.0 120.0 428.0 177.0 812.0 918.0 657.0 772.0 266.0 717.0 433.0 433.0 374.0 658.0 
380.0 541.0 215.0 241.0 587.0 530.0 120.0 546.0 648.0 503.0 407.0 338.0 606.0 593.0 165.0 287.0 210.0 240.0 595.0 359.0 616.0 125.0 476.0 215.0 290.0 330.0 241.0 594.0 381.0 453.0 256.0 365.0 685.0 73.0 363.0 668.0 211.0 0.0 197.0 278.0 416.0 344.0 497.0 339.0 228.0 656.0 225.0 113.0 544.0 404.0 331.0 592.0 245.0 312.0 680.0 280.0 14.0 552.0 362.0 626.0 312.0 168.0 335.0 415.0 308.0 271.0 626.0 641.0 375.0 530.0 340.0 290.0 245.0 507.0 168.0 189.0 370.0 413.0 430.0 192.0 253.0 229.0 318.0 596.0 345.0 791.0 579.0 215.0 220.0 185.0 630.0 788.0 510.0 564.0 390.0 509.0 564.0 556.0 474.0 664.0 
214.0 552.0 200.0 436.0 521.0 599.0 301.0 357.0 652.0 567.0 603.0 157.0 798.0 568.0 33.0 387.0 397.0 217.0 564.0 190.0 663.0 309.0 280.0 121.0 378.0 482.0 327.0 403.0 272.0 378.0 61.0 552.0 566.0 131.0 297.0 640.0 124.0 197.0 0.0 417.0 612.0 306.0 479.0 397.0 253.0 525.0 336.0 214.0 611.0 214.0 460.0 687.0 91.0 479.0 504.0 476.0 210.0 569.0 513.0 681.0 218.0 156.0 154.0 224.0 487.0 81.0 818.0 599.0 287.0 614.0 523.0 407.0 437.0 425.0 258.0 384.0 367.0 246.0 388.0 321.0 449.0 65.0 170.0 790.0 395.0 617.0 485.0 231.0 383.0 266.0 722.0 803.0 550.0 718.0 390.0 661.0 370.0 363.0 288.0 540.0 
628.0 801.0 267.0 223.0 865.0 758.0 171.0 767.0 908.0 736.0 325.0 496.0 577.0 864.0 386.0 85.0 328.0 274.0 868.0 604.0 854.0 175.0 662.0 346.0 109.0 490.0 121.0 810.0 427.0 730.0 472.0 215.0 958.0 302.0 362.0 939.0 339.0 278.0 417.0 0.0 359.0 315.0 768.0 591.0 215.0 925.0 460.0 204.0 773.0 627.0 525.0 791.0 495.0 447.0 920.0 249.0 270.0 810.0 517.0 859.0 585.0 445.0 495.0 579.0 139.0 461.0 601.0 916.0 397.0 745.0 178.0 50.0 314.0 784.0 163.0 268.0 278.0 530.0 707.0 422.0 288.0 472.0 575.0 544.0 600.0 1033.0 856.0 231.0 394.0 162.0 829.0 1039.0 758.0 678.0 283.0 636.0 770.0 768.0 702.0 936.0 
779.0 721.0 561.0 181.0 869.0 607.0 330.0 956.0 813.0 601.0 43.0 747.0 219.0 816.0 581.0 442.0 243.0 579.0 827.0 761.0 710.0 318.0 891.0 606.0 465.0 318.0 459.0 1004.0 743.0 768.0 672.0 160.0 1018.0 485.0 693.0 882.0 600.0 416.0 612.0 359.0 0.0 653.0 733.0 528.0 530.0 1006.0 415.0 445.0 621.0 816.0 383.0 588.0 651.0 268.0 1075.0 141.0 403.0 719.0 325.0 702.0 675.0 539.0 745.0 827.0 223.0 685.0 243.0 880.0 721.0 575.0 191.0 408.0 191.0 819.0 450.0 231.0 631.0 811.0 715.0 389.0 168.0 639.0 713.0 191.0 543.0 1182.0 893.0 536.0 307.0 462.0 620.0 905.0 650.0 389.0 639.0 369.0 978.0 968.0 883.0 1005.0 
491.0 845.0 131.0 483.0 826.0 865.0 344.0 564.0 949.0 835.0 625.0 273.0 869.0 871.0 296.0 236.0 527.0 106.0 868.0 468.0 942.0 357.0 431.0 186.0 213.0 669.0 198.0 597.0 128.0 683.0 328.0 526.0 856.0 294.0 50.0 944.0 183.0 344.0 306.0 315.0 653.0 0.0 780.0 665.0 128.0 808.0 565.0 242.0 878.0 448.0 675.0 934.0 395.0 644.0 732.0 520.0 349.0 861.0 701.0 956.0 523.0 436.0 274.0 339.0 447.0 289.0 892.0 904.0 89.0 869.0 489.0 273.0 542.0 730.0 210.0 481.0 76.0 258.0 692.0 535.0 531.0 369.0 467.0 843.0 667.0 842.0 787.0 132.0 558.0 196.0 972.0 1098.0 832.0 897.0 97.0 845.0 547.0 554.0 517.0 828.0 
386.0 97.0 658.0 636.0 149.0 247.0 599.0 528.0 176.0 221.0 752.0 592.0 810.0 96.0 484.0 783.0 510.0 680.0 100.0 395.0 241.0 596.0 589.0 596.0 786.0 425.0 735.0 565.0 747.0 154.0 479.0 779.0 334.0 506.0 775.0 172.0 598.0 497.0 479.0 768.0 733.0 780.0 0.0 205.0 697.0 353.0 331.0 601.0 249.0 473.0 358.0 363.0 401.0 469.0 532.0 654.0 502.0 120.0 431.0 270.0 274.0 350.0 589.0 609.0 755.0 527.0 819.0 152.0 765.0 291.0 771.0 785.0 559.0 162.0 659.0 556.0 831.0 683.0 99.0 366.0 593.0 423.0 358.0 834.0 191.0 599.0 209.0 678.0 434.0 675.0 381.0 329.0 157.0 556.0 854.0 509.0 583.0 558.0 478.0 336.0 
405.0 212.0 535.0 437.0 343.0 204.0 421.0 585.0 318.0 172.0 548.0 542.0 617.0 292.0 388.0 619.0 308.0 560.0 301.0 402.0 278.0 416.0 598.0 495.0 626.0 226.0 579.0 630.0 664.0 269.0 422.0 579.0 509.0 372.0 672.0 363.0 495.0 339.0 397.0 591.0 528.0 665.0 205.0 0.0 561.0 511.0 134.0 451.0 216.0 483.0 161.0 295.0 350.0 267.0 643.0 453.0 341.0 219.0 238.0 292.0 265.0 241.0 539.0 586.0 560.0 466.0 628.0 354.0 672.0 219.0 573.0 615.0 356.0 311.0 507.0 358.0 703.0 636.0 202.0 172.0 391.0 361.0 350.0 637.0 16.0 731.0 380.0 546.0 231.0 524.0 328.0 450.0 172.0 401.0 724.0 346.0 630.0 610.0 518.0 502.0 
463.0 753.0 60.0 357.0 762.0 756.0 217.0 575.0 860.0 729.0 504.0 290.0 745.0 792.0 232.0 152.0 400.0 61.0 791.0 439.0 839.0 230.0 458.0 149.0 136.0 545.0 96.0 615.0 218.0 620.0 296.0 412.0 819.0 193.0 164.0 866.0 142.0 228.0 253.0 215.0 530.0 128.0 697.0 561.0 0.0 777.0 452.0 118.0 770.0 442.0 555.0 819.0 343.0 518.0 737.0 395.0 230.0 767.0 577.0 851.0 461.0 348.0 290.0 371.0 335.0 272.0 768.0 832.0 192.0 757.0 376.0 184.0 414.0 670.0 83.0 353.0 143.0 316.0 617.0 419.0 404.0 318.0 423.0 720.0 565.0 850.0 735.0 24.0 435.0 69.0 857.0 1004.0 731.0 770.0 163.0 719.0 571.0 572.0 516.0 793.0 
318.0 438.0 721.0 867.0 222.0 600.0 776.0 315.0 459.0 573.0 1014.0 546.0 1125.0 349.0 550.0 908.0 764.0 735.0 330.0 342.0 576.0 779.0 443.0 635.0 901.0 733.0 849.0 326.0 724.0 244.0 485.0 1007.0 62.0 624.0 782.0 366.0 641.0 656.0 525.0 925.0 1006.0 808.0 353.0 511.0 777.0 0.0 595.0 725.0 600.0 369.0 671.0 715.0 437.0 767.0 220.0 897.0 667.0 459.0 748.0 608.0 345.0 491.0 544.0 513.0 961.0 520.0 1137.0 309.0 756.0 644.0 988.0 924.0 817.0 202.0 776.0 791.0 878.0 609.0 310.0 617.0 845.0 462.0 356.0 1139.0 496.0 254.0 145.0 754.0 701.0 786.0 731.0 579.0 509.0 901.0 901.0 850.0 370.0 346.0 317.0 33.0 
416.0 346.0 435.0 306.0 457.0 308.0 291.0 602.0 451.0 282.0 428.0 492.0 536.0 422.0 318.0 493.0 181.0 460.0 429.0 404.0 398.0 285.0 582.0 412.0 502.0 159.0 457.0 650.0 585.0 355.0 378.0 449.0 604.0 274.0 579.0 494.0 410.0 225.0 336.0 460.0 415.0 565.0 331.0 134.0 452.0 595.0 0.0 336.0 322.0 478.0 124.0 369.0 320.0 178.0 691.0 324.0 223.0 352.0 185.0 406.0 286.0 191.0 489.0 551.0 427.0 415.0 551.0 482.0 586.0 306.0 441.0 486.0 232.0 405.0 389.0 226.0 594.0 582.0 302.0 39.0 265.0 322.0 351.0 547.0 145.0 791.0 479.0 439.0 108.0 406.0 407.0 579.0 299.0 387.0 614.0 329.0 638.0 622.0 530.0 592.0 
424.0 650.0 123.0 265.0 681.0 643.0 116.0 568.0 757.0 616.0 426.0 313.0 653.0 697.0 183.0 187.0 287.0 145.0 698.0 401.0 728.0 129.0 472.0 164.0 186.0 428.0 134.0 612.0 304.0 542.0 271.0 353.0 760.0 103.0 269.0 773.0 158.0 113.0 214.0 204.0 445.0 242.0 601.0 451.0 118.0 725.0 336.0 0.0 657.0 426.0 438.0 702.0 292.0 403.0 717.0 306.0 114.0 662.0 460.0 739.0 389.0 258.0 311.0 396.0 282.0 265.0 675.0 742.0 289.0 642.0 321.0 200.0 307.0 594.0 58.0 246.0 259.0 368.0 528.0 303.0 302.0 269.0 372.0 634.0 457.0 831.0 663.0 110.0 318.0 74.0 740.0 899.0 622.0 655.0 279.0 603.0 575.0 571.0 500.0 737.0 
591.0 167.0 748.0 585.0 386.0 15.0 609.0 755.0 213.0 44.0 651.0 753.0 637.0 272.0 604.0 813.0 456.0 773.0 290.0 592.0 90.0 601.0 792.0 710.0 822.0 310.0 778.0 797.0 879.0 391.0 633.0 714.0 576.0 585.0 886.0 309.0 710.0 544.0 611.0 773.0 621.0 878.0 249.0 216.0 770.0 600.0 322.0 657.0 0.0 675.0 255.0 115.0 558.0 362.0 777.0 588.0 544.0 149.0 297.0 87.0 455.0 456.0 750.0 791.0 715.0 678.0 639.0 337.0 887.0 55.0 717.0 803.0 491.0 409.0 710.0 514.0 912.0 847.0 321.0 358.0 526.0 572.0 544.0 671.0 217.0 847.0 456.0 756.0 381.0 727.0 134.0 285.0 92.0 341.0 933.0 307.0 807.0 784.0 697.0 581.0 
87.0 565.0 382.0 644.0 450.0 666.0 514.0 144.0 646.0 633.0 810.0 179.0 989.0 540.0 247.0 588.0 586.0 390.0 529.0 83.0 701.0 522.0 118.0 293.0 575.0 636.0 527.0 190.0 355.0 327.0 156.0 764.0 423.0 343.0 417.0 599.0 300.0 404.0 214.0 627.0 816.0 448.0 473.0 483.0 442.0 369.0 478.0 426.0 675.0 0.0 597.0 772.0 167.0 647.0 296.0 682.0 417.0 587.0 663.0 726.0 221.0 293.0 177.0 150.0 701.0 171.0 1007.0 547.0 389.0 694.0 736.0 612.0 633.0 353.0 465.0 585.0 521.0 243.0 375.0 477.0 649.0 177.0 134.0 986.0 475.0 409.0 386.0 419.0 555.0 470.0 802.0 797.0 594.0 862.0 543.0 804.0 164.0 153.0 76.0 393.0 
529.0 338.0 545.0 331.0 501.0 240.0 368.0 715.0 432.0 226.0 409.0 616.0 457.0 435.0 441.0 573.0 202.0 570.0 447.0 520.0 342.0 359.0 704.0 531.0 585.0 68.0 545.0 762.0 703.0 427.0 502.0 461.0 670.0 389.0 693.0 499.0 529.0 331.0 460.0 525.0 383.0 675.0 358.0 161.0 555.0 671.0 124.0 438.0 255.0 597.0 0.0 269.0 442.0 116.0 791.0 335.0 326.0 336.0 78.0 341.0 394.0 314.0 613.0 675.0 461.0 539.0 468.0 501.0 702.0 222.0 463.0 559.0 236.0 471.0 485.0 261.0 696.0 705.0 362.0 144.0 272.0 445.0 467.0 477.0 176.0 884.0 541.0 545.0 131.0 502.0 308.0 536.0 269.0 266.0 714.0 208.0 754.0 736.0 644.0 662.0 
691.0 280.0 804.0 586.0 500.0 116.0 637.0 861.0 310.0 147.0 623.0 836.0 567.0 384.0 675.0 841.0 464.0 829.0 402.0 690.0 169.0 628.0 888.0 777.0 854.0 304.0 814.0 904.0 949.0 502.0 716.0 702.0 691.0 642.0 947.0 413.0 776.0 592.0 687.0 791.0 588.0 934.0 363.0 295.0 819.0 715.0 369.0 702.0 115.0 772.0 269.0 0.0 644.0 352.0 890.0 582.0 589.0 261.0 282.0 144.0 552.0 531.0 833.0 880.0 715.0 759.0 566.0 446.0 952.0 79.0 711.0 827.0 489.0 522.0 751.0 525.0 961.0 929.0 431.0 400.0 523.0 655.0 640.0 607.0 300.0 961.0 570.0 807.0 399.0 769.0 39.0 340.0 206.0 254.0 980.0 236.0 910.0 888.0 800.0 695.0 
136.0 480.0 290.0 483.0 432.0 547.0 362.0 305.0 577.0 514.0 647.0 197.0 822.0 487.0 114.0 472.0 420.0 307.0 481.0 114.0 601.0 368.0 263.0 210.0 465.0 476.0 413.0 353.0 347.0 290.0 79.0 610.0 476.0 195.0 381.0 557.0 214.0 245.0 91.0 495.0 651.0 395.0 401.0 350.0 343.0 437.0 320.0 292.0 558.0 167.0 442.0 644.0 0.0 483.0 435.0 520.0 258.0 500.0 504.0 622.0 132.0 131.0 194.0 238.0 551.0 126.0 841.0 514.0 367.0 568.0 584.0 489.0 467.0 336.0 341.0 421.0 457.0 291.0 307.0 315.0 484.0 26.0 82.0 820.0 345.0 547.0 395.0 321.0 390.0 350.0 677.0 729.0 489.0 707.0 480.0 649.0 331.0 318.0 232.0 451.0 
589.0 453.0 521.0 235.0 610.0 348.0 310.0 775.0 547.0 337.0 294.0 634.0 360.0 549.0 454.0 507.0 123.0 545.0 561.0 576.0 451.0 299.0 744.0 526.0 522.0 52.0 490.0 824.0 693.0 524.0 530.0 354.0 771.0 382.0 670.0 614.0 522.0 312.0 479.0 447.0 268.0 644.0 469.0 267.0 518.0 767.0 178.0 403.0 362.0 647.0 116.0 352.0 483.0 0.0 868.0 230.0 303.0 451.0 72.0 446.0 463.0 354.0 631.0 702.0 363.0 559.0 374.0 615.0 685.0 322.0 360.0 487.0 138.0 571.0 440.0 181.0 653.0 717.0 464.0 170.0 171.0 480.0 524.0 373.0 282.0 968.0 643.0 512.0 97.0 457.0 389.0 646.0 384.0 253.0 669.0 201.0 809.0 794.0 702.0 761.0 
301.0 625.0 677.0 915.0 426.0 774.0 796.0 170.0 665.0 744.0 1076.0 460.0 1226.0 551.0 535.0 883.0 836.0 684.0 534.0 322.0 769.0 803.0 310.0 588.0 871.0 845.0 823.0 148.0 625.0 389.0 449.0 1044.0 278.0 628.0 696.0 579.0 595.0 680.0 504.0 920.0 1075.0 732.0 532.0 643.0 737.0 220.0 691.0 717.0 777.0 296.0 791.0 890.0 435.0 868.0 0.0 950.0 693.0 648.0 866.0 799.0 406.0 537.0 460.0 399.0 985.0 466.0 1241.0 521.0 663.0 814.0 1019.0 907.0 886.0 371.0 759.0 847.0 807.0 494.0 460.0 703.0 908.0 454.0 364.0 1232.0 629.0 114.0 342.0 714.0 787.0 765.0 911.0 794.0 686.0 1043.0 828.0 988.0 202.0 186.0 221.0 252.0 
651.0 659.0 423.0 41.0 780.0 574.0 190.0 824.0 760.0 560.0 128.0 608.0 350.0 744.0 444.0 326.0 145.0 442.0 752.0 632.0 676.0 178.0 754.0 466.0 346.0 281.0 332.0 872.0 605.0 667.0 535.0 128.0 914.0 347.0 558.0 815.0 460.0 280.0 476.0 249.0 141.0 520.0 654.0 453.0 395.0 897.0 324.0 306.0 588.0 682.0 335.0 582.0 520.0 230.0 950.0 0.0 266.0 661.0 301.0 674.0 558.0 416.0 605.0 688.0 137.0 547.0 373.0 805.0 585.0 551.0 130.0 296.0 99.0 719.0 314.0 107.0 505.0 671.0 621.0 292.0 63.0 506.0 587.0 329.0 466.0 1059.0 794.0 400.0 223.0 327.0 618.0 870.0 598.0 435.0 516.0 398.0 844.0 834.0 751.0 899.0 
392.0 544.0 221.0 228.0 595.0 529.0 109.0 559.0 651.0 503.0 394.0 350.0 593.0 598.0 179.0 282.0 199.0 246.0 601.0 372.0 616.0 113.0 489.0 225.0 287.0 323.0 238.0 607.0 390.0 461.0 270.0 352.0 695.0 86.0 370.0 674.0 221.0 14.0 210.0 270.0 403.0 349.0 502.0 341.0 230.0 667.0 223.0 114.0 544.0 417.0 326.0 589.0 258.0 303.0 693.0 266.0 0.0 555.0 354.0 626.0 322.0 178.0 348.0 428.0 296.0 284.0 614.0 648.0 383.0 528.0 327.0 283.0 233.0 516.0 167.0 176.0 372.0 425.0 438.0 189.0 240.0 242.0 331.0 583.0 347.0 804.0 588.0 219.0 212.0 185.0 627.0 790.0 512.0 555.0 392.0 501.0 578.0 569.0 487.0 675.0 
500.0 23.0 734.0 650.0 241.0 153.0 640.0 647.0 100.0 137.0 744.0 695.0 764.0 124.0 570.0 836.0 519.0 758.0 142.0 507.0 122.0 635.0 704.0 681.0 841.0 401.0 793.0 685.0 841.0 273.0 578.0 789.0 431.0 575.0 861.0 170.0 682.0 552.0 569.0 810.0 719.0 861.0 120.0 219.0 767.0 459.0 352.0 662.0 149.0 587.0 336.0 261.0 500.0 451.0 648.0 661.0 555.0 0.0 399.0 152.0 378.0 426.0 691.0 718.0 776.0 625.0 770.0 189.0 855.0 200.0 786.0 833.0 563.0 278.0 719.0 572.0 906.0 787.0 213.0 390.0 599.0 518.0 466.0 794.0 210.0 710.0 315.0 750.0 440.0 736.0 273.0 238.0 72.0 483.0 928.0 443.0 701.0 677.0 596.0 438.0 
599.0 403.0 575.0 306.0 576.0 284.0 375.0 785.0 491.0 277.0 355.0 669.0 381.0 504.0 491.0 574.0 190.0 599.0 517.0 589.0 387.0 364.0 767.0 571.0 589.0 32.0 554.0 833.0 742.0 504.0 559.0 423.0 747.0 427.0 723.0 565.0 568.0 362.0 513.0 517.0 325.0 701.0 431.0 238.0 577.0 748.0 185.0 460.0 297.0 663.0 78.0 282.0 504.0 72.0 866.0 301.0 354.0 399.0 0.0 380.0 466.0 374.0 666.0 732.0 434.0 592.0 391.0 571.0 736.0 254.0 430.0 556.0 209.0 548.0 501.0 250.0 714.0 756.0 439.0 193.0 242.0 505.0 535.0 403.0 253.0 961.0 618.0 569.0 143.0 518.0 318.0 582.0 329.0 207.0 731.0 150.0 823.0 806.0 714.0 739.0 
640.0 175.0 826.0 671.0 387.0 102.0 694.0 795.0 172.0 124.0 734.0 818.0 704.0 262.0 676.0 898.0 542.0 851.0 281.0 645.0 32.0 687.0 844.0 785.0 907.0 394.0 862.0 834.0 952.0 423.0 699.0 799.0 576.0 663.0 963.0 278.0 785.0 626.0 681.0 859.0 702.0 956.0 270.0 292.0 851.0 608.0 406.0 739.0 87.0 726.0 341.0 144.0 622.0 446.0 799.0 674.0 626.0 152.0 380.0 0.0 510.0 529.0 815.0 851.0 801.0 745.0 704.0 318.0 962.0 127.0 803.0 889.0 576.0 430.0 793.0 601.0 993.0 912.0 358.0 442.0 612.0 638.0 600.0 741.0 290.0 859.0 465.0 836.0 467.0 810.0 139.0 205.0 134.0 396.0 1014.0 371.0 848.0 825.0 741.0 585.0 
141.0 357.0 412.0 526.0 304.0 446.0 431.0 322.0 449.0 413.0 679.0 319.0 820.0 356.0 232.0 575.0 434.0 431.0 350.0 139.0 486.0 434.0 337.0 338.0 572.0 443.0 519.0 370.0 478.0 161.0 208.0 664.0 374.0 287.0 512.0 426.0 341.0 312.0 218.0 585.0 675.0 523.0 274.0 265.0 461.0 345.0 286.0 389.0 455.0 221.0 394.0 552.0 132.0 463.0 406.0 558.0 322.0 378.0 466.0 510.0 0.0 146.0 316.0 342.0 616.0 255.0 835.0 383.0 498.0 474.0 644.0 588.0 485.0 210.0 444.0 452.0 582.0 411.0 177.0 297.0 510.0 155.0 90.0 826.0 256.0 509.0 276.0 439.0 382.0 456.0 582.0 602.0 377.0 655.0 606.0 598.0 366.0 346.0 254.0 353.0 
242.0 410.0 310.0 382.0 424.0 444.0 286.0 425.0 514.0 412.0 540.0 307.0 699.0 444.0 148.0 444.0 300.0 333.0 443.0 227.0 511.0 289.0 393.0 258.0 443.0 346.0 391.0 474.0 424.0 286.0 190.0 519.0 518.0 159.0 437.0 519.0 258.0 168.0 156.0 445.0 539.0 436.0 350.0 241.0 348.0 491.0 191.0 258.0 456.0 293.0 314.0 531.0 131.0 354.0 537.0 416.0 178.0 426.0 374.0 529.0 146.0 0.0 304.0 362.0 470.0 230.0 716.0 486.0 434.0 458.0 498.0 452.0 350.0 340.0 315.0 311.0 483.0 400.0 271.0 185.0 372.0 132.0 176.0 700.0 240.0 645.0 412.0 329.0 262.0 329.0 567.0 662.0 400.0 577.0 506.0 519.0 456.0 442.0 352.0 498.0 
236.0 672.0 231.0 565.0 599.0 739.0 419.0 293.0 765.0 706.0 730.0 4.0 940.0 670.0 177.0 441.0 543.0 232.0 662.0 216.0 794.0 430.0 169.0 150.0 425.0 635.0 383.0 329.0 180.0 462.0 118.0 664.0 596.0 263.0 241.0 737.0 157.0 335.0 154.0 495.0 745.0 274.0 589.0 539.0 290.0 544.0 489.0 311.0 750.0 177.0 613.0 833.0 194.0 631.0 460.0 605.0 348.0 691.0 666.0 815.0 316.0 304.0 0.0 85.0 592.0 75.0 961.0 689.0 212.0 758.0 631.0 471.0 580.0 500.0 334.0 523.0 348.0 98.0 492.0 474.0 587.0 179.0 235.0 929.0 535.0 571.0 546.0 269.0 535.0 334.0 867.0 918.0 682.0 872.0 370.0 814.0 282.0 285.0 244.0 567.0 
230.0 698.0 313.0 648.0 598.0 781.0 503.0 230.0 784.0 748.0 814.0 84.0 1020.0 682.0 252.0 523.0 620.0 312.0 673.0 217.0 827.0 514.0 92.0 235.0 506.0 702.0 465.0 259.0 227.0 470.0 174.0 748.0 569.0 343.0 299.0 745.0 242.0 415.0 224.0 579.0 827.0 339.0 609.0 586.0 371.0 513.0 551.0 396.0 791.0 150.0 675.0 880.0 238.0 702.0 399.0 688.0 428.0 718.0 732.0 851.0 342.0 362.0 85.0 0.0 677.0 145.0 1040.0 693.0 265.0 804.0 716.0 553.0 659.0 500.0 418.0 603.0 415.0 98.0 511.0 540.0 667.0 231.0 253.0 1009.0 581.0 506.0 536.0 351.0 606.0 417.0 913.0 937.0 717.0 937.0 435.0 879.0 208.0 216.0 197.0 538.0 
