80 0.0 5
1 980 123
2 826 698
3 392 555
4 245 930
5 940 814
6 988 999
7 977 572
8 357 696
9 436 332
10 697 592
11 866 886
12 472 108
13 479 586
14 517 731
15 86 793
16 39 54
17 225 698
18 330 888
19 367 196
20 595 706
21 693 342
22 168 7
23 236 331
24 1 504
25 620 479
26 490 50
27 929 120
28 673 745
29 52 88
30 567 645
31 597 16
32 932 27
33 620 227
34 668 603
35 81 935
36 782 584
37 954 45
38 966 194
39 665 79
40 990 209
41 80 476
42 210 262
43 1000 200
44 293 659
45 791 332
46 562 266
47 356 430
48 297 962
49 513 695
50 360 469
51 568 482
52 550 48
53 390 148
54 911 954
55 575 800
56 348 310
57 471 82
58 204 965
59 600 207
60 773 549
61 480 588
62 470 230
63 481 62
64 512 26
65 370 668
66 441 621
67 890 427
68 640 234
69 597 337
70 219 940
71 973 77
72 309 128
73 856 913
74 409 224
75 631 153
76 625 565
77 464 841
78 3 366
79 428 781
80 548 401
opening costs
813 407 793 599 423 722 271 525 656 546 44 668 294 143 391 811 659 335 419 169 379 746 420 436 988 593 455 982 406 847 580 314 264 306 519 428 868 529 356 59 970 424 489 501 301 686 320 618 85 922 28 329 885 33 457 882 196 649 887 839 561 184 435 238 881 669 674 419 801 576 461 323 877 644 1 833 437 869 687 640 
star costs
0.0 596.0 730.0 1092.0 693.0 877.0 450.0 847.0 583.0 548.0 772.0 509.0 683.0 765.0 1118.0 944.0 950.0 1004.0 618.0 699.0 362.0 821.0 773.0 1051.0 507.0 496.0 52.0 694.0 929.0 666.0 398.0 108.0 375.0 573.0 1212.0 502.0 83.0 73.0 319.0 87.0 967.0 783.0 80.0 872.0 282.0 442.0 696.0 1082.0 739.0 711.0 547.0 437.0 591.0 834.0 789.0 660.0 511.0 1146.0 390.0 474.0 683.0 522.0 503.0 478.0 819.0 734.0 318.0 358.0 439.0 1117.0 47.0 672.0 800.0 580.0 351.0 567.0 885.0 1007.0 859.0 514.0 
596.0 0.0 457.0 626.0 163.0 342.0 197.0 470.0 535.0 167.0 193.0 689.0 365.0 311.0 747.0 1017.0 601.0 532.0 681.0 232.0 381.0 955.0 695.0 848.0 301.0 730.0 588.0 161.0 986.0 265.0 720.0 680.0 515.0 185.0 782.0 123.0 666.0 524.0 640.0 516.0 779.0 755.0 528.0 535.0 368.0 507.0 542.0 592.0 314.0 520.0 337.0 707.0 702.0 270.0 271.0 616.0 711.0 677.0 541.0 159.0 364.0 589.0 724.0 742.0 457.0 393.0 279.0 500.0 428.0 654.0 639.0 770.0 218.0 632.0 579.0 242.0 390.0 888.0 407.0 407.0 
730.0 457.0 0.0 403.0 607.0 744.0 586.0 146.0 228.0 308.0 579.0 455.0 93.0 216.0 388.0 613.0 220.0 339.0 360.0 254.0 369.0 593.0 273.0 395.0 241.0 515.0 692.0 340.0 578.0 197.0 577.0 756.0 400.0 281.0 492.0 392.0 759.0 679.0 549.0 691.0 322.0 345.0 705.0 144.0 458.0 336.0 131.0 418.0 186.0 92.0 191.0 532.0 408.0 655.0 306.0 249.0 480.0 452.0 406.0 382.0 94.0 335.0 501.0 543.0 116.0 83.0 515.0 406.0 300.0 423.0 753.0 435.0 587.0 332.0 468.0 234.0 295.0 433.0 229.0 220.0 
1092.0 626.0 403.0 0.0 705.0 747.0 815.0 260.0 628.0 565.0 623.0 853.0 417.0 338.0 210.0 900.0 233.0 95.0 745.0 416.0 740.0 927.0 600.0 491.0 587.0 914.0 1061.0 467.0 864.0 431.0 980.0 1135.0 797.0 535.0 165.0 639.0 1134.0 1031.0 949.0 1037.0 484.0 669.0 1051.0 276.0 810.0 736.0 513.0 62.0 357.0 476.0 553.0 934.0 796.0 667.0 355.0 629.0 878.0 54.0 806.0 652.0 415.0 736.0 900.0 943.0 291.0 366.0 818.0 801.0 690.0 28.0 1122.0 805.0 612.0 725.0 868.0 527.0 237.0 614.0 236.0 610.0 
693.0 163.0 607.0 705.0 0.0 192.0 245.0 595.0 698.0 330.0 104.0 848.0 515.0 432.0 855.0 1179.0 725.0 615.0 843.0 362.0 533.0 1117.0 854.0 989.0 464.0 887.0 695.0 276.0 1148.0 410.0 869.0 788.0 669.0 345.0 868.0 280.0 770.0 621.0 785.0 608.0 925.0 916.0 617.0 666.0 505.0 666.0 699.0 660.0 444.0 675.0 499.0 860.0 864.0 143.0 366.0 778.0 870.0 752.0 696.0 314.0 513.0 750.0 882.0 897.0 589.0 536.0 391.0 653.0 588.0 732.0 738.0 933.0 130.0 794.0 730.0 402.0 477.0 1039.0 514.0 570.0 
877.0 342.0 744.0 747.0 192.0 0.0 428.0 700.0 866.0 501.0 167.0 1030.0 656.0 542.0 926.0 1340.0 821.0 668.0 1016.0 491.0 721.0 1288.0 1006.0 1105.0 638.0 1072.0 881.0 405.0 1307.0 551.0 1058.0 974.0 856.0 510.0 910.0 464.0 955.0 806.0 976.0 791.0 1048.0 1072.0 800.0 774.0 696.0 848.0 851.0 692.0 564.0 822.0 667.0 1048.0 1041.0 90.0 459.0 941.0 1053.0 785.0 882.0 499.0 654.0 928.0 1066.0 1084.0 702.0 665.0 581.0 841.0 769.0 772.0 923.0 1105.0 158.0 968.0 919.0 566.0 548.0 1171.0 601.0 743.0 
450.0 197.0 586.0 815.0 245.0 428.0 0.0 633.0 592.0 281.0 334.0 686.0 499.0 487.0 918.0 1072.0 763.0 721.0 717.0 405.0 366.0 987.0 780.0 979.0 369.0 714.0 455.0 350.0 1044.0 417.0 674.0 547.0 497.0 311.0 967.0 196.0 528.0 379.0 584.0 364.0 903.0 828.0 373.0 690.0 304.0 516.0 638.0 784.0 481.0 626.0 419.0 676.0 725.0 388.0 463.0 682.0 705.0 868.0 525.0 206.0 498.0 612.0 712.0 718.0 615.0 539.0 170.0 478.0 447.0 843.0 496.0 803.0 362.0 667.0 544.0 353.0 580.0 996.0 588.0 462.0 
847.0 470.0 146.0 260.0 595.0 700.0 633.0 0.0 373.0 356.0 544.0 600.0 165.0 164.0 288.0 717.0 133.0 194.0 501.0 239.0 489.0 715.0 385.0 405.0 341.0 660.0 812.0 320.0 681.0 217.0 722.0 883.0 538.0 325.0 366.0 440.0 884.0 790.0 690.0 799.0 354.0 459.0 813.0 74.0 567.0 477.0 267.0 273.0 157.0 228.0 301.0 677.0 549.0 612.0 242.0 387.0 625.0 310.0 547.0 442.0 164.0 480.0 647.0 688.0 31.0 113.0 598.0 542.0 432.0 281.0 874.0 571.0 545.0 475.0 609.0 299.0 181.0 484.0 111.0 352.0 
583.0 535.0 228.0 628.0 698.0 866.0 592.0 373.0 0.0 369.0 702.0 227.0 258.0 408.0 579.0 485.0 423.0 567.0 153.0 407.0 258.0 422.0 201.0 468.0 236.0 288.0 537.0 477.0 455.0 340.0 355.0 583.0 212.0 357.0 700.0 429.0 593.0 548.0 342.0 568.0 385.0 237.0 580.0 357.0 355.0 143.0 127.0 646.0 372.0 157.0 200.0 307.0 190.0 783.0 489.0 91.0 253.0 675.0 207.0 401.0 260.0 108.0 274.0 316.0 343.0 290.0 464.0 227.0 162.0 646.0 595.0 241.0 717.0 112.0 265.0 301.0 510.0 435.0 450.0 132.0 
548.0 167.0 308.0 565.0 330.0 501.0 281.0 356.0 369.0 0.0 340.0 534.0 219.0 228.0 644.0 850.0 484.0 472.0 516.0 153.0 251.0 789.0 530.0 702.0 137.0 581.0 526.0 155.0 819.0 141.0 585.0 612.0 374.0 32.0 706.0 86.0 605.0 481.0 514.0 483.0 628.0 589.0 496.0 410.0 277.0 353.0 378.0 545.0 211.0 359.0 170.0 564.0 540.0 421.0 242.0 449.0 558.0 619.0 398.0 88.0 218.0 428.0 573.0 596.0 336.0 258.0 254.0 363.0 274.0 592.0 585.0 605.0 359.0 468.0 444.0 77.0 342.0 730.0 329.0 243.0 
772.0 193.0 579.0 623.0 104.0 167.0 334.0 544.0 702.0 340.0 0.0 873.0 490.0 382.0 786.0 1174.0 669.0 537.0 852.0 326.0 571.0 1123.0 840.0 946.0 476.0 917.0 769.0 240.0 1140.0 385.0 911.0 862.0 704.0 346.0 787.0 314.0 846.0 700.0 832.0 689.0 887.0 906.0 699.0 617.0 560.0 691.0 685.0 575.0 402.0 656.0 503.0 896.0 879.0 82.0 304.0 775.0 896.0 667.0 730.0 350.0 488.0 767.0 910.0 931.0 542.0 501.0 460.0 691.0 612.0 650.0 817.0 941.0 29.0 805.0 770.0 402.0 405.0 1008.0 451.0 580.0 
509.0 689.0 455.0 853.0 848.0 1030.0 686.0 600.0 227.0 534.0 873.0 0.0 479.0 625.0 787.0 437.0 640.0 793.0 137.0 611.0 322.0 321.0 325.0 616.0 400.0 61.0 458.0 668.0 421.0 546.0 156.0 468.0 190.0 533.0 915.0 569.0 487.0 502.0 196.0 528.0 538.0 304.0 536.0 580.0 390.0 182.0 343.0 872.0 589.0 378.0 387.0 99.0 92.0 954.0 700.0 238.0 27.0 898.0 162.0 534.0 481.0 123.0 47.0 92.0 570.0 514.0 526.0 210.0 261.0 870.0 502.0 165.0 892.0 133.0 166.0 482.0 734.0 536.0 675.0 303.0 
683.0 365.0 93.0 417.0 515.0 656.0 499.0 165.0 258.0 219.0 490.0 479.0 0.0 150.0 445.0 691.0 278.0 337.0 406.0 167.0 325.0 658.0 353.0 485.0 178.0 537.0 648.0 251.0 656.0 106.0 583.0 720.0 386.0 190.0 530.0 304.0 720.0 626.0 541.0 636.0 414.0 422.0 649.0 200.0 403.0 331.0 199.0 418.0 115.0 167.0 137.0 543.0 447.0 568.0 235.0 306.0 505.0 469.0 398.0 297.0 3.0 357.0 525.0 561.0 137.0 52.0 441.0 388.0 276.0 440.0 710.0 489.0 500.0 369.0 459.0 148.0 256.0 525.0 202.0 198.0 
765.0 311.0 216.0 338.0 432.0 542.0 487.0 164.0 408.0 228.0 382.0 625.0 150.0 0.0 436.0 829.0 294.0 245.0 556.0 82.0 427.0 804.0 489.0 564.0 273.0 682.0 737.0 157.0 794.0 100.0 720.0 818.0 515.0 198.0 482.0 304.0 814.0 700.0 669.0 705.0 506.0 561.0 718.0 236.0 485.0 468.0 342.0 319.0 37.0 306.0 255.0 684.0 597.0 453.0 91.0 454.0 651.0 391.0 531.0 315.0 148.0 504.0 670.0 706.0 160.0 134.0 482.0 512.0 403.0 364.0 798.0 638.0 385.0 519.0 590.0 199.0 123.0 631.0 103.0 332.0 
1118.0 747.0 388.0 210.0 855.0 926.0 918.0 288.0 579.0 644.0 786.0 787.0 445.0 436.0 0.0 741.0 169.0 262.0 660.0 517.0 757.0 791.0 486.0 302.0 620.0 846.0 1079.0 589.0 706.0 504.0 930.0 1142.0 779.0 613.0 143.0 727.0 1146.0 1065.0 920.0 1077.0 318.0 546.0 1090.0 247.0 843.0 711.0 453.0 271.0 439.0 425.0 574.0 878.0 714.0 841.0 490.0 550.0 809.0 209.0 780.0 730.0 445.0 682.0 831.0 878.0 311.0 395.0 884.0 788.0 685.0 199.0 1140.0 702.0 780.0 655.0 841.0 586.0 382.0 435.0 343.0 606.0 
944.0 1017.0 613.0 900.0 1179.0 1340.0 1072.0 717.0 485.0 850.0 1174.0 437.0 691.0 829.0 741.0 0.0 671.0 884.0 358.0 857.0 715.0 138.0 340.0 452.0 720.0 452.0 893.0 938.0 37.0 793.0 560.0 894.0 607.0 835.0 883.0 913.0 916.0 938.0 627.0 964.0 424.0 270.0 973.0 657.0 802.0 565.0 492.0 944.0 798.0 525.0 681.0 512.0 364.0 1254.0 919.0 402.0 433.0 926.0 582.0 886.0 693.0 466.0 443.0 474.0 698.0 696.0 930.0 628.0 626.0 905.0 935.0 280.0 1186.0 408.0 601.0 778.0 895.0 315.0 825.0 617.0 
950.0 601.0 220.0 233.0 725.0 821.0 763.0 133.0 423.0 484.0 669.0 640.0 278.0 294.0 169.0 671.0 0.0 218.0 522.0 371.0 589.0 694.0 368.0 297.0 452.0 701.0 911.0 451.0 635.0 347.0 777.0 975.0 615.0 454.0 278.0 569.0 979.0 897.0 760.0 908.0 266.0 437.0 922.0 79.0 675.0 548.0 299.0 274.0 289.0 266.0 406.0 727.0 575.0 733.0 365.0 408.0 664.0 268.0 618.0 568.0 278.0 529.0 686.0 731.0 149.0 230.0 719.0 623.0 519.0 243.0 973.0 577.0 667.0 509.0 680.0 422.0 279.0 400.0 220.0 439.0 
1004.0 532.0 339.0 95.0 615.0 668.0 721.0 194.0 567.0 472.0 537.0 793.0 337.0 245.0 262.0 884.0 218.0 0.0 693.0 322.0 656.0 896.0 565.0 506.0 502.0 854.0 974.0 372.0 847.0 340.0 912.0 1051.0 722.0 443.0 254.0 545.0 1049.0 942.0 876.0 947.0 482.0 638.0 961.0 232.0 723.0 664.0 459.0 82.0 266.0 421.0 471.0 869.0 743.0 585.0 261.0 579.0 819.0 148.0 733.0 558.0 336.0 673.0 840.0 882.0 224.0 290.0 726.0 724.0 613.0 123.0 1035.0 761.0 527.0 669.0 795.0 438.0 143.0 616.0 146.0 534.0 
618.0 681.0 360.0 745.0 843.0 1016.0 717.0 501.0 153.0 516.0 852.0 137.0 406.0 556.0 660.0 358.0 522.0 693.0 0.0 559.0 358.0 275.0 189.0 479.0 380.0 191.0 568.0 629.0 333.0 492.0 293.0 590.0 255.0 507.0 793.0 569.0 607.0 600.0 321.0 624.0 401.0 171.0 634.0 469.0 446.0 208.0 235.0 770.0 520.0 274.0 350.0 236.0 54.0 934.0 639.0 116.0 155.0 787.0 234.0 539.0 408.0 109.0 176.0 224.0 473.0 432.0 572.0 276.0 270.0 759.0 618.0 90.0 868.0 51.0 268.0 451.0 653.0 402.0 589.0 274.0 
699.0 232.0 254.0 416.0 362.0 491.0 405.0 239.0 407.0 153.0 326.0 611.0 167.0 82.0 517.0 857.0 371.0 322.0 559.0 0.0 377.0 820.0 520.0 628.0 229.0 665.0 675.0 88.0 823.0 68.0 691.0 759.0 480.0 127.0 563.0 224.0 753.0 633.0 631.0 635.0 565.0 588.0 649.0 306.0 423.0 442.0 366.0 393.0 83.0 334.0 226.0 660.0 595.0 402.0 97.0 467.0 637.0 470.0 500.0 238.0 165.0 493.0 655.0 686.0 229.0 176.0 407.0 475.0 370.0 443.0 734.0 645.0 334.0 517.0 555.0 145.0 189.0 683.0 184.0 309.0 
362.0 381.0 369.0 740.0 533.0 721.0 366.0 489.0 258.0 251.0 571.0 322.0 325.0 427.0 757.0 715.0 589.0 656.0 358.0 377.0 0.0 623.0 458.0 711.0 156.0 356.0 325.0 404.0 690.0 329.0 340.0 396.0 137.0 263.0 853.0 258.0 396.0 311.0 265.0 326.0 628.0 490.0 339.0 511.0 99.0 152.0 349.0 736.0 397.0 357.0 188.0 327.0 360.0 650.0 473.0 347.0 342.0 792.0 164.0 222.0 326.0 250.0 352.0 365.0 459.0 376.0 215.0 121.0 97.0 764.0 386.0 440.0 594.0 308.0 199.0 234.0 550.0 691.0 513.0 157.0 
821.0 955.0 593.0 927.0 1117.0 1288.0 987.0 715.0 422.0 789.0 1123.0 321.0 658.0 804.0 791.0 138.0 694.0 896.0 275.0 820.0 623.0 0.0 332.0 525.0 654.0 325.0 770.0 895.0 142.0 753.0 430.0 765.0 503.0 778.0 933.0 843.0 787.0 820.0 503.0 847.0 478.0 259.0 855.0 664.0 703.0 472.0 463.0 964.0 770.0 501.0 621.0 385.0 263.0 1204.0 892.0 353.0 313.0 959.0 477.0 813.0 660.0 376.0 318.0 345.0 692.0 672.0 836.0 524.0 542.0 935.0 809.0 186.0 1138.0 325.0 486.0 722.0 885.0 396.0 817.0 548.0 
773.0 695.0 273.0 600.0 854.0 1006.0 780.0 385.0 201.0 530.0 840.0 325.0 353.0 489.0 486.0 340.0 368.0 565.0 189.0 520.0 458.0 332.0 0.0 292.0 412.0 379.0 725.0 602.0 305.0 457.0 480.0 760.0 398.0 511.0 624.0 602.0 773.0 743.0 498.0 764.0 213.0 74.0 776.0 333.0 556.0 333.0 156.0 634.0 458.0 186.0 365.0 423.0 240.0 919.0 579.0 114.0 343.0 635.0 385.0 580.0 355.0 255.0 364.0 412.0 363.0 356.0 662.0 416.0 362.0 610.0 780.0 216.0 851.0 204.0 434.0 454.0 559.0 236.0 490.0 320.0 
1051.0 848.0 395.0 491.0 989.0 1105.0 979.0 405.0 468.0 702.0 946.0 616.0 485.0 564.0 302.0 452.0 297.0 506.0 479.0 628.0 711.0 525.0 292.0 0.0 620.0 668.0 1005.0 714.0 420.0 584.0 771.0 1047.0 679.0 675.0 439.0 786.0 1058.0 1014.0 789.0 1033.0 84.0 320.0 1045.0 331.0 809.0 610.0 363.0 546.0 547.0 361.0 568.0 714.0 528.0 1016.0 646.0 398.0 632.0 504.0 669.0 774.0 487.0 544.0 653.0 700.0 404.0 456.0 893.0 694.0 619.0 488.0 1062.0 487.0 948.0 495.0 722.0 627.0 573.0 139.0 509.0 557.0 
507.0 301.0 241.0 587.0 464.0 638.0 369.0 341.0 236.0 137.0 476.0 400.0 178.0 273.0 620.0 720.0 452.0 502.0 380.0 229.0 156.0 654.0 412.0 620.0 0.0 449.0 474.0 272.0 690.0 175.0 464.0 550.0 252.0 133.0 707.0 194.0 548.0 449.0 403.0 459.0 541.0 464.0 472.0 374.0 226.0 221.0 269.0 582.0 242.0 261.0 53.0 437.0 404.0 558.0 325.0 321.0 425.0 640.0 273.0 169.0 178.0 291.0 440.0 466.0 314.0 229.0 275.0 246.0 144.0 612.0 535.0 469.0 495.0 331.0 327.0 87.0 395.0 628.0 358.0 107.0 
496.0 730.0 515.0 914.0 887.0 1072.0 714.0 660.0 288.0 581.0 917.0 61.0 537.0 682.0 846.0 452.0 701.0 854.0 191.0 665.0 356.0 325.0 379.0 668.0 449.0 0.0 445.0 719.0 440.0 600.0 113.0 443.0 220.0 581.0 975.0 609.0 465.0 498.0 178.0 525.0 592.0 352.0 532.0 641.0 413.0 228.0 403.0 933.0 646.0 439.0 439.0 61.0 141.0 998.0 755.0 297.0 38.0 959.0 192.0 574.0 539.0 182.0 15.0 33.0 630.0 574.0 550.0 238.0 307.0 931.0 484.0 198.0 938.0 192.0 175.0 533.0 792.0 581.0 734.0 356.0 
52.0 588.0 692.0 1061.0 695.0 881.0 455.0 812.0 537.0 526.0 769.0 458.0 648.0 737.0 1079.0 893.0 911.0 974.0 568.0 675.0 325.0 770.0 725.0 1005.0 474.0 445.0 0.0 676.0 878.0 638.0 348.0 94.0 328.0 550.0 1177.0 487.0 80.0 83.0 268.0 108.0 921.0 733.0 107.0 834.0 253.0 395.0 652.0 1053.0 710.0 668.0 512.0 386.0 540.0 835.0 767.0 612.0 460.0 1114.0 341.0 457.0 649.0 472.0 452.0 428.0 783.0 700.0 310.0 311.0 397.0 1085.0 62.0 621.0 797.0 531.0 300.0 539.0 858.0 959.0 830.0 474.0 
694.0 161.0 340.0 467.0 276.0 405.0 350.0 320.0 477.0 155.0 240.0 668.0 251.0 157.0 589.0 938.0 451.0 372.0 629.0 88.0 404.0 895.0 602.0 714.0 272.0 719.0 676.0 0.0 905.0 146.0 733.0 764.0 521.0 143.0 622.0 195.0 755.0 625.0 667.0 623.0 652.0 670.0 636.0 390.0 430.0 492.0 447.0 435.0 168.0 418.0 284.0 708.0 661.0 317.0 113.0 544.0 694.0 519.0 543.0 221.0 249.0 554.0 710.0 737.0 313.0 264.0 385.0 513.0 416.0 495.0 733.0 717.0 249.0 585.0 594.0 187.0 230.0 770.0 248.0 367.0 
929.0 986.0 578.0 864.0 1148.0 1307.0 1044.0 681.0 455.0 819.0 1140.0 421.0 656.0 794.0 706.0 37.0 635.0 847.0 333.0 823.0 690.0 142.0 305.0 420.0 690.0 440.0 878.0 905.0 0.0 759.0 550.0 883.0 585.0 803.0 848.0 883.0 904.0 921.0 614.0 946.0 390.0 236.0 955.0 620.0 779.0 541.0 458.0 908.0 763.0 490.0 650.0 500.0 344.0 1220.0 884.0 370.0 420.0 891.0 561.0 856.0 659.0 442.0 430.0 465.0 662.0 660.0 904.0 606.0 600.0 869.0 922.0 261.0 1152.0 383.0 583.0 746.0 859.0 283.0 789.0 587.0 
666.0 265.0 197.0 431.0 410.0 551.0 417.0 217.0 340.0 141.0 385.0 546.0 106.0 100.0 504.0 793.0 347.0 340.0 492.0 68.0 329.0 753.0 457.0 584.0 175.0 600.0 638.0 146.0 759.0 0.0 630.0 718.0 422.0 110.0 566.0 224.0 714.0 603.0 575.0 608.0 516.0 524.0 621.0 275.0 385.0 380.0 302.0 417.0 74.0 272.0 164.0 598.0 528.0 463.0 156.0 401.0 572.0 484.0 440.0 228.0 105.0 427.0 590.0 622.0 199.0 129.0 390.0 418.0 310.0 457.0 699.0 578.0 395.0 450.0 497.0 99.0 222.0 630.0 195.0 245.0 
398.0 720.0 577.0 980.0 869.0 1058.0 674.0 722.0 355.0 585.0 911.0 156.0 583.0 720.0 930.0 560.0 777.0 912.0 293.0 691.0 340.0 430.0 480.0 771.0 464.0 113.0 348.0 733.0 550.0 630.0 0.0 336.0 213.0 592.0 1054.0 598.0 359.0 410.0 93.0 438.0 693.0 459.0 444.0 712.0 371.0 253.0 480.0 993.0 685.0 512.0 467.0 57.0 246.0 990.0 785.0 386.0 143.0 1028.0 192.0 562.0 584.0 249.0 125.0 86.0 691.0 625.0 505.0 223.0 321.0 999.0 381.0 310.0 934.0 281.0 142.0 550.0 836.0 690.0 784.0 389.0 
108.0 680.0 756.0 1135.0 788.0 974.0 547.0 883.0 583.0 612.0 862.0 468.0 720.0 818.0 1142.0 894.0 975.0 1051.0 590.0 759.0 396.0 765.0 760.0 1047.0 550.0 443.0 94.0 764.0 883.0 718.0 336.0 0.0 371.0 634.0 1245.0 577.0 29.0 171.0 273.0 192.0 964.0 760.0 186.0 899.0 337.0 441.0 703.0 1131.0 789.0 723.0 583.0 383.0 556.0 928.0 852.0 649.0 465.0 1188.0 378.0 546.0 721.0 505.0 453.0 421.0 853.0 771.0 403.0 358.0 457.0 1159.0 65.0 632.0 890.0 559.0 327.0 620.0 939.0 989.0 907.0 537.0 
375.0 515.0 400.0 797.0 669.0 856.0 497.0 538.0 212.0 374.0 704.0 190.0 386.0 515.0 779.0 607.0 615.0 722.0 255.0 480.0 137.0 503.0 398.0 679.0 252.0 220.0 328.0 521.0 585.0 422.0 213.0 371.0 0.0 380.0 890.0 393.0 381.0 348.0 155.0 371.0 595.0 412.0 381.0 542.0 201.0 70.0 334.0 803.0 481.0 356.0 261.0 193.0 244.0 784.0 575.0 285.0 208.0 848.0 29.0 357.0 388.0 151.0 216.0 229.0 507.0 433.0 337.0 22.0 113.0 819.0 384.0 327.0 726.0 212.0 75.0 339.0 634.0 633.0 587.0 189.0 
573.0 185.0 281.0 535.0 345.0 510.0 311.0 325.0 357.0 32.0 346.0 533.0 190.0 198.0 613.0 835.0 454.0 443.0 507.0 127.0 263.0 778.0 511.0 675.0 133.0 581.0 550.0 143.0 803.0 110.0 592.0 634.0 380.0 0.0 675.0 116.0 628.0 507.0 525.0 509.0 602.0 572.0 523.0 380.0 298.0 354.0 357.0 517.0 181.0 336.0 157.0 568.0 534.0 427.0 218.0 434.0 558.0 589.0 402.0 119.0 189.0 423.0 573.0 598.0 306.0 228.0 284.0 371.0 276.0 562.0 609.0 596.0 363.0 460.0 452.0 58.0 314.0 706.0 299.0 235.0 
1212.0 782.0 492.0 165.0 868.0 910.0 967.0 366.0 700.0 706.0 787.0 915.0 530.0 482.0 143.0 883.0 278.0 254.0 793.0 563.0 853.0 933.0 624.0 439.0 707.0 975.0 1177.0 622.0 848.0 566.0 1054.0 1245.0 890.0 675.0 0.0 784.0 1247.0 1155.0 1037.0 1164.0 460.0 686.0 1177.0 349.0 932.0 824.0 576.0 218.0 495.0 544.0 666.0 1004.0 846.0 831.0 513.0 680.0 938.0 127.0 895.0 793.0 529.0 806.0 961.0 1007.0 394.0 478.0 956.0 897.0 790.0 139.0 1238.0 839.0 776.0 784.0 957.0 658.0 395.0 575.0 380.0 710.0 
502.0 123.0 392.0 639.0 280.0 464.0 196.0 440.0 429.0 86.0 314.0 569.0 304.0 304.0 727.0 913.0 569.0 545.0 569.0 224.0 258.0 843.0 602.0 786.0 194.0 609.0 487.0 195.0 883.0 224.0 598.0 577.0 393.0 116.0 784.0 0.0 566.0 432.0 519.0 429.0 711.0 657.0 442.0 495.0 253.0 387.0 453.0 615.0 292.0 438.0 238.0 585.0 587.0 392.0 300.0 514.0 591.0 693.0 419.0 37.0 303.0 472.0 603.0 620.0 421.0 344.0 191.0 378.0 309.0 667.0 542.0 658.0 338.0 519.0 457.0 159.0 409.0 809.0 406.0 298.0 
83.0 666.0 759.0 1134.0 770.0 955.0 528.0 884.0 593.0 605.0 846.0 487.0 720.0 814.0 1146.0 916.0 979.0 1049.0 607.0 753.0 396.0 787.0 773.0 1058.0 548.0 465.0 80.0 755.0 904.0 714.0 359.0 29.0 381.0 628.0 1247.0 566.0 0.0 150.0 291.0 168.0 975.0 775.0 162.0 903.0 331.0 451.0 712.0 1129.0 786.0 730.0 584.0 405.0 574.0 911.0 845.0 662.0 485.0 1187.0 390.0 536.0 721.0 519.0 474.0 443.0 854.0 772.0 388.0 367.0 462.0 1159.0 38.0 651.0 874.0 574.0 341.0 616.0 935.0 1004.0 905.0 540.0 
73.0 524.0 679.0 1031.0 621.0 806.0 379.0 790.0 548.0 481.0 700.0 502.0 626.0 700.0 1065.0 938.0 897.0 942.0 600.0 633.0 311.0 820.0 743.0 1014.0 449.0 498.0 83.0 625.0 921.0 603.0 410.0 171.0 348.0 507.0 1155.0 432.0 150.0 0.0 323.0 29.0 930.0 760.0 35.0 819.0 223.0 411.0 655.0 1019.0 676.0 666.0 492.0 441.0 578.0 762.0 722.0 629.0 508.0 1085.0 367.0 405.0 626.0 498.0 503.0 485.0 762.0 677.0 246.0 329.0 396.0 1056.0 118.0 661.0 728.0 558.0 338.0 504.0 819.0 979.0 797.0 467.0 
319.0 640.0 549.0 949.0 785.0 976.0 584.0 690.0 342.0 514.0 832.0 196.0 541.0 669.0 920.0 627.0 760.0 876.0 321.0 631.0 265.0 503.0 498.0 789.0 403.0 178.0 268.0 667.0 614.0 575.0 93.0 273.0 155.0 525.0 1037.0 519.0 291.0 323.0 0.0 351.0 707.0 491.0 357.0 690.0 283.0 214.0 468.0 957.0 635.0 496.0 415.0 120.0 284.0 909.0 727.0 393.0 195.0 999.0 144.0 483.0 542.0 247.0 185.0 162.0 659.0 587.0 415.0 158.0 267.0 970.0 309.0 360.0 856.0 295.0 82.0 488.0 789.0 722.0 741.0 343.0 
87.0 516.0 691.0 1037.0 608.0 791.0 364.0 799.0 568.0 483.0 689.0 528.0 636.0 705.0 1077.0 964.0 908.0 947.0 624.0 635.0 326.0 847.0 764.0 1033.0 459.0 525.0 108.0 623.0 946.0 608.0 438.0 192.0 371.0 509.0 1164.0 429.0 168.0 29.0 351.0 0.0 949.0 782.0 14.0 830.0 234.0 432.0 672.0 1024.0 681.0 682.0 503.0 469.0 604.0 750.0 723.0 650.0 535.0 1091.0 391.0 404.0 636.0 521.0 530.0 512.0 772.0 687.0 240.0 351.0 414.0 1063.0 134.0 686.0 717.0 582.0 364.0 510.0 823.0 1000.0 802.0 482.0 
967.0 779.0 322.0 484.0 925.0 1048.0 903.0 354.0 385.0 628.0 887.0 538.0 414.0 506.0 318.0 424.0 266.0 482.0 401.0 565.0 628.0 478.0 213.0 84.0 541.0 592.0 921.0 652.0 390.0 516.0 693.0 964.0 595.0 602.0 460.0 711.0 975.0 930.0 707.0 949.0 0.0 251.0 961.0 281.0 726.0 526.0 280.0 533.0 486.0 281.0 489.0 636.0 452.0 959.0 592.0 316.0 556.0 505.0 586.0 697.0 416.0 462.0 577.0 624.0 348.0 390.0 812.0 611.0 536.0 485.0 979.0 417.0 891.0 415.0 639.0 553.0 530.0 135.0 463.0 474.0 
783.0 755.0 345.0 669.0 916.0 1072.0 828.0 459.0 237.0 589.0 906.0 304.0 422.0 561.0 546.0 270.0 437.0 638.0 171.0 588.0 490.0 259.0 74.0 320.0 464.0 352.0 733.0 670.0 236.0 524.0 459.0 760.0 412.0 572.0 686.0 657.0 775.0 760.0 491.0 782.0 251.0 0.0 793.0 406.0 586.0 353.0 223.0 706.0 529.0 256.0 421.0 402.0 214.0 986.0 651.0 147.0 318.0 704.0 394.0 632.0 424.0 262.0 337.0 384.0 437.0 427.0 700.0 431.0 395.0 679.0 786.0 167.0 918.0 203.0 435.0 514.0 633.0 232.0 563.0 366.0 
80.0 528.0 705.0 1051.0 617.0 800.0 373.0 813.0 580.0 496.0 699.0 536.0 649.0 718.0 1090.0 973.0 922.0 961.0 634.0 649.0 339.0 855.0 776.0 1045.0 472.0 532.0 107.0 636.0 955.0 621.0 444.0 186.0 381.0 523.0 1177.0 442.0 162.0 35.0 357.0 14.0 961.0 793.0 0.0 843.0 248.0 443.0 684.0 1037.0 695.0 695.0 516.0 475.0 613.0 760.0 736.0 662.0 543.0 1105.0 401.0 417.0 649.0 531.0 538.0 519.0 785.0 700.0 253.0 362.0 426.0 1076.0 126.0 695.0 728.0 592.0 372.0 524.0 836.0 1011.0 816.0 495.0 
872.0 535.0 144.0 276.0 666.0 774.0 690.0 74.0 357.0 410.0 617.0 580.0 200.0 236.0 247.0 657.0 79.0 232.0 469.0 306.0 511.0 664.0 333.0 331.0 374.0 641.0 834.0 390.0 620.0 275.0 712.0 899.0 542.0 380.0 349.0 495.0 903.0 819.0 690.0 830.0 281.0 406.0 843.0 0.0 596.0 477.0 238.0 304.0 223.0 202.0 328.0 663.0 521.0 685.0 316.0 354.0 604.0 319.0 547.0 493.0 201.0 465.0 626.0 670.0 78.0 153.0 641.0 549.0 443.0 291.0 896.0 532.0 618.0 451.0 609.0 346.0 250.0 413.0 182.0 363.0 
282.0 368.0 458.0 810.0 505.0 696.0 304.0 567.0 355.0 277.0 560.0 390.0 403.0 485.0 843.0 802.0 675.0 723.0 446.0 423.0 99.0 703.0 556.0 809.0 226.0 413.0 253.0 430.0 779.0 385.0 371.0 337.0 201.0 298.0 932.0 253.0 331.0 223.0 283.0 234.0 726.0 586.0 248.0 596.0 0.0 239.0 446.0 801.0 458.0 453.0 269.0 373.0 442.0 634.0 516.0 444.0 407.0 864.0 229.0 218.0 403.0 337.0 412.0 415.0 539.0 454.0 138.0 181.0 195.0 835.0 314.0 524.0 585.0 397.0 241.0 287.0 605.0 789.0 578.0 253.0 
442.0 507.0 336.0 736.0 666.0 848.0 516.0 477.0 143.0 353.0 691.0 182.0 331.0 468.0 711.0 565.0 548.0 664.0 208.0 442.0 152.0 472.0 333.0 610.0 221.0 228.0 395.0 492.0 541.0 380.0 253.0 441.0 70.0 354.0 824.0 387.0 451.0 411.0 214.0 432.0 526.0 353.0 443.0 477.0 239.0 0.0 264.0 745.0 432.0 287.0 217.0 219.0 209.0 772.0 535.0 219.0 206.0 786.0 71.0 354.0 333.0 99.0 220.0 246.0 446.0 376.0 366.0 85.0 80.0 757.0 453.0 289.0 711.0 159.0 133.0 306.0 584.0 568.0 533.0 136.0 
696.0 542.0 131.0 513.0 699.0 851.0 638.0 267.0 127.0 378.0 685.0 343.0 199.0 342.0 453.0 492.0 299.0 459.0 235.0 366.0 349.0 463.0 156.0 363.0 269.0 403.0 652.0 447.0 458.0 302.0 480.0 703.0 334.0 357.0 576.0 453.0 712.0 655.0 468.0 672.0 280.0 223.0 684.0 238.0 446.0 264.0 0.0 536.0 309.0 40.0 219.0 429.0 285.0 764.0 430.0 121.0 367.0 557.0 331.0 434.0 201.0 231.0 389.0 434.0 239.0 210.0 535.0 346.0 259.0 529.0 711.0 306.0 696.0 213.0 391.0 301.0 425.0 359.0 359.0 195.0 
1082.0 592.0 418.0 62.0 660.0 692.0 784.0 273.0 646.0 545.0 575.0 872.0 418.0 319.0 271.0 944.0 274.0 82.0 770.0 393.0 736.0 964.0 634.0 546.0 582.0 933.0 1053.0 435.0 908.0 417.0 993.0 1131.0 803.0 517.0 218.0 615.0 1129.0 1019.0 957.0 1024.0 533.0 706.0 1037.0 304.0 801.0 745.0 536.0 0.0 344.0 498.0 552.0 949.0 820.0 615.0 322.0 654.0 898.0 94.0 814.0 631.0 417.0 753.0 919.0 961.0 303.0 371.0 799.0 805.0 694.0 82.0 1114.0 835.0 562.0 747.0 876.0 515.0 207.0 665.0 224.0 615.0 
739.0 314.0 186.0 357.0 444.0 564.0 481.0 157.0 372.0 211.0 402.0 589.0 115.0 37.0 439.0 798.0 289.0 266.0 520.0 83.0 397.0 770.0 458.0 547.0 242.0 646.0 710.0 168.0 763.0 74.0 685.0 789.0 481.0 181.0 495.0 292.0 786.0 676.0 635.0 681.0 486.0 529.0 695.0 223.0 458.0 432.0 309.0 344.0 0.0 273.0 220.0 649.0 561.0 475.0 122.0 419.0 615.0 411.0 496.0 299.0 112.0 467.0 634.0 670.0 146.0 104.0 463.0 479.0 368.0 383.0 771.0 603.0 407.0 483.0 555.0 172.0 155.0 607.0 121.0 297.0 
711.0 520.0 92.0 476.0 675.0 822.0 626.0 228.0 157.0 359.0 656.0 378.0 167.0 306.0 425.0 525.0 266.0 421.0 274.0 334.0 357.0 501.0 186.0 361.0 261.0 439.0 668.0 418.0 490.0 272.0 512.0 723.0 356.0 336.0 544.0 438.0 730.0 666.0 496.0 682.0 281.0 256.0 695.0 202.0 453.0 287.0 40.0 498.0 273.0 0.0 209.0 462.0 323.0 735.0 395.0 160.0 403.0 520.0 356.0 421.0 169.0 264.0 425.0 469.0 200.0 173.0 532.0 366.0 272.0 492.0 728.0 345.0 666.0 250.0 417.0 282.0 387.0 372.0 320.0 200.0 
547.0 337.0 191.0 553.0 499.0 667.0 419.0 301.0 200.0 170.0 503.0 387.0 137.0 255.0 574.0 681.0 406.0 471.0 350.0 226.0 188.0 621.0 365.0 568.0 53.0 439.0 512.0 284.0 650.0 164.0 467.0 583.0 261.0 157.0 666.0 238.0 584.0 492.0 415.0 503.0 489.0 421.0 516.0 328.0 269.0 217.0 219.0 552.0 220.0 209.0 0.0 435.0 379.0 584.0 319.0 280.0 412.0 605.0 277.0 216.0 138.0 271.0 429.0 460.0 272.0 189.0 327.0 259.0 148.0 576.0 573.0 439.0 519.0 304.0 335.0 101.0 374.0 577.0 331.0 84.0 
437.0 707.0 532.0 934.0 860.0 1048.0 676.0 677.0 307.0 564.0 896.0 99.0 543.0 684.0 878.0 512.0 727.0 869.0 236.0 660.0 327.0 385.0 423.0 714.0 437.0 61.0 386.0 708.0 500.0 598.0 57.0 383.0 193.0 568.0 1004.0 585.0 405.0 441.0 120.0 469.0 636.0 402.0 475.0 663.0 373.0 219.0 429.0 949.0 649.0 462.0 435.0 0.0 189.0 976.0 753.0 331.0 87.0 981.0 167.0 549.0 545.0 199.0 71.0 44.0 646.0 584.0 510.0 207.0 293.0 952.0 424.0 254.0 918.0 226.0 133.0 523.0 798.0 633.0 744.0 354.0 
591.0 702.0 408.0 796.0 864.0 1041.0 725.0 549.0 190.0 540.0 879.0 92.0 447.0 597.0 714.0 364.0 575.0 743.0 54.0 595.0 360.0 263.0 240.0 528.0 404.0 141.0 540.0 661.0 344.0 528.0 246.0 556.0 244.0 534.0 846.0 587.0 574.0 578.0 284.0 604.0 452.0 214.0 613.0 521.0 442.0 209.0 285.0 820.0 561.0 323.0 379.0 189.0 0.0 960.0 678.0 168.0 105.0 838.0 219.0 555.0 450.0 115.0 126.0 173.0 521.0 476.0 573.0 265.0 281.0 811.0 588.0 84.0 896.0 79.0 242.0 479.0 697.0 445.0 635.0 299.0 
834.0 270.0 655.0 667.0 143.0 90.0 388.0 612.0 783.0 421.0 82.0 954.0 568.0 453.0 841.0 1254.0 733.0 585.0 934.0 402.0 650.0 1204.0 919.0 1016.0 558.0 998.0 835.0 317.0 1220.0 463.0 990.0 928.0 784.0 427.0 831.0 392.0 911.0 762.0 909.0 750.0 959.0 986.0 760.0 685.0 634.0 772.0 764.0 615.0 475.0 735.0 584.0 976.0 960.0 0.0 370.0 856.0 977.0 708.0 810.0 428.0 566.0 848.0 991.0 1011.0 612.0 577.0 528.0 770.0 693.0 693.0 880.0 1023.0 69.0 886.0 849.0 483.0 462.0 1082.0 514.0 662.0 
789.0 271.0 306.0 355.0 366.0 459.0 463.0 242.0 489.0 242.0 304.0 700.0 235.0 91.0 490.0 919.0 365.0 261.0 639.0 97.0 473.0 892.0 579.0 646.0 325.0 755.0 767.0 113.0 884.0 156.0 785.0 852.0 575.0 218.0 513.0 300.0 845.0 722.0 727.0 723.0 592.0 651.0 736.0 316.0 516.0 535.0 430.0 322.0 122.0 395.0 319.0 753.0 678.0 370.0 0.0 541.0 726.0 407.0 594.0 320.0 233.0 580.0 744.0 777.0 244.0 224.0 489.0 570.0 464.0 383.0 826.0 723.0 303.0 600.0 650.0 241.0 119.0 719.0 149.0 400.0 
660.0 616.0 249.0 629.0 778.0 941.0 682.0 387.0 91.0 449.0 775.0 238.0 306.0 454.0 550.0 402.0 408.0 579.0 116.0 467.0 347.0 353.0 114.0 398.0 321.0 297.0 612.0 544.0 370.0 401.0 386.0 649.0 285.0 434.0 680.0 514.0 662.0 629.0 393.0 650.0 316.0 147.0 662.0 354.0 444.0 219.0 121.0 654.0 419.0 160.0 280.0 331.0 168.0 856.0 541.0 0.0 260.0 671.0 273.0 488.0 308.0 146.0 282.0 328.0 359.0 325.0 555.0 302.0 251.0 644.0 668.0 187.0 789.0 106.0 324.0 377.0 544.0 350.0 478.0 220.0 
511.0 711.0 480.0 878.0 870.0 1053.0 705.0 625.0 253.0 558.0 896.0 27.0 505.0 651.0 809.0 433.0 664.0 819.0 155.0 637.0 342.0 313.0 343.0 632.0 425.0 38.0 460.0 694.0 420.0 572.0 143.0 465.0 208.0 558.0 938.0 591.0 485.0 508.0 195.0 535.0 556.0 318.0 543.0 604.0 407.0 206.0 367.0 898.0 615.0 403.0 412.0 87.0 105.0 977.0 726.0 260.0 0.0 923.0 180.0 557.0 507.0 149.0 23.0 70.0 595.0 540.0 543.0 228.0 285.0 895.0 503.0 169.0 916.0 155.0 176.0 507.0 760.0 548.0 701.0 329.0 
1146.0 677.0 452.0 54.0 752.0 785.0 868.0 310.0 675.0 619.0 667.0 898.0 469.0 391.0 209.0 926.0 268.0 148.0 787.0 470.0 792.0 959.0 635.0 504.0 640.0 959.0 1114.0 519.0 891.0 484.0 1028.0 1188.0 848.0 589.0 127.0 693.0 1187.0 1085.0 999.0 1091.0 505.0 704.0 1105.0 319.0 864.0 786.0 557.0 94.0 411.0 520.0 605.0 981.0 838.0 708.0 407.0 671.0 923.0 0.0 856.0 705.0 468.0 782.0 945.0 989.0 341.0 418.0 872.0 852.0 741.0 30.0 1175.0 844.0 655.0 769.0 918.0 581.0 289.0 632.0 290.0 661.0 
390.0 541.0 406.0 806.0 696.0 882.0 525.0 547.0 207.0 398.0 730.0 162.0 398.0 531.0 780.0 582.0 618.0 733.0 234.0 500.0 164.0 477.0 385.0 669.0 273.0 192.0 341.0 543.0 561.0 440.0 192.0 378.0 29.0 402.0 895.0 419.0 390.0 367.0 144.0 391.0 586.0 394.0 401.0 547.0 229.0 71.0 331.0 814.0 496.0 356.0 277.0 167.0 219.0 810.0 594.0 273.0 180.0 856.0 0.0 384.0 400.0 133.0 188.0 202.0 516.0 444.0 365.0 49.0 131.0 827.0 396.0 302.0 751.0 192.0 63.0 359.0 649.0 618.0 600.0 201.0 
474.0 159.0 382.0 652.0 314.0 499.0 206.0 442.0 401.0 88.0 350.0 534.0 297.0 315.0 730.0 886.0 568.0 558.0 539.0 238.0 222.0 813.0 580.0 774.0 169.0 574.0 457.0 221.0 856.0 228.0 562.0 546.0 357.0 119.0 793.0 37.0 536.0 405.0 483.0 404.0 697.0 632.0 417.0 493.0 218.0 354.0 434.0 631.0 299.0 421.0 216.0 549.0 555.0 428.0 320.0 488.0 557.0 705.0 384.0 0.0 296.0 440.0 568.0 585.0 421.0 340.0 170.0 342.0 276.0 679.0 513.0 627.0 374.0 488.0 421.0 149.0 426.0 792.0 416.0 270.0 
683.0 364.0 94.0 415.0 513.0 654.0 498.0 164.0 260.0 218.0 488.0 481.0 3.0 148.0 445.0 693.0 278.0 336.0 408.0 165.0 326.0 660.0 355.0 487.0 178.0 539.0 649.0 249.0 659.0 105.0 584.0 721.0 388.0 189.0 529.0 303.0 721.0 626.0 542.0 636.0 416.0 424.0 649.0 201.0 403.0 333.0 201.0 417.0 112.0 169.0 138.0 545.0 450.0 566.0 233.0 308.0 507.0 468.0 400.0 296.0 0.0 359.0 527.0 563.0 137.0 52.0 441.0 389.0 277.0 439.0 711.0 491.0 497.0 371.0 461.0 147.0 254.0 527.0 200.0 199.0 
522.0 589.0 335.0 736.0 750.0 928.0 612.0 480.0 108.0 428.0 767.0 123.0 357.0 504.0 682.0 466.0 529.0 673.0 109.0 493.0 250.0 376.0 255.0 544.0 291.0 182.0 472.0 554.0 442.0 427.0 249.0 505.0 151.0 423.0 806.0 472.0 519.0 498.0 247.0 521.0 462.0 262.0 531.0 465.0 337.0 99.0 231.0 753.0 467.0 264.0 271.0 199.0 115.0 848.0 580.0 146.0 149.0 782.0 133.0 440.0 359.0 0.0 169.0 209.0 450.0 393.0 464.0 171.0 167.0 754.0 526.0 191.0 785.0 62.0 179.0 370.0 612.0 487.0 553.0 188.0 
503.0 724.0 501.0 900.0 882.0 1066.0 712.0 647.0 274.0 573.0 910.0 47.0 525.0 670.0 831.0 443.0 686.0 840.0 176.0 655.0 352.0 318.0 364.0 653.0 440.0 15.0 452.0 710.0 430.0 590.0 125.0 453.0 216.0 573.0 961.0 603.0 474.0 503.0 185.0 530.0 577.0 337.0 538.0 626.0 412.0 220.0 389.0 919.0 634.0 425.0 429.0 71.0 126.0 991.0 744.0 282.0 23.0 945.0 188.0 568.0 527.0 169.0 0.0 48.0 617.0 561.0 549.0 235.0 299.0 917.0 493.0 185.0 930.0 178.0 176.0 524.0 780.0 567.0 721.0 346.0 
478.0 742.0 543.0 943.0 897.0 1084.0 718.0 688.0 316.0 596.0 931.0 92.0 561.0 706.0 878.0 474.0 731.0 882.0 224.0 686.0 365.0 345.0 412.0 700.0 466.0 33.0 428.0 737.0 465.0 622.0 86.0 421.0 229.0 598.0 1007.0 620.0 443.0 485.0 162.0 512.0 624.0 384.0 519.0 670.0 415.0 246.0 434.0 961.0 670.0 469.0 460.0 44.0 173.0 1011.0 777.0 328.0 70.0 989.0 202.0 585.0 563.0 209.0 48.0 0.0 658.0 600.0 552.0 245.0 323.0 960.0 464.0 228.0 952.0 224.0 175.0 551.0 817.0 613.0 760.0 377.0 
819.0 457.0 116.0 291.0 589.0 702.0 615.0 31.0 343.0 336.0 542.0 570.0 137.0 160.0 311.0 698.0 149.0 224.0 473.0 229.0 459.0 692.0 363.0 404.0 314.0 630.0 783.0 313.0 662.0 199.0 691.0 853.0 507.0 306.0 394.0 421.0 854.0 762.0 659.0 772.0 348.0 437.0 785.0 78.0 539.0 446.0 239.0 303.0 146.0 200.0 272.0 646.0 521.0 612.0 244.0 359.0 595.0 341.0 516.0 421.0 137.0 450.0 617.0 658.0 0.0 86.0 574.0 512.0 402.0 312.0 845.0 544.0 545.0 446.0 578.0 276.0 197.0 476.0 128.0 321.0 
734.0 393.0 83.0 366.0 536.0 665.0 539.0 113.0 290.0 258.0 501.0 514.0 52.0 134.0 395.0 696.0 230.0 290.0 432.0 176.0 376.0 672.0 356.0 456.0 229.0 574.0 700.0 264.0 660.0 129.0 625.0 771.0 433.0 228.0 478.0 344.0 772.0 677.0 587.0 687.0 390.0 427.0 700.0 153.0 454.0 376.0 210.0 371.0 104.0 173.0 189.0 584.0 476.0 577.0 224.0 325.0 540.0 418.0 444.0 340.0 52.0 393.0 561.0 600.0 86.0 0.0 490.0 436.0 325.0 389.0 761.0 511.0 508.0 399.0 506.0 193.0 222.0 507.0 161.0 245.0 
318.0 279.0 515.0 818.0 391.0 581.0 170.0 598.0 464.0 254.0 460.0 526.0 441.0 482.0 884.0 930.0 719.0 726.0 572.0 407.0 215.0 836.0 662.0 893.0 275.0 550.0 310.0 385.0 904.0 390.0 505.0 403.0 337.0 284.0 956.0 191.0 388.0 246.0 415.0 240.0 812.0 700.0 253.0 641.0 138.0 366.0 535.0 799.0 463.0 532.0 327.0 510.0 573.0 528.0 489.0 555.0 543.0 872.0 365.0 170.0 441.0 464.0 549.0 552.0 574.0 490.0 0.0 316.0 307.0 845.0 360.0 654.0 488.0 523.0 378.0 299.0 595.0 890.0 583.0 343.0 
358.0 500.0 406.0 801.0 653.0 841.0 478.0 542.0 227.0 363.0 691.0 210.0 388.0 512.0 788.0 628.0 623.0 724.0 276.0 475.0 121.0 524.0 416.0 694.0 246.0 238.0 311.0 513.0 606.0 418.0 223.0 358.0 22.0 371.0 897.0 378.0 367.0 329.0 158.0 351.0 611.0 431.0 362.0 549.0 181.0 85.0 346.0 805.0 479.0 366.0 259.0 207.0 265.0 770.0 570.0 302.0 228.0 852.0 49.0 342.0 389.0 171.0 235.0 245.0 512.0 436.0 316.0 0.0 112.0 822.0 369.0 348.0 713.0 232.0 82.0 332.0 633.0 651.0 587.0 191.0 
439.0 428.0 300.0 690.0 588.0 769.0 447.0 432.0 162.0 274.0 612.0 261.0 276.0 403.0 685.0 626.0 519.0 613.0 270.0 370.0 97.0 542.0 362.0 619.0 144.0 307.0 397.0 416.0 600.0 310.0 321.0 457.0 113.0 276.0 790.0 309.0 462.0 396.0 267.0 414.0 536.0 395.0 426.0 443.0 195.0 80.0 259.0 694.0 368.0 272.0 148.0 293.0 281.0 693.0 464.0 251.0 285.0 741.0 131.0 276.0 277.0 167.0 299.0 323.0 402.0 325.0 307.0 112.0 0.0 712.0 458.0 356.0 632.0 220.0 188.0 230.0 522.0 595.0 476.0 81.0 
1117.0 654.0 423.0 28.0 732.0 772.0 843.0 281.0 646.0 592.0 650.0 870.0 440.0 364.0 199.0 905.0 243.0 123.0 759.0 443.0 764.0 935.0 610.0 488.0 612.0 931.0 1085.0 495.0 869.0 457.0 999.0 1159.0 819.0 562.0 139.0 667.0 1159.0 1056.0 970.0 1063.0 485.0 679.0 1076.0 291.0 835.0 757.0 529.0 82.0 383.0 492.0 576.0 952.0 811.0 693.0 383.0 644.0 895.0 30.0 827.0 679.0 439.0 754.0 917.0 960.0 312.0 389.0 845.0 822.0 712.0 0.0 1146.0 817.0 638.0 741.0 889.0 553.0 265.0 614.0 263.0 632.0 
47.0 639.0 753.0 1122.0 738.0 923.0 496.0 874.0 595.0 585.0 817.0 502.0 710.0 798.0 1140.0 935.0 973.0 1035.0 618.0 734.0 386.0 809.0 780.0 1062.0 535.0 484.0 62.0 733.0 922.0 699.0 381.0 65.0 384.0 609.0 1238.0 542.0 38.0 118.0 309.0 134.0 979.0 786.0 126.0 896.0 314.0 453.0 711.0 1114.0 771.0 728.0 573.0 424.0 588.0 880.0 826.0 668.0 503.0 1175.0 396.0 513.0 711.0 526.0 493.0 464.0 845.0 761.0 360.0 369.0 458.0 1146.0 0.0 666.0 845.0 583.0 351.0 600.0 919.0 1013.0 891.0 535.0 
672.0 770.0 435.0 805.0 933.0 1105.0 803.0 571.0 241.0 605.0 941.0 165.0 489.0 638.0 702.0 280.0 577.0 761.0 90.0 645.0 440.0 186.0 216.0 487.0 469.0 198.0 621.0 717.0 261.0 578.0 310.0 632.0 327.0 596.0 839.0 658.0 651.0 661.0 360.0 686.0 417.0 167.0 695.0 532.0 524.0 289.0 306.0 835.0 603.0 345.0 439.0 254.0 84.0 1023.0 723.0 187.0 169.0 844.0 302.0 627.0 491.0 191.0 185.0 228.0 544.0 511.0 654.0 348.0 356.0 817.0 666.0 0.0 957.0 139.0 323.0 540.0 730.0 388.0 664.0 363.0 
800.0 218.0 587.0 612.0 130.0 158.0 362.0 545.0 717.0 359.0 29.0 892.0 500.0 385.0 780.0 1186.0 667.0 527.0 868.0 334.0 594.0 1138.0 851.0 948.0 495.0 938.0 797.0 249.0 1152.0 395.0 934.0 890.0 726.0 363.0 776.0 338.0 874.0 728.0 856.0 717.0 891.0 918.0 728.0 618.0 585.0 711.0 696.0 562.0 407.0 666.0 519.0 918.0 896.0 69.0 303.0 789.0 916.0 655.0 751.0 374.0 497.0 785.0 930.0 952.0 545.0 508.0 488.0 713.0 632.0 638.0 845.0 957.0 0.0 822.0 793.0 418.0 399.0 1014.0 448.0 598.0 
580.0 632.0 332.0 725.0 794.0 968.0 667.0 475.0 112.0 468.0 805.0 133.0 369.0 519.0 655.0 408.0 509.0 669.0 51.0 517.0 308.0 325.0 204.0 495.0 331.0 192.0 531.0 585.0 383.0 450.0 281.0 559.0 212.0 460.0 784.0 519.0 574.0 558.0 295.0 582.0 415.0 203.0 592.0 451.0 397.0 159.0 213.0 747.0 483.0 250.0 304.0 226.0 79.0 886.0 600.0 106.0 155.0 769.0 192.0 488.0 371.0 62.0 178.0 224.0 446.0 399.0 523.0 232.0 220.0 741.0 583.0 139.0 822.0 0.0 234.0 404.0 620.0 431.0 558.0 226.0 
351.0 579.0 468.0 868.0 730.0 919.0 544.0 609.0 265.0 444.0 770.0 166.0 459.0 590.0 841.0 601.0 680.0 795.0 268.0 555.0 199.0 486.0 434.0 722.0 327.0 175.0 300.0 594.0 583.0 497.0 142.0 327.0 75.0 452.0 957.0 457.0 341.0 338.0 82.0 364.0 639.0 435.0 372.0 609.0 241.0 133.0 391.0 876.0 555.0 417.0 335.0 133.0 242.0 849.0 650.0 324.0 176.0 918.0 63.0 421.0 461.0 179.0 176.0 175.0 578.0 506.0 378.0 82.0 188.0 889.0 351.0 323.0 793.0 234.0 0.0 413.0 708.0 664.0 660.0 262.0 
567.0 242.0 234.0 527.0 402.0 566.0 353.0 299.0 301.0 77.0 402.0 482.0 148.0 199.0 586.0 778.0 422.0 438.0 451.0 145.0 234.0 722.0 454.0 627.0 87.0 533.0 539.0 187.0 746.0 99.0 550.0 620.0 339.0 58.0 658.0 159.0 616.0 504.0 488.0 510.0 553.0 514.0 524.0 346.0 287.0 306.0 301.0 515.0 172.0 282.0 101.0 523.0 479.0 483.0 241.0 377.0 507.0 581.0 359.0 149.0 147.0 370.0 524.0 551.0 276.0 193.0 299.0 332.0 230.0 553.0 600.0 540.0 418.0 404.0 413.0 0.0 320.0 654.0 293.0 182.0 
885.0 390.0 295.0 237.0 477.0 548.0 580.0 181.0 510.0 342.0 405.0 734.0 256.0 123.0 382.0 895.0 279.0 143.0 653.0 189.0 550.0 885.0 559.0 573.0 395.0 792.0 858.0 230.0 859.0 222.0 836.0 939.0 634.0 314.0 395.0 409.0 935.0 819.0 789.0 823.0 530.0 633.0 836.0 250.0 605.0 584.0 425.0 207.0 155.0 387.0 374.0 798.0 697.0 462.0 119.0 544.0 760.0 289.0 649.0 426.0 254.0 612.0 780.0 817.0 197.0 222.0 595.0 633.0 522.0 265.0 919.0 730.0 399.0 620.0 708.0 320.0 0.0 662.0 70.0 448.0 
1007.0 888.0 433.0 614.0 1039.0 1171.0 996.0 484.0 435.0 730.0 1008.0 536.0 525.0 631.0 435.0 315.0 400.0 616.0 402.0 683.0 691.0 396.0 236.0 139.0 628.0 581.0 959.0 770.0 283.0 630.0 690.0 989.0 633.0 706.0 575.0 809.0 1004.0 979.0 722.0 1000.0 135.0 232.0 1011.0 413.0 789.0 568.0 359.0 665.0 607.0 372.0 577.0 633.0 445.0 1082.0 719.0 350.0 548.0 632.0 618.0 792.0 527.0 487.0 567.0 613.0 476.0 507.0 890.0 651.0 595.0 614.0 1013.0 388.0 1014.0 431.0 664.0 654.0 662.0 0.0 595.0 547.0 
859.0 407.0 229.0 236.0 514.0 601.0 588.0 111.0 450.0 329.0 451.0 675.0 202.0 103.0 343.0 825.0 220.0 146.0 589.0 184.0 513.0 817.0 490.0 509.0 358.0 734.0 830.0 248.0 789.0 195.0 784.0 907.0 587.0 299.0 380.0 406.0 905.0 797.0 741.0 802.0 463.0 563.0 816.0 182.0 578.0 533.0 359.0 224.0 121.0 320.0 331.0 744.0 635.0 514.0 149.0 478.0 701.0 290.0 600.0 416.0 200.0 553.0 721.0 760.0 128.0 161.0 583.0 587.0 476.0 263.0 891.0 664.0 448.0 558.0 660.0 293.0 70.0 595.0 0.0 399.0 
514.0 407.0 220.0 610.0 570.0 743.0 462.0 352.0 132.0 243.0 580.0 303.0 198.0 332.0 606.0 617.0 439.0 534.0 274.0 309.0 157.0 548.0 320.0 557.0 107.0 356.0 474.0 367.0 587.0 245.0 389.0 537.0 189.0 235.0 710.0 298.0 540.0 467.0 343.0 482.0 474.0 366.0 495.0 363.0 253.0 136.0 195.0 615.0 297.0 200.0 84.0 354.0 299.0 662.0 400.0 220.0 329.0 661.0 201.0 270.0 199.0 188.0 346.0 377.0 321.0 245.0 343.0 191.0 81.0 632.0 535.0 363.0 598.0 226.0 262.0 182.0 448.0 547.0 399.0 0.0 
