50 0.0 5
1 517 152
2 809 538
3 152 101
4 992 593
5 969 320
6 753 275
7 647 977
8 742 901
9 626 603
10 551 234
11 386 800
12 754 565
13 18 403
14 382 389
15 958 656
16 374 803
17 559 734
18 279 138
19 172 647
20 868 672
21 150 32
22 937 195
23 758 242
24 972 513
25 979 349
26 669 645
27 115 592
28 961 829
29 354 67
30 591 549
31 395 711
32 310 524
33 508 417
34 52 478
35 603 521
36 832 597
37 449 714
38 915 968
39 931 919
40 857 688
41 329 318
42 820 803
43 427 451
44 434 363
45 363 764
46 885 845
47 998 274
48 81 414
49 915 727
50 687 439
opening costs
981 769 112 343 481 738 254 176 457 424 52 326 943 679 309 843 79 638 510 785 928 352 811 310 957 422 455 207 181 658 966 9 221 34 162 475 947 702 793 604 630 468 615 527 811 676 172 110 922 824 
star costs
0.0 485.0 369.0 649.0 483.0 267.0 836.0 783.0 464.0 89.0 662.0 477.0 559.0 273.0 670.0 667.0 584.0 239.0 604.0 628.0 387.0 423.0 258.0 581.0 503.0 516.0 596.0 810.0 184.0 404.0 573.0 426.0 266.0 568.0 379.0 546.0 567.0 908.0 872.0 635.0 251.0 719.0 313.0 227.0 632.0 785.0 497.0 509.0 700.0 334.0 
485.0 0.0 790.0 192.0 271.0 269.0 468.0 370.0 195.0 399.0 498.0 62.0 803.0 453.0 191.0 510.0 318.0 665.0 647.0 147.0 831.0 367.0 301.0 165.0 255.0 177.0 697.0 329.0 655.0 219.0 449.0 500.0 325.0 760.0 207.0 64.0 401.0 443.0 401.0 158.0 529.0 266.0 392.0 414.0 500.0 317.0 325.0 739.0 217.0 158.0 
369.0 790.0 0.0 974.0 846.0 626.0 1007.0 995.0 691.0 421.0 738.0 761.0 331.0 369.0 979.0 737.0 753.0 133.0 547.0 916.0 70.0 791.0 623.0 918.0 864.0 751.0 493.0 1089.0 205.0 628.0 657.0 452.0 477.0 391.0 617.0 842.0 682.0 1155.0 1130.0 918.0 281.0 970.0 446.0 385.0 696.0 1045.0 864.0 321.0 987.0 633.0 
649.0 192.0 974.0 0.0 274.0 398.0 517.0 397.0 367.0 569.0 641.0 240.0 993.0 644.0 72.0 653.0 456.0 846.0 822.0 148.0 1012.0 402.0 422.0 83.0 245.0 328.0 878.0 239.0 827.0 404.0 609.0 686.0 516.0 948.0 396.0 161.0 557.0 383.0 332.0 166.0 718.0 272.0 583.0 604.0 652.0 274.0 320.0 929.0 155.0 342.0 
483.0 271.0 846.0 274.0 0.0 221.0 732.0 624.0 445.0 427.0 756.0 326.0 955.0 592.0 337.0 767.0 583.0 714.0 862.0 367.0 869.0 130.0 225.0 194.0 31.0 443.0 897.0 510.0 666.0 442.0 695.0 690.0 472.0 931.0 418.0 310.0 653.0 651.0 601.0 385.0 641.0 506.0 558.0 537.0 752.0 532.0 55.0 893.0 411.0 307.0 
267.0 269.0 626.0 398.0 221.0 0.0 710.0 627.0 352.0 207.0 641.0 291.0 747.0 389.0 433.0 650.0 499.0 494.0 690.0 414.0 651.0 201.0 34.0 324.0 238.0 380.0 713.0 592.0 450.0 319.0 565.0 509.0 284.0 730.0 289.0 332.0 534.0 712.0 669.0 426.0 427.0 533.0 371.0 331.0 626.0 586.0 246.0 687.0 481.0 177.0 
836.0 468.0 1007.0 517.0 732.0 710.0 0.0 122.0 375.0 750.0 316.0 426.0 852.0 645.0 447.0 324.0 259.0 917.0 579.0 377.0 1068.0 835.0 744.0 567.0 711.0 333.0 657.0 348.0 957.0 432.0 367.0 565.0 577.0 777.0 459.0 423.0 330.0 269.0 290.0 358.0 732.0 246.0 571.0 650.0 355.0 273.0 786.0 799.0 367.0 540.0 
783.0 370.0 995.0 397.0 624.0 627.0 122.0 0.0 320.0 694.0 371.0 337.0 879.0 626.0 327.0 381.0 248.0 893.0 625.0 262.0 1052.0 733.0 660.0 452.0 601.0 267.0 700.0 231.0 920.0 384.0 396.0 574.0 538.0 810.0 405.0 318.0 348.0 186.0 190.0 243.0 715.0 126.0 550.0 620.0 404.0 154.0 678.0 822.0 246.0 466.0 
464.0 195.0 691.0 367.0 445.0 352.0 375.0 320.0 0.0 377.0 311.0 134.0 641.0 325.0 337.0 322.0 148.0 581.0 457.0 252.0 744.0 514.0 385.0 358.0 435.0 61.0 512.0 405.0 602.0 65.0 255.0 326.0 221.0 588.0 86.0 207.0 209.0 466.0 440.0 247.0 412.0 279.0 251.0 308.0 309.0 355.0 497.0 577.0 315.0 175.0 
89.0 399.0 421.0 569.0 427.0 207.0 750.0 694.0 377.0 0.0 590.0 389.0 560.0 230.0 587.0 596.0 501.0 289.0 561.0 541.0 450.0 388.0 208.0 506.0 444.0 428.0 565.0 723.0 259.0 318.0 502.0 378.0 188.0 556.0 292.0 460.0 491.0 820.0 784.0 548.0 238.0 630.0 250.0 175.0 563.0 697.0 449.0 504.0 613.0 247.0 
662.0 498.0 738.0 641.0 756.0 641.0 316.0 371.0 311.0 590.0 0.0 437.0 542.0 412.0 590.0 13.0 186.0 671.0 264.0 499.0 804.0 819.0 671.0 653.0 746.0 323.0 342.0 576.0 734.0 325.0 90.0 287.0 402.0 464.0 354.0 491.0 107.0 556.0 558.0 485.0 486.0 435.0 352.0 440.0 43.0 502.0 807.0 492.0 535.0 471.0 
477.0 62.0 761.0 240.0 326.0 291.0 426.0 337.0 134.0 389.0 437.0 0.0 754.0 412.0 224.0 449.0 259.0 639.0 588.0 157.0 806.0 413.0 324.0 225.0 312.0 117.0 640.0 336.0 639.0 164.0 388.0 446.0 288.0 708.0 158.0 85.0 340.0 434.0 396.0 161.0 492.0 247.0 347.0 379.0 439.0 310.0 380.0 690.0 229.0 143.0 
559.0 803.0 331.0 993.0 955.0 747.0 852.0 879.0 641.0 560.0 542.0 754.0 0.0 365.0 974.0 536.0 635.0 372.0 289.0 892.0 394.0 943.0 758.0 961.0 963.0 695.0 213.0 1035.0 476.0 592.0 487.0 317.0 491.0 83.0 597.0 837.0 532.0 1061.0 1049.0 887.0 323.0 897.0 412.0 418.0 500.0 974.0 989.0 64.0 954.0 670.0 
273.0 453.0 369.0 644.0 592.0 389.0 645.0 626.0 325.0 230.0 412.0 412.0 365.0 0.0 635.0 415.0 388.0 272.0 333.0 563.0 426.0 588.0 404.0 603.0 599.0 385.0 336.0 728.0 324.0 264.0 323.0 153.0 130.0 342.0 258.0 496.0 332.0 787.0 764.0 562.0 89.0 603.0 77.0 59.0 376.0 679.0 627.0 303.0 632.0 310.0 
670.0 191.0 979.0 72.0 337.0 433.0 447.0 327.0 337.0 587.0 590.0 224.0 974.0 635.0 0.0 603.0 407.0 855.0 787.0 92.0 1021.0 462.0 460.0 144.0 308.0 290.0 846.0 174.0 844.0 383.0 566.0 662.0 510.0 924.0 380.0 140.0 513.0 315.0 265.0 106.0 715.0 202.0 570.0 601.0 605.0 203.0 385.0 910.0 84.0 348.0 
667.0 510.0 737.0 653.0 767.0 650.0 324.0 381.0 322.0 596.0 13.0 449.0 536.0 415.0 603.0 0.0 198.0 672.0 256.0 512.0 803.0 829.0 680.0 665.0 757.0 335.0 335.0 588.0 737.0 335.0 95.0 287.0 409.0 458.0 364.0 503.0 117.0 566.0 569.0 497.0 488.0 446.0 356.0 445.0 41.0 513.0 819.0 488.0 547.0 481.0 
584.0 318.0 753.0 456.0 583.0 499.0 259.0 248.0 148.0 501.0 186.0 259.0 635.0 388.0 407.0 198.0 0.0 659.0 397.0 316.0 813.0 659.0 531.0 469.0 570.0 142.0 467.0 414.0 698.0 188.0 166.0 326.0 322.0 568.0 218.0 306.0 112.0 427.0 416.0 302.0 476.0 270.0 313.0 392.0 199.0 345.0 636.0 576.0 357.0 322.0 
239.0 665.0 133.0 846.0 714.0 494.0 917.0 893.0 581.0 289.0 671.0 639.0 372.0 272.0 855.0 672.0 659.0 0.0 521.0 796.0 167.0 661.0 491.0 788.0 732.0 640.0 483.0 971.0 104.0 517.0 585.0 388.0 361.0 409.0 502.0 719.0 601.0 1046.0 1018.0 798.0 187.0 858.0 347.0 274.0 632.0 932.0 732.0 340.0 867.0 508.0 
604.0 647.0 547.0 822.0 862.0 690.0 579.0 625.0 457.0 561.0 264.0 588.0 289.0 333.0 787.0 256.0 397.0 521.0 0.0 697.0 616.0 889.0 713.0 812.0 861.0 498.0 80.0 810.0 608.0 431.0 233.0 185.0 408.0 208.0 450.0 662.0 285.0 810.0 807.0 687.0 365.0 667.0 322.0 387.0 224.0 740.0 907.0 251.0 748.0 556.0 
628.0 147.0 916.0 148.0 367.0 414.0 377.0 262.0 252.0 541.0 499.0 157.0 892.0 563.0 92.0 512.0 316.0 796.0 697.0 0.0 962.0 482.0 444.0 190.0 342.0 201.0 758.0 183.0 794.0 304.0 475.0 578.0 442.0 839.0 306.0 84.0 422.0 300.0 255.0 20.0 645.0 140.0 494.0 533.0 514.0 174.0 419.0 829.0 73.0 296.0 
387.0 831.0 70.0 1012.0 869.0 651.0 1068.0 1052.0 744.0 450.0 804.0 806.0 394.0 426.0 1021.0 803.0 813.0 167.0 616.0 962.0 0.0 804.0 644.0 953.0 888.0 804.0 562.0 1138.0 207.0 680.0 722.0 518.0 526.0 457.0 667.0 886.0 745.0 1209.0 1182.0 965.0 338.0 1022.0 503.0 437.0 763.0 1096.0 882.0 389.0 1034.0 674.0 
423.0 367.0 791.0 402.0 130.0 201.0 835.0 733.0 514.0 388.0 819.0 413.0 943.0 588.0 462.0 829.0 659.0 661.0 889.0 482.0 804.0 0.0 186.0 320.0 160.0 524.0 913.0 635.0 597.0 496.0 749.0 709.0 484.0 930.0 467.0 416.0 713.0 774.0 725.0 500.0 621.0 620.0 571.0 531.0 809.0 653.0 100.0 884.0 533.0 350.0 
258.0 301.0 623.0 422.0 225.0 34.0 744.0 660.0 385.0 208.0 671.0 324.0 758.0 404.0 460.0 680.0 531.0 491.0 713.0 444.0 644.0 186.0 0.0 346.0 246.0 413.0 733.0 622.0 441.0 350.0 594.0 530.0 306.0 745.0 320.0 363.0 565.0 743.0 699.0 457.0 436.0 565.0 392.0 346.0 655.0 617.0 243.0 699.0 510.0 210.0 
581.0 165.0 918.0 83.0 194.0 324.0 567.0 452.0 358.0 506.0 653.0 225.0 961.0 603.0 144.0 665.0 469.0 788.0 812.0 190.0 953.0 320.0 346.0 0.0 165.0 331.0 861.0 317.0 763.0 383.0 611.0 663.0 474.0 921.0 370.0 164.0 561.0 459.0 409.0 210.0 672.0 328.0 549.0 559.0 659.0 344.0 241.0 897.0 222.0 295.0 
503.0 255.0 864.0 245.0 31.0 238.0 711.0 601.0 435.0 444.0 746.0 312.0 963.0 599.0 308.0 757.0 570.0 732.0 861.0 342.0 888.0 160.0 246.0 165.0 0.0 429.0 898.0 481.0 686.0 437.0 688.0 692.0 476.0 936.0 414.0 289.0 644.0 623.0 573.0 361.0 651.0 482.0 562.0 546.0 743.0 505.0 78.0 901.0 384.0 306.0 
516.0 177.0 751.0 328.0 443.0 380.0 333.0 267.0 61.0 428.0 323.0 117.0 695.0 385.0 290.0 335.0 142.0 640.0 498.0 201.0 804.0 524.0 413.0 331.0 429.0 0.0 557.0 346.0 659.0 124.0 282.0 379.0 280.0 640.0 141.0 170.0 231.0 407.0 380.0 193.0 472.0 219.0 311.0 368.0 329.0 295.0 496.0 632.0 260.0 207.0 
596.0 697.0 493.0 878.0 897.0 713.0 657.0 700.0 512.0 565.0 342.0 640.0 213.0 336.0 846.0 335.0 467.0 483.0 80.0 758.0 562.0 913.0 733.0 861.0 898.0 557.0 0.0 879.0 577.0 478.0 305.0 207.0 431.0 131.0 494.0 718.0 356.0 884.0 880.0 749.0 348.0 736.0 343.0 393.0 302.0 811.0 939.0 182.0 812.0 593.0 
810.0 329.0 1089.0 239.0 510.0 592.0 348.0 231.0 405.0 723.0 576.0 336.0 1035.0 728.0 174.0 588.0 414.0 971.0 810.0 183.0 1138.0 635.0 622.0 317.0 481.0 346.0 879.0 0.0 975.0 465.0 579.0 719.0 613.0 975.0 473.0 266.0 525.0 147.0 95.0 176.0 813.0 144.0 655.0 704.0 602.0 78.0 557.0 973.0 112.0 477.0 
184.0 655.0 205.0 827.0 666.0 450.0 957.0 920.0 602.0 259.0 734.0 639.0 476.0 324.0 844.0 737.0 698.0 104.0 608.0 794.0 207.0 597.0 441.0 763.0 686.0 659.0 577.0 975.0 0.0 538.0 646.0 460.0 383.0 511.0 518.0 714.0 654.0 1062.0 1029.0 800.0 253.0 872.0 391.0 307.0 698.0 942.0 677.0 442.0 867.0 500.0 
404.0 219.0 628.0 404.0 442.0 319.0 432.0 384.0 65.0 318.0 325.0 164.0 592.0 264.0 383.0 335.0 188.0 517.0 431.0 304.0 680.0 496.0 350.0 383.0 437.0 124.0 478.0 465.0 538.0 0.0 255.0 283.0 156.0 544.0 31.0 246.0 218.0 530.0 503.0 301.0 350.0 342.0 192.0 244.0 314.0 418.0 492.0 528.0 370.0 146.0 
573.0 449.0 657.0 609.0 695.0 565.0 367.0 396.0 255.0 502.0 90.0 388.0 487.0 323.0 566.0 95.0 166.0 585.0 233.0 475.0 722.0 749.0 594.0 611.0 688.0 282.0 305.0 579.0 646.0 255.0 0.0 206.0 315.0 415.0 282.0 452.0 55.0 581.0 575.0 463.0 399.0 435.0 262.0 351.0 62.0 508.0 745.0 433.0 521.0 400.0 
426.0 500.0 452.0 686.0 690.0 509.0 565.0 574.0 326.0 378.0 287.0 446.0 317.0 153.0 662.0 287.0 326.0 388.0 185.0 578.0 518.0 709.0 530.0 663.0 692.0 379.0 207.0 719.0 460.0 283.0 206.0 0.0 226.0 263.0 294.0 528.0 236.0 751.0 736.0 572.0 207.0 582.0 138.0 204.0 246.0 659.0 733.0 255.0 639.0 387.0 
266.0 325.0 477.0 516.0 472.0 284.0 577.0 538.0 221.0 188.0 402.0 288.0 491.0 130.0 510.0 409.0 322.0 361.0 408.0 442.0 526.0 484.0 306.0 474.0 476.0 280.0 431.0 613.0 383.0 156.0 315.0 226.0 0.0 461.0 141.0 371.0 303.0 686.0 657.0 442.0 205.0 497.0 88.0 92.0 377.0 571.0 511.0 428.0 512.0 181.0 
568.0 760.0 391.0 948.0 931.0 730.0 777.0 810.0 588.0 556.0 464.0 708.0 83.0 342.0 924.0 458.0 568.0 409.0 208.0 839.0 457.0 930.0 745.0 921.0 936.0 640.0 131.0 975.0 511.0 544.0 415.0 263.0 461.0 0.0 553.0 790.0 462.0 993.0 984.0 832.0 320.0 834.0 376.0 399.0 423.0 911.0 968.0 71.0 899.0 637.0 
379.0 207.0 617.0 396.0 418.0 289.0 459.0 405.0 86.0 292.0 354.0 158.0 597.0 258.0 380.0 364.0 218.0 502.0 450.0 306.0 667.0 467.0 320.0 370.0 414.0 141.0 494.0 473.0 518.0 31.0 282.0 294.0 141.0 553.0 0.0 242.0 247.0 546.0 516.0 304.0 342.0 356.0 190.0 232.0 342.0 430.0 466.0 533.0 374.0 118.0 
546.0 64.0 842.0 161.0 310.0 332.0 423.0 318.0 207.0 460.0 491.0 85.0 837.0 496.0 140.0 503.0 306.0 719.0 662.0 84.0 886.0 416.0 363.0 164.0 289.0 170.0 718.0 266.0 714.0 246.0 452.0 528.0 371.0 790.0 242.0 0.0 401.0 381.0 337.0 95.0 576.0 207.0 431.0 462.0 498.0 254.0 364.0 773.0 155.0 215.0 
567.0 401.0 682.0 557.0 653.0 534.0 330.0 348.0 209.0 491.0 107.0 340.0 532.0 332.0 513.0 117.0 112.0 601.0 285.0 422.0 745.0 713.0 565.0 561.0 644.0 231.0 356.0 525.0 654.0 218.0 55.0 236.0 303.0 462.0 247.0 401.0 0.0 531.0 524.0 409.0 414.0 382.0 264.0 352.0 100.0 456.0 704.0 475.0 467.0 364.0 
908.0 443.0 1155.0 383.0 651.0 712.0 269.0 186.0 466.0 820.0 556.0 434.0 1061.0 787.0 315.0 566.0 427.0 1046.0 810.0 300.0 1209.0 774.0 743.0 459.0 623.0 407.0 884.0 147.0 1062.0 530.0 581.0 751.0 686.0 993.0 546.0 381.0 531.0 0.0 52.0 286.0 876.0 191.0 711.0 773.0 589.0 127.0 699.0 1002.0 241.0 577.0 
872.0 401.0 1130.0 332.0 601.0 669.0 290.0 190.0 440.0 784.0 558.0 396.0 1049.0 764.0 265.0 569.0 416.0 1018.0 807.0 255.0 1182.0 725.0 699.0 409.0 573.0 380.0 880.0 95.0 1029.0 503.0 575.0 736.0 657.0 984.0 516.0 337.0 524.0 52.0 0.0 243.0 851.0 161.0 688.0 746.0 589.0 88.0 649.0 989.0 193.0 539.0 
635.0 158.0 918.0 166.0 385.0 426.0 358.0 243.0 247.0 548.0 485.0 161.0 887.0 562.0 106.0 497.0 302.0 798.0 687.0 20.0 965.0 500.0 457.0 210.0 361.0 193.0 749.0 176.0 800.0 301.0 463.0 572.0 442.0 832.0 304.0 95.0 409.0 286.0 243.0 0.0 645.0 121.0 491.0 534.0 500.0 160.0 438.0 823.0 70.0 302.0 
251.0 529.0 281.0 718.0 641.0 427.0 732.0 715.0 412.0 238.0 486.0 492.0 323.0 89.0 715.0 488.0 476.0 187.0 365.0 645.0 338.0 621.0 436.0 672.0 651.0 472.0 348.0 813.0 253.0 350.0 399.0 207.0 205.0 320.0 342.0 576.0 414.0 876.0 851.0 645.0 0.0 691.0 166.0 115.0 448.0 767.0 671.0 266.0 715.0 378.0 
719.0 266.0 970.0 272.0 506.0 533.0 246.0 126.0 279.0 630.0 435.0 247.0 897.0 603.0 202.0 446.0 270.0 858.0 667.0 140.0 1022.0 620.0 565.0 328.0 482.0 219.0 736.0 144.0 872.0 342.0 435.0 582.0 497.0 834.0 356.0 207.0 382.0 191.0 161.0 121.0 691.0 0.0 528.0 586.0 459.0 78.0 559.0 836.0 122.0 388.0 
313.0 392.0 446.0 583.0 558.0 371.0 571.0 550.0 251.0 250.0 352.0 347.0 412.0 77.0 570.0 356.0 313.0 347.0 322.0 494.0 503.0 571.0 392.0 549.0 562.0 311.0 343.0 655.0 391.0 192.0 262.0 138.0 88.0 376.0 190.0 431.0 264.0 711.0 688.0 491.0 166.0 528.0 0.0 89.0 320.0 605.0 598.0 348.0 561.0 261.0 
227.0 414.0 385.0 604.0 537.0 331.0 650.0 620.0 308.0 175.0 440.0 379.0 418.0 59.0 601.0 445.0 392.0 274.0 387.0 533.0 437.0 531.0 346.0 559.0 546.0 368.0 393.0 704.0 307.0 244.0 351.0 204.0 92.0 399.0 232.0 462.0 352.0 773.0 746.0 534.0 115.0 586.0 89.0 0.0 408.0 661.0 571.0 357.0 604.0 265.0 
632.0 500.0 696.0 652.0 752.0 626.0 355.0 404.0 309.0 563.0 43.0 439.0 500.0 376.0 605.0 41.0 199.0 632.0 224.0 514.0 763.0 809.0 655.0 659.0 743.0 329.0 302.0 602.0 698.0 314.0 62.0 246.0 377.0 423.0 342.0 498.0 100.0 589.0 589.0 500.0 448.0 459.0 320.0 408.0 0.0 529.0 803.0 450.0 554.0 459.0 
785.0 317.0 1045.0 274.0 532.0 586.0 273.0 154.0 355.0 697.0 502.0 310.0 974.0 679.0 203.0 513.0 345.0 932.0 740.0 174.0 1096.0 653.0 617.0 344.0 505.0 295.0 811.0 78.0 942.0 418.0 508.0 659.0 571.0 911.0 430.0 254.0 456.0 127.0 88.0 160.0 767.0 78.0 605.0 661.0 529.0 0.0 583.0 913.0 122.0 452.0 
497.0 325.0 864.0 320.0 55.0 246.0 786.0 678.0 497.0 449.0 807.0 380.0 989.0 627.0 385.0 819.0 636.0 732.0 907.0 419.0 882.0 100.0 243.0 241.0 78.0 496.0 939.0 557.0 677.0 492.0 745.0 733.0 511.0 968.0 466.0 364.0 704.0 699.0 649.0 438.0 671.0 559.0 598.0 571.0 803.0 583.0 0.0 928.0 461.0 353.0 
509.0 739.0 321.0 929.0 893.0 687.0 799.0 822.0 577.0 504.0 492.0 690.0 64.0 303.0 910.0 488.0 576.0 340.0 251.0 829.0 389.0 884.0 699.0 897.0 901.0 632.0 182.0 973.0 442.0 528.0 433.0 255.0 428.0 71.0 533.0 773.0 475.0 1002.0 989.0 823.0 266.0 836.0 348.0 357.0 450.0 913.0 928.0 0.0 891.0 607.0 
700.0 217.0 987.0 155.0 411.0 481.0 367.0 246.0 315.0 613.0 535.0 229.0 954.0 632.0 84.0 547.0 357.0 867.0 748.0 73.0 1034.0 533.0 510.0 222.0 384.0 260.0 812.0 112.0 867.0 370.0 521.0 639.0 512.0 899.0 374.0 155.0 467.0 241.0 193.0 70.0 715.0 122.0 561.0 604.0 554.0 122.0 461.0 891.0 0.0 368.0 
334.0 158.0 633.0 342.0 307.0 177.0 540.0 466.0 175.0 247.0 471.0 143.0 670.0 310.0 348.0 481.0 322.0 508.0 556.0 296.0 674.0 350.0 210.0 295.0 306.0 207.0 593.0 477.0 500.0 146.0 400.0 387.0 181.0 637.0 118.0 215.0 364.0 577.0 539.0 302.0 378.0 388.0 261.0 265.0 459.0 452.0 353.0 607.0 368.0 0.0 
