125 0.0 5
1 961 181
2 221 524
3 713 780
4 620 930
5 937 219
6 405 672
7 420 40
8 661 256
9 967 777
10 648 70
11 466 559
12 175 761
13 683 411
14 533 122
15 340 857
16 673 452
17 916 830
18 90 767
19 200 985
20 24 323
21 306 660
22 337 546
23 405 102
24 880 888
25 133 290
26 51 64
27 351 555
28 742 963
29 389 949
30 978 596
31 322 177
32 251 308
33 230 599
34 557 478
35 927 368
36 169 529
37 405 575
38 448 480
39 559 10
40 443 803
41 865 399
42 241 36
43 289 322
44 225 34
45 862 968
46 359 429
47 394 148
48 680 697
49 75 359
50 164 305
51 683 922
52 707 207
53 537 669
54 207 874
55 135 27
56 391 735
57 405 111
58 896 218
59 505 340
60 88 143
61 24 271
62 213 263
63 122 160
64 513 769
65 251 50
66 92 657
67 334 49
68 195 187
69 209 981
70 790 187
71 856 502
72 773 766
73 108 885
74 494 264
75 346 502
76 457 867
77 195 102
78 697 356
79 258 194
80 838 577
81 880 13
82 992 732
83 928 805
84 186 970
85 118 533
86 463 872
87 34 891
88 95 700
89 436 519
90 639 849
91 907 64
92 602 924
93 890 946
94 865 192
95 832 8
96 589 545
97 161 205
98 736 205
99 654 865
100 105 303
101 772 954
102 108 764
103 660 712
104 400 884
105 611 490
106 72 71
107 929 885
108 14 620
109 436 191
110 593 743
111 471 921
112 732 304
113 469 79
114 281 252
115 225 307
116 633 388
117 709 382
118 119 603
119 77 697
120 722 784
121 969 952
122 142 668
123 246 630
124 225 409
125 10 897
opening costs
6 443 392 117 929 940 481 327 250 249 166 845 228 108 453 789 760 16 965 15 188 420 637 92 782 571 543 294 921 263 123 449 565 250 336 275 708 670 697 215 921 193 967 153 279 392 861 346 515 453 27 694 461 168 983 282 800 833 369 685 686 53 492 829 933 979 125 787 347 599 172 510 380 178 599 465 722 580 940 716 602 956 727 849 531 951 299 669 963 521 580 192 990 487 135 28 28 126 905 580 687 54 422 509 635 871 734 359 706 869 200 72 392 608 617 910 955 886 699 664 1000 75 249 764 940 
star costs
0.0 816.0 649.0 823.0 45.0 742.0 560.0 310.0 597.0 333.0 623.0 977.0 361.0 433.0 918.0 396.0 651.0 1050.0 1108.0 948.0 812.0 723.0 562.0 712.0 836.0 918.0 716.0 813.0 958.0 416.0 640.0 722.0 843.0 502.0 191.0 866.0 682.0 594.0 437.0 810.0 239.0 735.0 687.0 751.0 794.0 652.0 568.0 588.0 904.0 807.0 792.0 256.0 647.0 1025.0 841.0 795.0 561.0 75.0 483.0 874.0 942.0 753.0 840.0 740.0 722.0 991.0 641.0 767.0 1098.0 172.0 338.0 615.0 1106.0 475.0 694.0 852.0 771.0 317.0 704.0 415.0 187.0 552.0 625.0 1106.0 914.0 852.0 1168.0 1010.0 625.0 742.0 129.0 826.0 769.0 97.0 216.0 521.0 801.0 227.0 750.0 865.0 796.0 1034.0 611.0 900.0 467.0 896.0 705.0 1044.0 526.0 672.0 888.0 260.0 503.0 684.0 747.0 388.0 323.0 942.0 1024.0 649.0 772.0 953.0 845.0 771.0 1191.0 
816.0 0.0 555.0 570.0 779.0 237.0 524.0 516.0 788.0 624.0 248.0 242.0 476.0 509.0 354.0 458.0 760.0 277.0 462.0 282.0 161.0 119.0 461.0 753.0 250.0 491.0 134.0 682.0 457.0 761.0 362.0 219.0 76.0 340.0 724.0 53.0 191.0 232.0 616.0 357.0 657.0 489.0 214.0 491.0 780.0 168.0 414.0 491.0 221.0 227.0 610.0 581.0 348.0 351.0 505.0 271.0 453.0 742.0 339.0 404.0 321.0 262.0 378.0 382.0 475.0 186.0 489.0 339.0 458.0 662.0 636.0 603.0 379.0 377.0 127.0 417.0 423.0 505.0 333.0 620.0 834.0 799.0 761.0 448.0 104.0 424.0 412.0 217.0 216.0 530.0 826.0 553.0 791.0 725.0 800.0 369.0 325.0 606.0 552.0 250.0 699.0 266.0 478.0 403.0 392.0 477.0 795.0 229.0 397.0 432.0 470.0 557.0 510.0 279.0 218.0 434.0 509.0 130.0 226.0 565.0 862.0 165.0 109.0 116.0 429.0 
649.0 555.0 0.0 177.0 605.0 327.0 796.0 527.0 255.0 713.0 332.0 539.0 371.0 683.0 381.0 331.0 210.0 624.0 553.0 827.0 425.0 443.0 745.0 199.0 760.0 976.0 427.0 186.0 366.0 323.0 719.0 661.0 516.0 340.0 465.0 600.0 370.0 401.0 786.0 271.0 411.0 882.0 625.0 892.0 240.0 499.0 708.0 90.0 765.0 726.0 146.0 574.0 209.0 515.0 950.0 326.0 737.0 592.0 487.0 893.0 857.0 720.0 857.0 201.0 864.0 634.0 824.0 788.0 543.0 598.0 313.0 62.0 615.0 561.0 461.0 271.0 854.0 425.0 742.0 239.0 785.0 284.0 217.0 561.0 645.0 267.0 689.0 624.0 381.0 102.0 742.0 182.0 243.0 608.0 782.0 266.0 798.0 576.0 104.0 773.0 184.0 606.0 87.0 330.0 308.0 956.0 241.0 718.0 651.0 126.0 281.0 477.0 743.0 683.0 680.0 401.0 399.0 620.0 642.0 10.0 309.0 582.0 491.0 614.0 713.0 
823.0 570.0 177.0 0.0 779.0 336.0 913.0 676.0 380.0 861.0 402.0 477.0 523.0 813.0 290.0 481.0 313.0 555.0 424.0 851.0 415.0 478.0 856.0 264.0 805.0 1037.0 462.0 127.0 232.0 490.0 810.0 724.0 512.0 457.0 641.0 604.0 416.0 482.0 923.0 218.0 585.0 972.0 693.0 980.0 245.0 565.0 815.0 241.0 790.0 774.0 64.0 729.0 274.0 417.0 1026.0 301.0 847.0 764.0 602.0 950.0 889.0 782.0 918.0 194.0 955.0 595.0 927.0 856.0 415.0 763.0 489.0 225.0 514.0 678.0 509.0 175.0 931.0 580.0 821.0 415.0 954.0 422.0 333.0 436.0 641.0 168.0 588.0 574.0 451.0 84.0 913.0 19.0 271.0 778.0 947.0 387.0 859.0 735.0 74.0 812.0 154.0 539.0 222.0 225.0 441.0 1019.0 313.0 681.0 762.0 189.0 150.0 636.0 865.0 759.0 738.0 543.0 556.0 599.0 591.0 179.0 350.0 546.0 480.0 654.0 611.0 
45.0 779.0 605.0 779.0 0.0 699.0 548.0 279.0 559.0 326.0 581.0 936.0 319.0 416.0 874.0 353.0 612.0 1009.0 1063.0 919.0 770.0 684.0 545.0 672.0 808.0 900.0 676.0 770.0 913.0 380.0 617.0 692.0 803.0 460.0 150.0 829.0 641.0 555.0 432.0 765.0 194.0 720.0 657.0 736.0 753.0 615.0 548.0 543.0 874.0 778.0 748.0 231.0 603.0 981.0 825.0 752.0 543.0 42.0 449.0 853.0 915.0 726.0 818.0 695.0 707.0 952.0 627.0 743.0 1054.0 151.0 295.0 572.0 1064.0 446.0 656.0 807.0 752.0 277.0 680.0 372.0 214.0 516.0 587.0 1063.0 878.0 807.0 1126.0 970.0 584.0 697.0 158.0 781.0 729.0 77.0 236.0 477.0 777.0 202.0 706.0 837.0 754.0 993.0 566.0 855.0 424.0 878.0 667.0 1007.0 502.0 627.0 843.0 222.0 489.0 657.0 718.0 348.0 281.0 904.0 984.0 605.0 734.0 914.0 804.0 737.0 1149.0 
742.0 237.0 327.0 336.0 699.0 0.0 633.0 489.0 572.0 650.0 129.0 247.0 382.0 565.0 197.0 347.0 535.0 330.0 375.0 517.0 100.0 144.0 570.0 522.0 469.0 704.0 129.0 446.0 278.0 579.0 502.0 396.0 190.0 247.0 605.0 276.0 97.0 197.0 680.0 137.0 535.0 657.0 369.0 663.0 545.0 248.0 525.0 277.0 455.0 440.0 374.0 555.0 133.0 283.0 700.0 65.0 561.0 669.0 347.0 617.0 554.0 452.0 586.0 146.0 641.0 314.0 628.0 529.0 366.0 620.0 482.0 380.0 366.0 418.0 180.0 202.0 608.0 431.0 501.0 444.0 813.0 591.0 540.0 370.0 319.0 209.0 431.0 312.0 157.0 294.0 789.0 320.0 558.0 665.0 790.0 224.0 527.0 573.0 316.0 476.0 463.0 311.0 259.0 213.0 275.0 688.0 566.0 395.0 482.0 201.0 258.0 493.0 597.0 438.0 407.0 365.0 421.0 295.0 329.0 337.0 630.0 264.0 165.0 319.0 455.0 
560.0 524.0 796.0 913.0 548.0 633.0 0.0 324.0 918.0 230.0 522.0 762.0 455.0 140.0 821.0 484.0 933.0 799.0 971.0 487.0 631.0 513.0 64.0 965.0 381.0 370.0 520.0 978.0 910.0 788.0 169.0 317.0 591.0 459.0 604.0 550.0 536.0 441.0 143.0 764.0 572.0 180.0 311.0 196.0 1028.0 394.0 112.0 707.0 470.0 369.0 921.0 333.0 640.0 861.0 286.0 696.0 73.0 509.0 312.0 348.0 459.0 305.0 322.0 735.0 170.0 699.0 87.0 269.0 965.0 399.0 636.0 808.0 901.0 236.0 468.0 828.0 234.0 421.0 224.0 681.0 461.0 898.0 919.0 959.0 579.0 834.0 935.0 736.0 480.0 839.0 488.0 903.0 1021.0 471.0 414.0 533.0 308.0 357.0 858.0 411.0 980.0 789.0 714.0 845.0 489.0 350.0 987.0 708.0 152.0 724.0 883.0 409.0 63.0 254.0 331.0 409.0 448.0 639.0 742.0 803.0 1065.0 687.0 616.0 418.0 951.0 
310.0 516.0 527.0 676.0 279.0 489.0 324.0 0.0 605.0 187.0 361.0 701.0 157.0 186.0 682.0 197.0 629.0 767.0 863.0 641.0 538.0 435.0 299.0 669.0 530.0 640.0 431.0 712.0 745.0 465.0 349.0 414.0 551.0 246.0 289.0 563.0 410.0 310.0 267.0 589.0 250.0 475.0 378.0 490.0 740.0 349.0 289.0 442.0 595.0 500.0 667.0 68.0 432.0 767.0 574.0 550.0 295.0 239.0 178.0 585.0 638.0 449.0 548.0 534.0 459.0 697.0 388.0 472.0 855.0 147.0 314.0 523.0 838.0 168.0 400.0 645.0 491.0 107.0 408.0 367.0 328.0 580.0 611.0 858.0 610.0 648.0 893.0 720.0 347.0 594.0 313.0 671.0 728.0 214.0 302.0 298.0 503.0 91.0 610.0 558.0 707.0 751.0 457.0 681.0 240.0 618.0 684.0 743.0 235.0 492.0 692.0 86.0 262.0 381.0 439.0 135.0 135.0 644.0 732.0 532.0 762.0 663.0 559.0 463.0 914.0 
597.0 788.0 255.0 380.0 559.0 572.0 918.0 605.0 0.0 776.0 547.0 793.0 464.0 786.0 633.0 439.0 74.0 878.0 795.0 1047.0 672.0 672.0 879.0 142.0 966.0 1161.0 655.0 292.0 604.0 182.0 881.0 856.0 759.0 508.0 411.0 836.0 598.0 598.0 869.0 525.0 392.0 1038.0 817.0 1051.0 218.0 701.0 851.0 298.0 986.0 932.0 319.0 627.0 444.0 767.0 1121.0 578.0 872.0 564.0 636.0 1084.0 1071.0 913.0 1047.0 455.0 1021.0 884.0 965.0 972.0 785.0 616.0 297.0 195.0 866.0 698.0 680.0 518.0 1026.0 501.0 918.0 238.0 769.0 52.0 49.0 805.0 884.0 513.0 940.0 876.0 591.0 336.0 716.0 394.0 186.0 594.0 781.0 444.0 989.0 617.0 326.0 984.0 264.0 860.0 314.0 578.0 458.0 1140.0 115.0 966.0 791.0 376.0 517.0 529.0 858.0 864.0 879.0 513.0 472.0 866.0 894.0 246.0 176.0 833.0 736.0 829.0 965.0 
333.0 624.0 713.0 861.0 326.0 650.0 230.0 187.0 776.0 0.0 522.0 838.0 343.0 127.0 846.0 383.0 806.0 893.0 1019.0 674.0 682.0 569.0 246.0 851.0 561.0 598.0 569.0 898.0 917.0 621.0 344.0 463.0 675.0 419.0 409.0 664.0 561.0 457.0 108.0 762.0 395.0 409.0 439.0 425.0 924.0 461.0 266.0 628.0 642.0 539.0 853.0 150.0 610.0 918.0 515.0 713.0 247.0 289.0 306.0 565.0 656.0 476.0 534.0 712.0 398.0 809.0 315.0 468.0 1012.0 184.0 480.0 708.0 978.0 248.0 528.0 820.0 455.0 291.0 410.0 542.0 239.0 747.0 787.0 1012.0 704.0 824.0 1026.0 839.0 497.0 780.0 260.0 856.0 909.0 249.0 195.0 479.0 506.0 162.0 796.0 591.0 893.0 880.0 643.0 851.0 422.0 577.0 863.0 840.0 245.0 676.0 870.0 249.0 180.0 410.0 485.0 319.0 318.0 751.0 849.0 718.0 939.0 784.0 690.0 543.0 1045.0 
623.0 248.0 332.0 402.0 581.0 129.0 522.0 361.0 547.0 522.0 0.0 355.0 263.0 443.0 324.0 234.0 526.0 430.0 503.0 502.0 190.0 130.0 462.0 529.0 429.0 646.0 116.0 490.0 398.0 514.0 409.0 331.0 240.0 122.0 500.0 299.0 64.0 82.0 557.0 246.0 430.0 570.0 296.0 578.0 570.0 169.0 418.0 255.0 440.0 395.0 423.0 427.0 131.0 408.0 627.0 192.0 453.0 549.0 223.0 563.0 528.0 390.0 527.0 216.0 553.0 387.0 527.0 461.0 495.0 494.0 395.0 371.0 485.0 297.0 133.0 309.0 532.0 308.0 421.0 373.0 686.0 554.0 524.0 498.0 349.0 314.0 545.0 397.0 50.0 338.0 663.0 390.0 575.0 543.0 662.0 124.0 468.0 446.0 360.0 443.0 500.0 413.0 248.0 332.0 161.0 628.0 567.0 457.0 370.0 224.0 363.0 369.0 481.0 359.0 349.0 240.0 301.0 350.0 413.0 341.0 639.0 342.0 232.0 284.0 568.0 
977.0 242.0 539.0 477.0 936.0 247.0 762.0 701.0 793.0 838.0 355.0 0.0 617.0 733.0 191.0 587.0 745.0 86.0 226.0 464.0 166.0 270.0 698.0 717.0 473.0 708.0 271.0 602.0 285.0 820.0 603.0 460.0 172.0 476.0 849.0 233.0 296.0 392.0 844.0 272.0 780.0 728.0 454.0 729.0 718.0 380.0 651.0 510.0 415.0 457.0 533.0 769.0 374.0 118.0 736.0 218.0 690.0 903.0 535.0 625.0 513.0 500.0 604.0 339.0 716.0 134.0 730.0 575.0 223.0 842.0 729.0 599.0 141.0 591.0 311.0 302.0 660.0 661.0 574.0 689.0 1028.0 818.0 755.0 210.0 236.0 309.0 192.0 101.0 356.0 473.0 1011.0 458.0 739.0 895.0 1000.0 467.0 557.0 790.0 491.0 464.0 628.0 68.0 488.0 257.0 514.0 698.0 765.0 215.0 627.0 419.0 337.0 721.0 743.0 520.0 457.0 591.0 655.0 168.0 118.0 548.0 817.0 99.0 150.0 356.0 214.0 
361.0 476.0 371.0 523.0 319.0 382.0 455.0 157.0 464.0 343.0 263.0 617.0 0.0 326.0 563.0 43.0 480.0 692.0 751.0 665.0 452.0 372.0 416.0 517.0 564.0 721.0 362.0 556.0 614.0 349.0 431.0 445.0 491.0 143.0 248.0 528.0 323.0 245.0 420.0 460.0 183.0 580.0 404.0 594.0 586.0 325.0 391.0 287.0 611.0 530.0 511.0 206.0 297.0 665.0 670.0 437.0 410.0 288.0 192.0 653.0 674.0 493.0 615.0 397.0 563.0 641.0 503.0 537.0 742.0 249.0 196.0 367.0 746.0 240.0 350.0 509.0 578.0 57.0 478.0 228.0 445.0 446.0 464.0 748.0 579.0 511.0 808.0 656.0 270.0 441.0 414.0 520.0 574.0 285.0 430.0 164.0 562.0 213.0 455.0 589.0 551.0 675.0 302.0 552.0 107.0 700.0 535.0 701.0 331.0 344.0 553.0 118.0 395.0 433.0 470.0 56.0 39.0 596.0 671.0 376.0 612.0 599.0 489.0 459.0 831.0 
433.0 509.0 683.0 813.0 416.0 565.0 140.0 186.0 786.0 127.0 443.0 733.0 326.0 0.0 760.0 359.0 805.0 783.0 926.0 548.0 584.0 468.0 130.0 841.0 434.0 486.0 470.0 867.0 840.0 651.0 219.0 338.0 566.0 357.0 465.0 547.0 471.0 368.0 115.0 687.0 433.0 305.0 316.0 321.0 908.0 353.0 142.0 594.0 516.0 412.0 814.0 194.0 548.0 820.0 410.0 630.0 129.0 376.0 220.0 446.0 531.0 350.0 413.0 648.0 292.0 694.0 212.0 345.0 919.0 266.0 499.0 688.0 874.0 148.0 424.0 749.0 339.0 286.0 285.0 548.0 364.0 764.0 789.0 917.0 585.0 754.0 917.0 726.0 409.0 735.0 379.0 805.0 899.0 340.0 320.0 427.0 382.0 220.0 753.0 465.0 866.0 770.0 604.0 774.0 377.0 464.0 860.0 720.0 120.0 624.0 802.0 270.0 78.0 284.0 360.0 285.0 314.0 635.0 734.0 689.0 938.0 672.0 584.0 421.0 935.0 
918.0 354.0 381.0 290.0 874.0 197.0 821.0 682.0 633.0 846.0 324.0 191.0 563.0 760.0 0.0 525.0 577.0 266.0 190.0 621.0 200.0 312.0 758.0 541.0 604.0 845.0 303.0 416.0 105.0 690.0 681.0 557.0 281.0 437.0 764.0 370.0 290.0 393.0 875.0 117.0 697.0 827.0 538.0 831.0 534.0 429.0 712.0 376.0 565.0 580.0 350.0 747.0 273.0 135.0 855.0 133.0 749.0 848.0 543.0 758.0 666.0 608.0 731.0 195.0 812.0 319.0 809.0 686.0 181.0 808.0 627.0 443.0 234.0 613.0 356.0 118.0 769.0 616.0 669.0 572.0 1002.0 664.0 591.0 192.0 393.0 124.0 308.0 291.0 352.0 300.0 975.0 271.0 558.0 848.0 982.0 400.0 677.0 763.0 315.0 602.0 443.0 250.0 352.0 66.0 457.0 831.0 590.0 404.0 673.0 278.0 146.0 678.0 789.0 608.0 562.0 554.0 602.0 337.0 308.0 389.0 637.0 274.0 246.0 463.0 333.0 
396.0 458.0 331.0 481.0 353.0 347.0 484.0 197.0 439.0 383.0 234.0 587.0 43.0 359.0 525.0 0.0 450.0 663.0 713.0 662.0 422.0 349.0 441.0 483.0 564.0 734.0 339.0 516.0 573.0 338.0 446.0 446.0 467.0 119.0 268.0 510.0 295.0 227.0 457.0 420.0 200.0 600.0 406.0 613.0 550.0 315.0 413.0 246.0 606.0 530.0 471.0 248.0 257.0 629.0 686.0 400.0 434.0 324.0 202.0 662.0 674.0 498.0 624.0 356.0 583.0 617.0 527.0 547.0 704.0 290.0 190.0 330.0 712.0 260.0 331.0 468.0 593.0 99.0 489.0 208.0 486.0 425.0 436.0 711.0 561.0 470.0 776.0 629.0 247.0 399.0 454.0 478.0 540.0 324.0 472.0 126.0 569.0 255.0 414.0 588.0 512.0 646.0 261.0 512.0 73.0 712.0 504.0 681.0 353.0 302.0 511.0 160.0 426.0 441.0 471.0 76.0 79.0 575.0 645.0 336.0 582.0 574.0 463.0 451.0 799.0 
651.0 760.0 210.0 313.0 612.0 535.0 933.0 629.0 74.0 806.0 526.0 745.0 480.0 805.0 577.0 450.0 0.0 829.0 733.0 1027.0 634.0 645.0 890.0 69.0 952.0 1156.0 629.0 220.0 541.0 243.0 883.0 846.0 724.0 503.0 463.0 806.0 572.0 585.0 895.0 474.0 435.0 1043.0 807.0 1055.0 149.0 687.0 859.0 271.0 964.0 918.0 251.0 658.0 412.0 711.0 1121.0 534.0 883.0 613.0 640.0 1076.0 1053.0 904.0 1039.0 408.0 1025.0 842.0 975.0 967.0 723.0 656.0 334.0 157.0 810.0 707.0 658.0 461.0 1025.0 523.0 916.0 265.0 818.0 125.0 28.0 744.0 852.0 455.0 885.0 832.0 572.0 278.0 767.0 328.0 119.0 641.0 827.0 434.0 981.0 651.0 265.0 968.0 191.0 811.0 282.0 519.0 457.0 1136.0 57.0 927.0 800.0 335.0 455.0 558.0 874.0 859.0 867.0 525.0 494.0 829.0 850.0 200.0 134.0 791.0 700.0 810.0 909.0 
1050.0 277.0 624.0 555.0 1009.0 330.0 799.0 767.0 878.0 893.0 430.0 86.0 692.0 783.0 266.0 663.0 829.0 0.0 245.0 449.0 242.0 332.0 736.0 800.0 479.0 705.0 337.0 681.0 351.0 905.0 634.0 487.0 219.0 550.0 928.0 251.0 369.0 459.0 891.0 355.0 858.0 747.0 488.0 746.0 798.0 432.0 690.0 595.0 409.0 468.0 613.0 834.0 458.0 159.0 742.0 303.0 728.0 976.0 596.0 625.0 501.0 519.0 608.0 424.0 735.0 111.0 759.0 590.0 245.0 910.0 811.0 684.0 120.0 646.0 369.0 381.0 674.0 734.0 598.0 772.0 1093.0 903.0 839.0 225.0 236.0 388.0 137.0 68.0 426.0 556.0 1078.0 536.0 820.0 966.0 1062.0 547.0 567.0 857.0 573.0 465.0 708.0 19.0 573.0 332.0 591.0 697.0 848.0 166.0 672.0 504.0 411.0 792.0 786.0 550.0 480.0 663.0 729.0 167.0 72.0 633.0 899.0 112.0 208.0 383.0 153.0 
1108.0 462.0 553.0 424.0 1063.0 375.0 971.0 863.0 795.0 1019.0 503.0 226.0 751.0 926.0 190.0 713.0 733.0 245.0 0.0 685.0 342.0 460.0 907.0 687.0 699.0 933.0 456.0 543.0 193.0 870.0 818.0 679.0 388.0 621.0 954.0 458.0 459.0 563.0 1039.0 304.0 887.0 950.0 669.0 952.0 663.0 579.0 860.0 560.0 639.0 681.0 488.0 929.0 462.0 112.0 961.0 315.0 898.0 1036.0 714.0 850.0 736.0 723.0 829.0 381.0 937.0 346.0 946.0 799.0 10.0 993.0 815.0 614.0 136.0 779.0 505.0 283.0 884.0 802.0 794.0 758.0 1187.0 832.0 750.0 21.0 460.0 287.0 191.0 304.0 523.0 460.0 1162.0 407.0 692.0 1035.0 1164.0 588.0 781.0 947.0 470.0 689.0 573.0 240.0 535.0 225.0 644.0 923.0 736.0 410.0 829.0 462.0 279.0 865.0 946.0 738.0 679.0 738.0 790.0 391.0 314.0 560.0 770.0 323.0 358.0 577.0 210.0 
948.0 282.0 827.0 851.0 919.0 517.0 487.0 641.0 1047.0 674.0 502.0 464.0 665.0 548.0 621.0 662.0 1027.0 449.0 685.0 0.0 440.0 385.0 441.0 1026.0 114.0 261.0 401.0 962.0 725.0 993.0 332.0 228.0 345.0 556.0 905.0 252.0 457.0 453.0 620.0 638.0 845.0 360.0 266.0 353.0 1058.0 352.0 410.0 756.0 63.0 142.0 891.0 693.0 619.0 581.0 317.0 552.0 437.0 879.0 482.0 192.0 52.0 199.0 191.0 662.0 356.0 341.0 414.0 219.0 684.0 778.0 852.0 871.0 569.0 474.0 369.0 696.0 280.0 674.0 268.0 853.0 911.0 1051.0 1025.0 667.0 231.0 703.0 569.0 384.0 457.0 810.0 921.0 834.0 1067.0 852.0 868.0 608.0 181.0 722.0 832.0 84.0 979.0 449.0 746.0 676.0 611.0 257.0 1066.0 298.0 433.0 708.0 747.0 709.0 508.0 267.0 202.0 613.0 688.0 296.0 378.0 837.0 1136.0 365.0 379.0 219.0 575.0 
812.0 161.0 425.0 415.0 770.0 100.0 631.0 538.0 672.0 682.0 190.0 166.0 452.0 584.0 200.0 422.0 634.0 242.0 342.0 440.0 0.0 119.0 567.0 618.0 409.0 649.0 115.0 531.0 301.0 676.0 484.0 357.0 98.0 311.0 687.0 190.0 131.0 230.0 698.0 199.0 617.0 628.0 339.0 632.0 636.0 238.0 520.0 376.0 380.0 383.0 460.0 605.0 232.0 236.0 656.0 114.0 558.0 738.0 377.0 562.0 481.0 408.0 533.0 234.0 613.0 215.0 612.0 486.0 336.0 677.0 573.0 479.0 300.0 439.0 163.0 257.0 569.0 496.0 469.0 539.0 865.0 690.0 639.0 333.0 227.0 264.0 357.0 215.0 192.0 383.0 847.0 397.0 651.0 730.0 838.0 306.0 478.0 627.0 404.0 410.0 551.0 224.0 358.0 243.0 350.0 634.0 663.0 295.0 487.0 299.0 309.0 556.0 604.0 409.0 363.0 426.0 490.0 196.0 232.0 435.0 725.0 165.0 68.0 264.0 380.0 
723.0 119.0 443.0 478.0 684.0 144.0 513.0 435.0 672.0 569.0 130.0 270.0 372.0 468.0 312.0 349.0 645.0 332.0 460.0 385.0 119.0 0.0 450.0 642.0 328.0 561.0 17.0 582.0 407.0 643.0 370.0 254.0 120.0 231.0 617.0 169.0 74.0 130.0 581.0 279.0 549.0 519.0 230.0 525.0 674.0 120.0 403.0 375.0 322.0 297.0 511.0 502.0 235.0 353.0 557.0 197.0 441.0 649.0 266.0 474.0 417.0 309.0 442.0 285.0 504.0 269.0 498.0 387.0 454.0 579.0 521.0 489.0 410.0 323.0 45.0 343.0 467.0 408.0 361.0 502.0 761.0 681.0 646.0 451.0 220.0 350.0 460.0 287.0 103.0 428.0 747.0 462.0 683.0 636.0 732.0 253.0 384.0 525.0 450.0 336.0 597.0 317.0 364.0 344.0 280.0 544.0 683.0 332.0 369.0 324.0 399.0 464.0 486.0 300.0 264.0 336.0 407.0 226.0 301.0 453.0 752.0 231.0 124.0 177.0 480.0 
562.0 461.0 745.0 856.0 545.0 570.0 64.0 299.0 879.0 246.0 462.0 698.0 416.0 130.0 758.0 441.0 890.0 736.0 907.0 441.0 567.0 450.0 0.0 919.0 331.0 357.0 457.0 925.0 848.0 757.0 112.0 258.0 527.0 406.0 586.0 488.0 473.0 381.0 180.0 703.0 548.0 177.0 249.0 193.0 980.0 331.0 48.0 656.0 419.0 316.0 866.0 320.0 583.0 797.0 281.0 634.0 9.0 505.0 259.0 320.0 417.0 251.0 289.0 676.0 163.0 638.0 89.0 227.0 901.0 395.0 603.0 760.0 838.0 185.0 405.0 767.0 210.0 388.0 174.0 643.0 484.0 862.0 877.0 896.0 518.0 773.0 872.0 674.0 419.0 783.0 504.0 846.0 974.0 469.0 438.0 480.0 265.0 347.0 803.0 362.0 928.0 726.0 662.0 783.0 440.0 335.0 943.0 650.0 95.0 669.0 822.0 385.0 69.0 195.0 273.0 366.0 414.0 577.0 680.0 753.0 1021.0 625.0 552.0 356.0 888.0 
712.0 753.0 199.0 264.0 672.0 522.0 965.0 669.0 142.0 851.0 529.0 717.0 517.0 841.0 541.0 483.0 69.0 800.0 687.0 1026.0 618.0 642.0 919.0 0.0 957.0 1169.0 626.0 158.0 495.0 309.0 904.0 856.0 712.0 522.0 523.0 797.0 569.0 595.0 935.0 446.0 490.0 1065.0 819.0 1077.0 82.0 695.0 886.0 277.0 964.0 924.0 200.0 703.0 407.0 674.0 1139.0 513.0 911.0 671.0 665.0 1088.0 1056.0 915.0 1051.0 386.0 1048.0 822.0 1002.0 981.0 678.0 707.0 387.0 163.0 773.0 734.0 659.0 424.0 1043.0 563.0 932.0 314.0 875.0 193.0 96.0 699.0 841.0 418.0 847.0 808.0 578.0 245.0 825.0 281.0 59.0 697.0 882.0 450.0 992.0 699.0 228.0 972.0 127.0 782.0 282.0 481.0 481.0 1150.0 50.0 907.0 827.0 322.0 411.0 603.0 908.0 874.0 876.0 558.0 535.0 813.0 826.0 190.0 110.0 771.0 685.0 812.0 871.0 
836.0 250.0 760.0 805.0 808.0 469.0 381.0 530.0 966.0 561.0 429.0 473.0 564.0 434.0 604.0 564.0 952.0 479.0 699.0 114.0 409.0 328.0 331.0 957.0 0.0 241.0 344.0 908.0 707.0 899.0 221.0 120.0 324.0 464.0 798.0 242.0 394.0 368.0 510.0 600.0 741.0 277.0 160.0 273.0 996.0 266.0 298.0 682.0 91.0 35.0 838.0 580.0 554.0 589.0 264.0 515.0 326.0 767.0 376.0 154.0 111.0 85.0 131.0 612.0 268.0 370.0 314.0 121.0 696.0 666.0 754.0 798.0 596.0 362.0 301.0 662.0 198.0 568.0 158.0 762.0 797.0 967.0 948.0 683.0 244.0 670.0 610.0 412.0 380.0 755.0 807.0 789.0 1002.0 739.0 754.0 523.0 90.0 609.0 776.0 31.0 922.0 475.0 676.0 652.0 519.0 228.0 994.0 351.0 319.0 646.0 716.0 600.0 397.0 153.0 94.0 510.0 584.0 314.0 411.0 769.0 1067.0 379.0 359.0 151.0 620.0 
918.0 491.0 976.0 1037.0 900.0 704.0 370.0 640.0 1161.0 598.0 646.0 708.0 721.0 486.0 845.0 734.0 1156.0 705.0 933.0 261.0 649.0 561.0 357.0 1169.0 241.0 0.0 576.0 1134.0 948.0 1069.0 294.0 316.0 565.0 654.0 928.0 480.0 622.0 576.0 511.0 837.0 881.0 193.0 352.0 177.0 1215.0 478.0 354.0 893.0 296.0 267.0 1066.0 672.0 777.0 825.0 92.0 753.0 358.0 859.0 532.0 88.0 209.0 257.0 120.0 843.0 201.0 595.0 284.0 190.0 931.0 750.0 917.0 1008.0 823.0 487.0 529.0 900.0 149.0 709.0 245.0 940.0 831.0 1154.0 1149.0 917.0 474.0 907.0 828.0 638.0 597.0 981.0 856.0 1022.0 1218.0 825.0 784.0 722.0 179.0 700.0 1003.0 246.0 1146.0 703.0 890.0 892.0 704.0 23.0 1203.0 558.0 406.0 869.0 955.0 723.0 419.0 298.0 299.0 667.0 731.0 544.0 634.0 985.0 1278.0 611.0 599.0 387.0 835.0 
716.0 134.0 427.0 462.0 676.0 129.0 520.0 431.0 655.0 569.0 116.0 271.0 362.0 470.0 303.0 339.0 629.0 337.0 456.0 401.0 115.0 17.0 457.0 626.0 344.0 576.0 0.0 566.0 396.0 629.0 380.0 267.0 129.0 220.0 606.0 184.0 58.0 123.0 584.0 265.0 538.0 531.0 242.0 537.0 658.0 127.0 410.0 359.0 339.0 313.0 495.0 498.0 219.0 350.0 571.0 185.0 448.0 641.0 265.0 489.0 434.0 323.0 457.0 269.0 515.0 279.0 507.0 400.0 450.0 573.0 508.0 472.0 410.0 325.0 54.0 330.0 480.0 400.0 373.0 488.0 758.0 665.0 629.0 447.0 235.0 337.0 462.0 295.0 93.0 412.0 742.0 447.0 666.0 630.0 729.0 239.0 399.0 521.0 434.0 353.0 581.0 321.0 347.0 333.0 269.0 559.0 666.0 344.0 374.0 307.0 386.0 457.0 491.0 311.0 279.0 328.0 398.0 237.0 309.0 436.0 735.0 238.0 130.0 193.0 483.0 
813.0 682.0 186.0 127.0 770.0 446.0 978.0 712.0 292.0 898.0 490.0 602.0 556.0 867.0 416.0 516.0 220.0 681.0 543.0 962.0 531.0 582.0 925.0 158.0 908.0 1134.0 566.0 0.0 354.0 437.0 892.0 819.0 629.0 520.0 624.0 719.0 514.0 566.0 971.0 340.0 578.0 1054.0 785.0 1064.0 121.0 658.0 887.0 274.0 900.0 876.0 72.0 757.0 359.0 543.0 1116.0 419.0 917.0 761.0 667.0 1049.0 998.0 878.0 1015.0 301.0 1037.0 719.0 1001.0 950.0 534.0 778.0 475.0 200.0 639.0 742.0 608.0 301.0 1021.0 609.0 909.0 398.0 960.0 341.0 245.0 557.0 758.0 294.0 712.0 699.0 540.0 154.0 915.0 146.0 149.0 781.0 960.0 446.0 956.0 759.0 132.0 918.0 32.0 665.0 265.0 352.0 491.0 1116.0 203.0 805.0 831.0 266.0 275.0 660.0 926.0 848.0 836.0 586.0 582.0 720.0 717.0 181.0 228.0 669.0 598.0 758.0 735.0 
958.0 457.0 366.0 232.0 913.0 278.0 910.0 745.0 604.0 917.0 398.0 285.0 614.0 840.0 105.0 573.0 541.0 351.0 193.0 725.0 301.0 407.0 848.0 495.0 707.0 948.0 396.0 354.0 0.0 687.0 775.0 656.0 385.0 501.0 792.0 475.0 375.0 473.0 955.0 156.0 728.0 925.0 635.0 930.0 474.0 521.0 802.0 385.0 669.0 683.0 296.0 808.0 317.0 197.0 957.0 215.0 839.0 890.0 620.0 861.0 771.0 709.0 833.0 219.0 910.0 417.0 902.0 787.0 183.0 862.0 647.0 426.0 289.0 694.0 450.0 107.0 869.0 669.0 767.0 584.0 1057.0 641.0 558.0 205.0 497.0 107.0 360.0 386.0 433.0 270.0 1026.0 215.0 502.0 895.0 1041.0 451.0 779.0 821.0 278.0 706.0 384.0 337.0 361.0 66.0 510.0 934.0 544.0 499.0 760.0 290.0 87.0 731.0 874.0 706.0 663.0 612.0 652.0 439.0 402.0 372.0 581.0 375.0 350.0 565.0 383.0 
416.0 761.0 323.0 490.0 380.0 579.0 788.0 465.0 182.0 621.0 514.0 820.0 349.0 651.0 690.0 338.0 243.0 905.0 870.0 993.0 676.0 643.0 757.0 309.0 899.0 1069.0 629.0 437.0 687.0 0.0 779.0 782.0 749.0 438.0 234.0 812.0 574.0 543.0 721.0 574.0 228.0 926.0 742.0 940.0 390.0 642.0 737.0 315.0 934.0 865.0 440.0 475.0 448.0 820.0 1018.0 604.0 751.0 387.0 538.0 999.0 1008.0 835.0 961.0 497.0 910.0 889.0 845.0 884.0 860.0 451.0 155.0 267.0 917.0 587.0 639.0 588.0 926.0 370.0 825.0 142.0 592.0 137.0 215.0 876.0 863.0 585.0 990.0 890.0 548.0 424.0 537.0 499.0 361.0 420.0 606.0 393.0 906.0 460.0 422.0 921.0 414.0 887.0 339.0 646.0 383.0 1048.0 294.0 965.0 677.0 413.0 603.0 382.0 726.0 778.0 807.0 403.0 344.0 860.0 907.0 318.0 357.0 840.0 733.0 776.0 1014.0 
640.0 362.0 719.0 810.0 617.0 502.0 169.0 349.0 881.0 344.0 409.0 603.0 431.0 219.0 681.0 446.0 883.0 634.0 818.0 332.0 484.0 370.0 112.0 904.0 221.0 294.0 380.0 892.0 775.0 779.0 0.0 150.0 432.0 382.0 635.0 384.0 407.0 329.0 290.0 638.0 587.0 163.0 149.0 173.0 958.0 255.0 78.0 632.0 307.0 204.0 828.0 387.0 537.0 707.0 240.0 563.0 107.0 576.0 246.0 237.0 313.0 139.0 201.0 623.0 146.0 533.0 129.0 128.0 812.0 469.0 626.0 742.0 740.0 193.0 326.0 704.0 148.0 416.0 67.0 653.0 582.0 871.0 873.0 805.0 411.0 710.0 770.0 571.0 361.0 744.0 596.0 798.0 957.0 544.0 538.0 455.0 164.0 415.0 764.0 251.0 898.0 625.0 633.0 712.0 427.0 272.0 933.0 540.0 115.0 628.0 759.0 430.0 177.0 86.0 163.0 376.0 438.0 472.0 575.0 727.0 1010.0 523.0 460.0 252.0 785.0 
722.0 219.0 661.0 724.0 692.0 396.0 317.0 414.0 856.0 463.0 331.0 460.0 445.0 338.0 557.0 446.0 846.0 487.0 679.0 228.0 357.0 254.0 258.0 856.0 120.0 316.0 267.0 819.0 656.0 782.0 150.0 0.0 292.0 351.0 679.0 236.0 309.0 262.0 429.0 531.0 621.0 273.0 41.0 276.0 900.0 163.0 215.0 580.0 184.0 88.0 751.0 468.0 461.0 568.0 305.0 450.0 251.0 652.0 257.0 232.0 230.0 59.0 197.0 531.0 258.0 384.0 272.0 134.0 675.0 553.0 636.0 695.0 595.0 247.0 217.0 596.0 214.0 449.0 115.0 646.0 695.0 854.0 840.0 666.0 262.0 603.0 623.0 422.0 281.0 666.0 700.0 709.0 903.0 625.0 654.0 413.0 137.0 496.0 688.0 147.0 830.0 478.0 575.0 595.0 404.0 298.0 891.0 392.0 219.0 554.0 652.0 482.0 317.0 64.0 27.0 391.0 464.0 324.0 427.0 670.0 965.0 377.0 323.0 105.0 637.0 
843.0 76.0 516.0 512.0 803.0 190.0 591.0 551.0 759.0 675.0 240.0 172.0 491.0 566.0 281.0 467.0 724.0 219.0 388.0 345.0 98.0 120.0 527.0 712.0 324.0 565.0 129.0 629.0 385.0 749.0 432.0 292.0 0.0 349.0 735.0 93.0 177.0 249.0 675.0 295.0 666.0 564.0 284.0 566.0 732.0 214.0 480.0 461.0 286.0 302.0 557.0 618.0 315.0 276.0 580.0 211.0 519.0 768.0 378.0 478.0 388.0 337.0 453.0 331.0 550.0 150.0 560.0 414.0 383.0 696.0 634.0 569.0 311.0 427.0 152.0 352.0 499.0 527.0 406.0 609.0 876.0 774.0 728.0 374.0 130.0 359.0 352.0 169.0 221.0 480.0 863.0 494.0 746.0 755.0 844.0 364.0 400.0 642.0 501.0 322.0 648.0 206.0 445.0 332.0 397.0 552.0 756.0 218.0 458.0 391.0 403.0 583.0 573.0 351.0 293.0 455.0 526.0 112.0 182.0 526.0 819.0 112.0 35.0 191.0 371.0 
502.0 340.0 340.0 457.0 460.0 247.0 459.0 246.0 508.0 419.0 122.0 476.0 143.0 357.0 437.0 119.0 503.0 550.0 621.0 556.0 311.0 231.0 406.0 522.0 464.0 654.0 220.0 520.0 501.0 438.0 382.0 351.0 349.0 0.0 387.0 392.0 181.0 110.0 469.0 345.0 318.0 544.0 311.0 555.0 578.0 204.0 369.0 252.0 497.0 430.0 462.0 310.0 193.0 529.0 618.0 306.0 398.0 428.0 148.0 577.0 572.0 406.0 539.0 295.0 527.0 499.0 484.0 465.0 612.0 373.0 300.0 360.0 607.0 224.0 213.0 402.0 522.0 186.0 413.0 298.0 567.0 504.0 495.0 617.0 443.0 406.0 667.0 513.0 128.0 380.0 543.0 449.0 575.0 421.0 545.0 75.0 481.0 327.0 399.0 485.0 523.0 533.0 256.0 436.0 56.0 634.0 552.0 562.0 312.0 268.0 452.0 247.0 409.0 357.0 374.0 118.0 180.0 456.0 528.0 348.0 629.0 457.0 347.0 340.0 690.0 
191.0 724.0 465.0 641.0 150.0 605.0 604.0 289.0 411.0 409.0 500.0 849.0 248.0 465.0 764.0 268.0 463.0 928.0 954.0 905.0 687.0 617.0 586.0 523.0 798.0 928.0 606.0 624.0 792.0 234.0 635.0 679.0 735.0 387.0 0.0 775.0 562.0 492.0 514.0 651.0 70.0 763.0 640.0 778.0 604.0 572.0 577.0 412.0 853.0 766.0 606.0 273.0 493.0 881.0 863.0 650.0 582.0 154.0 423.0 869.0 909.0 722.0 832.0 577.0 748.0 884.0 674.0 755.0 945.0 228.0 152.0 427.0 969.0 446.0 597.0 686.0 779.0 231.0 692.0 228.0 359.0 370.0 438.0 955.0 826.0 686.0 1035.0 896.0 514.0 561.0 305.0 645.0 580.0 187.0 373.0 382.0 784.0 252.0 568.0 825.0 607.0 910.0 436.0 738.0 339.0 906.0 518.0 948.0 522.0 503.0 717.0 206.0 542.0 657.0 705.0 295.0 219.0 842.0 912.0 464.0 586.0 841.0 730.0 704.0 1059.0 
866.0 53.0 600.0 604.0 829.0 276.0 550.0 563.0 836.0 664.0 299.0 233.0 528.0 547.0 370.0 510.0 806.0 251.0 458.0 252.0 190.0 169.0 488.0 797.0 242.0 480.0 184.0 719.0 475.0 812.0 384.0 236.0 93.0 392.0 775.0 0.0 241.0 284.0 650.0 388.0 709.0 499.0 240.0 499.0 821.0 215.0 443.0 538.0 195.0 225.0 648.0 627.0 394.0 348.0 504.0 303.0 481.0 791.0 386.0 395.0 296.0 270.0 372.0 420.0 486.0 150.0 508.0 343.0 454.0 709.0 688.0 649.0 362.0 420.0 180.0 445.0 428.0 556.0 347.0 671.0 879.0 848.0 808.0 442.0 52.0 452.0 387.0 187.0 268.0 569.0 873.0 587.0 833.0 774.0 844.0 421.0 325.0 654.0 591.0 235.0 738.0 243.0 524.0 424.0 444.0 469.0 840.0 180.0 431.0 475.0 495.0 607.0 541.0 299.0 229.0 485.0 560.0 90.0 192.0 609.0 905.0 142.0 128.0 133.0 401.0 
682.0 191.0 370.0 416.0 641.0 97.0 536.0 410.0 598.0 561.0 64.0 296.0 323.0 471.0 290.0 295.0 572.0 369.0 459.0 457.0 131.0 74.0 473.0 569.0 394.0 622.0 58.0 514.0 375.0 574.0 407.0 309.0 177.0 181.0 562.0 241.0 0.0 105.0 586.0 232.0 493.0 564.0 279.0 571.0 603.0 154.0 428.0 301.0 395.0 362.0 445.0 477.0 163.0 359.0 611.0 161.0 464.0 608.0 256.0 536.0 488.0 367.0 503.0 223.0 548.0 324.0 531.0 442.0 451.0 547.0 457.0 415.0 430.0 324.0 94.0 297.0 518.0 365.0 409.0 434.0 736.0 608.0 572.0 452.0 291.0 303.0 488.0 335.0 65.0 361.0 717.0 401.0 611.0 599.0 710.0 187.0 444.0 497.0 383.0 405.0 528.0 353.0 290.0 310.0 223.0 605.0 609.0 394.0 386.0 253.0 353.0 425.0 501.0 346.0 323.0 295.0 361.0 288.0 350.0 380.0 679.0 279.0 169.0 245.0 510.0 
594.0 232.0 401.0 482.0 555.0 197.0 441.0 310.0 598.0 457.0 82.0 392.0 245.0 368.0 393.0 227.0 585.0 459.0 563.0 453.0 230.0 130.0 381.0 595.0 368.0 576.0 123.0 566.0 473.0 543.0 329.0 262.0 249.0 110.0 492.0 284.0 105.0 0.0 483.0 324.0 425.0 490.0 225.0 499.0 640.0 103.0 337.0 318.0 393.0 334.0 501.0 377.0 209.0 462.0 551.0 262.0 372.0 519.0 152.0 494.0 473.0 320.0 457.0 297.0 473.0 398.0 446.0 388.0 556.0 451.0 409.0 433.0 529.0 221.0 105.0 388.0 455.0 279.0 344.0 402.0 637.0 600.0 580.0 556.0 335.0 393.0 584.0 416.0 41.0 416.0 620.0 470.0 643.0 507.0 609.0 156.0 398.0 399.0 437.0 386.0 575.0 444.0 315.0 407.0 164.0 556.0 629.0 457.0 290.0 301.0 442.0 335.0 402.0 283.0 283.0 207.0 279.0 352.0 430.0 410.0 704.0 360.0 252.0 235.0 605.0 
437.0 616.0 786.0 923.0 432.0 680.0 143.0 267.0 869.0 108.0 557.0 844.0 420.0 115.0 875.0 457.0 895.0 891.0 1039.0 620.0 698.0 581.0 180.0 935.0 510.0 511.0 584.0 971.0 955.0 721.0 290.0 429.0 675.0 469.0 514.0 650.0 586.0 483.0 0.0 802.0 495.0 320.0 413.0 335.0 1005.0 465.0 216.0 698.0 597.0 494.0 921.0 247.0 660.0 933.0 425.0 745.0 185.0 397.0 335.0 490.0 596.0 429.0 463.0 761.0 311.0 798.0 229.0 405.0 1033.0 292.0 575.0 786.0 985.0 263.0 537.0 864.0 376.0 373.0 353.0 632.0 322.0 842.0 877.0 1030.0 685.0 868.0 1026.0 832.0 524.0 843.0 353.0 916.0 993.0 357.0 274.0 536.0 444.0 264.0 861.0 541.0 968.0 879.0 710.0 889.0 483.0 491.0 951.0 819.0 219.0 734.0 916.0 342.0 114.0 369.0 447.0 386.0 402.0 739.0 840.0 791.0 1028.0 780.0 695.0 521.0 1044.0 
810.0 357.0 271.0 218.0 765.0 137.0 764.0 589.0 525.0 762.0 246.0 272.0 460.0 687.0 117.0 420.0 474.0 355.0 304.0 638.0 199.0 279.0 703.0 446.0 600.0 837.0 265.0 340.0 156.0 574.0 638.0 531.0 295.0 345.0 651.0 388.0 232.0 324.0 802.0 0.0 585.0 794.0 506.0 800.0 451.0 384.0 657.0 260.0 577.0 571.0 268.0 652.0 164.0 247.0 835.0 86.0 694.0 740.0 468.0 750.0 678.0 587.0 719.0 78.0 778.0 381.0 762.0 665.0 295.0 708.0 512.0 333.0 345.0 542.0 317.0 66.0 744.0 515.0 637.0 456.0 903.0 554.0 486.0 307.0 423.0 72.0 419.0 363.0 285.0 202.0 873.0 200.0 470.0 743.0 886.0 297.0 662.0 666.0 220.0 604.0 362.0 338.0 236.0 92.0 356.0 821.0 493.0 467.0 613.0 162.0 122.0 577.0 725.0 575.0 542.0 457.0 498.0 381.0 382.0 280.0 547.0 330.0 263.0 451.0 444.0 
239.0 657.0 411.0 585.0 194.0 535.0 572.0 250.0 392.0 395.0 430.0 780.0 183.0 433.0 697.0 200.0 435.0 858.0 887.0 845.0 617.0 549.0 548.0 490.0 741.0 881.0 538.0 578.0 728.0 228.0 587.0 621.0 666.0 318.0 70.0 709.0 493.0 425.0 495.0 585.0 0.0 722.0 582.0 737.0 570.0 507.0 534.0 351.0 792.0 708.0 554.0 249.0 425.0 812.0 820.0 582.0 543.0 184.0 365.0 819.0 851.0 667.0 781.0 511.0 707.0 815.0 636.0 703.0 877.0 225.0 104.0 379.0 900.0 395.0 530.0 621.0 733.0 174.0 641.0 181.0 387.0 357.0 411.0 888.0 759.0 621.0 966.0 827.0 446.0 504.0 338.0 588.0 548.0 207.0 393.0 313.0 731.0 233.0 512.0 767.0 563.0 841.0 375.0 672.0 270.0 859.0 491.0 880.0 477.0 439.0 655.0 164.0 510.0 603.0 647.0 233.0 157.0 774.0 843.0 411.0 563.0 772.0 661.0 641.0 990.0 
735.0 489.0 882.0 972.0 720.0 657.0 180.0 475.0 1038.0 409.0 570.0 728.0 580.0 305.0 827.0 600.0 1043.0 747.0 950.0 360.0 628.0 519.0 177.0 1065.0 277.0 193.0 531.0 1054.0 925.0 926.0 163.0 273.0 564.0 544.0 763.0 499.0 564.0 490.0 320.0 794.0 722.0 0.0 290.0 17.0 1120.0 411.0 190.0 794.0 364.0 280.0 991.0 497.0 699.0 839.0 107.0 715.0 181.0 680.0 403.0 187.0 320.0 229.0 172.0 782.0 18.0 639.0 94.0 158.0 946.0 570.0 772.0 904.0 860.0 341.0 478.0 859.0 81.0 558.0 159.0 806.0 640.0 1024.0 1032.0 936.0 512.0 865.0 880.0 680.0 521.0 906.0 667.0 959.0 1118.0 644.0 592.0 617.0 187.0 524.0 927.0 300.0 1061.0 741.0 796.0 863.0 586.0 173.0 1093.0 627.0 250.0 790.0 915.0 560.0 233.0 220.0 272.0 527.0 583.0 580.0 682.0 890.0 1171.0 640.0 595.0 374.0 892.0 
687.0 214.0 625.0 693.0 657.0 369.0 311.0 378.0 817.0 439.0 296.0 454.0 404.0 316.0 538.0 406.0 807.0 488.0 669.0 266.0 339.0 230.0 249.0 819.0 160.0 352.0 242.0 785.0 635.0 742.0 149.0 41.0 284.0 311.0 640.0 240.0 279.0 225.0 413.0 506.0 582.0 290.0 0.0 296.0 864.0 128.0 204.0 542.0 218.0 127.0 718.0 434.0 427.0 559.0 333.0 426.0 241.0 616.0 217.0 270.0 270.0 97.0 233.0 500.0 275.0 389.0 277.0 165.0 664.0 519.0 595.0 657.0 592.0 214.0 189.0 571.0 240.0 410.0 132.0 606.0 667.0 814.0 802.0 657.0 272.0 577.0 624.0 425.0 246.0 633.0 670.0 679.0 867.0 591.0 628.0 374.0 174.0 463.0 655.0 185.0 796.0 478.0 539.0 573.0 364.0 332.0 853.0 406.0 197.0 520.0 627.0 444.0 303.0 71.0 66.0 351.0 425.0 329.0 431.0 634.0 927.0 376.0 311.0 109.0 640.0 
751.0 491.0 892.0 980.0 736.0 663.0 196.0 490.0 1051.0 425.0 578.0 729.0 594.0 321.0 831.0 613.0 1055.0 746.0 952.0 353.0 632.0 525.0 193.0 1077.0 273.0 177.0 537.0 1064.0 930.0 940.0 173.0 276.0 566.0 555.0 778.0 499.0 571.0 499.0 335.0 800.0 737.0 17.0 296.0 0.0 1131.0 418.0 204.0 805.0 358.0 278.0 1000.0 513.0 708.0 841.0 91.0 721.0 196.0 696.0 415.0 176.0 311.0 230.0 163.0 790.0 31.0 638.0 111.0 156.0 948.0 586.0 786.0 915.0 860.0 354.0 484.0 865.0 75.0 572.0 164.0 819.0 656.0 1038.0 1044.0 937.0 511.0 872.0 879.0 679.0 529.0 915.0 683.0 967.0 1129.0 660.0 608.0 628.0 183.0 539.0 936.0 295.0 1071.0 740.0 806.0 868.0 598.0 158.0 1105.0 623.0 264.0 799.0 921.0 575.0 249.0 226.0 273.0 541.0 597.0 579.0 680.0 900.0 1182.0 640.0 597.0 375.0 890.0 
794.0 780.0 240.0 245.0 753.0 545.0 1028.0 740.0 218.0 924.0 570.0 718.0 586.0 908.0 534.0 550.0 149.0 798.0 663.0 1058.0 636.0 674.0 980.0 82.0 996.0 1215.0 658.0 121.0 474.0 390.0 958.0 900.0 732.0 578.0 604.0 821.0 603.0 640.0 1005.0 451.0 570.0 1120.0 864.0 1131.0 0.0 738.0 945.0 327.0 996.0 963.0 185.0 777.0 442.0 662.0 1190.0 526.0 972.0 751.0 723.0 1132.0 1090.0 959.0 1096.0 402.0 1103.0 831.0 1060.0 1028.0 654.0 785.0 467.0 221.0 759.0 795.0 696.0 418.0 1094.0 634.0 982.0 392.0 956.0 270.0 176.0 677.0 862.0 411.0 832.0 813.0 619.0 253.0 906.0 264.0 36.0 777.0 961.0 504.0 1037.0 774.0 233.0 1008.0 92.0 782.0 327.0 470.0 540.0 1196.0 107.0 917.0 887.0 351.0 394.0 677.0 972.0 923.0 918.0 624.0 606.0 828.0 831.0 232.0 109.0 780.0 703.0 848.0 855.0 
652.0 168.0 499.0 565.0 615.0 248.0 394.0 349.0 701.0 461.0 169.0 380.0 325.0 353.0 429.0 315.0 687.0 432.0 579.0 352.0 238.0 120.0 331.0 695.0 266.0 478.0 127.0 658.0 521.0 642.0 255.0 163.0 214.0 204.0 572.0 215.0 154.0 103.0 465.0 384.0 507.0 411.0 128.0 418.0 738.0 0.0 284.0 419.0 293.0 232.0 590.0 413.0 299.0 471.0 461.0 308.0 322.0 577.0 171.0 395.0 371.0 222.0 359.0 374.0 395.0 352.0 381.0 293.0 573.0 495.0 503.0 534.0 521.0 214.0 75.0 449.0 366.0 346.0 256.0 502.0 667.0 702.0 683.0 568.0 263.0 456.0 565.0 379.0 119.0 505.0 659.0 552.0 742.0 559.0 634.0 258.0 299.0 439.0 527.0 284.0 668.0 419.0 414.0 457.0 260.0 459.0 730.0 395.0 251.0 392.0 505.0 394.0 367.0 194.0 182.0 278.0 354.0 297.0 390.0 508.0 804.0 323.0 231.0 136.0 584.0 
568.0 414.0 708.0 815.0 548.0 525.0 112.0 289.0 851.0 266.0 418.0 651.0 391.0 142.0 712.0 413.0 859.0 690.0 860.0 410.0 520.0 403.0 48.0 886.0 298.0 354.0 410.0 887.0 802.0 737.0 78.0 215.0 480.0 369.0 577.0 443.0 428.0 337.0 216.0 657.0 534.0 190.0 204.0 204.0 945.0 284.0 0.0 620.0 383.0 279.0 827.0 319.0 541.0 750.0 286.0 588.0 39.0 507.0 222.0 307.0 390.0 215.0 273.0 633.0 174.0 592.0 116.0 203.0 854.0 398.0 583.0 725.0 791.0 154.0 358.0 722.0 205.0 368.0 144.0 618.0 505.0 836.0 847.0 848.0 474.0 728.0 826.0 628.0 374.0 743.0 520.0 804.0 940.0 474.0 460.0 443.0 240.0 347.0 763.0 328.0 891.0 680.0 624.0 737.0 406.0 332.0 911.0 606.0 61.0 628.0 777.0 373.0 102.0 154.0 233.0 339.0 393.0 532.0 634.0 716.0 989.0 578.0 505.0 311.0 842.0 
588.0 491.0 90.0 241.0 543.0 277.0 707.0 442.0 298.0 628.0 255.0 510.0 287.0 594.0 376.0 246.0 271.0 595.0 560.0 756.0 376.0 375.0 656.0 277.0 682.0 893.0 359.0 274.0 385.0 315.0 632.0 580.0 461.0 252.0 412.0 538.0 301.0 318.0 698.0 260.0 351.0 794.0 542.0 805.0 327.0 419.0 620.0 0.0 694.0 649.0 226.0 491.0 146.0 506.0 864.0 292.0 648.0 526.0 398.0 811.0 783.0 638.0 775.0 182.0 777.0 590.0 735.0 704.0 550.0 522.0 263.0 116.0 603.0 472.0 387.0 281.0 768.0 342.0 657.0 199.0 713.0 314.0 271.0 565.0 586.0 279.0 675.0 586.0 303.0 158.0 673.0 241.0 326.0 538.0 706.0 178.0 716.0 496.0 170.0 698.0 273.0 576.0 25.0 337.0 219.0 873.0 313.0 671.0 562.0 99.0 307.0 397.0 654.0 598.0 600.0 313.0 317.0 569.0 603.0 97.0 386.0 539.0 440.0 539.0 700.0 
904.0 221.0 765.0 790.0 874.0 455.0 470.0 595.0 986.0 642.0 440.0 415.0 611.0 516.0 565.0 606.0 964.0 409.0 639.0 63.0 380.0 322.0 419.0 964.0 91.0 296.0 339.0 900.0 669.0 934.0 307.0 184.0 286.0 497.0 853.0 195.0 395.0 393.0 597.0 577.0 792.0 364.0 218.0 358.0 996.0 293.0 383.0 694.0 0.0 105.0 829.0 651.0 557.0 532.0 338.0 492.0 413.0 834.0 431.0 217.0 102.0 169.0 205.0 600.0 356.0 299.0 404.0 210.0 637.0 736.0 794.0 808.0 528.0 430.0 307.0 636.0 284.0 623.0 247.0 794.0 877.0 990.0 963.0 622.0 180.0 644.0 534.0 342.0 395.0 748.0 883.0 773.0 1005.0 808.0 835.0 547.0 177.0 679.0 769.0 64.0 917.0 407.0 684.0 618.0 552.0 289.0 1003.0 269.0 399.0 645.0 688.0 660.0 484.0 233.0 159.0 559.0 635.0 248.0 339.0 775.0 1073.0 317.0 321.0 159.0 542.0 
807.0 227.0 726.0 774.0 778.0 440.0 369.0 500.0 932.0 539.0 395.0 457.0 530.0 412.0 580.0 530.0 918.0 468.0 681.0 142.0 383.0 297.0 316.0 924.0 35.0 267.0 313.0 876.0 683.0 865.0 204.0 88.0 302.0 430.0 766.0 225.0 362.0 334.0 494.0 571.0 708.0 280.0 127.0 278.0 963.0 232.0 279.0 649.0 105.0 0.0 807.0 552.0 522.0 571.0 280.0 487.0 310.0 738.0 343.0 179.0 145.0 65.0 151.0 581.0 270.0 360.0 308.0 123.0 678.0 638.0 720.0 764.0 583.0 333.0 269.0 634.0 206.0 536.0 146.0 727.0 774.0 932.0 914.0 666.0 233.0 642.0 601.0 401.0 347.0 723.0 782.0 759.0 969.0 711.0 732.0 489.0 101.0 581.0 745.0 60.0 890.0 463.0 642.0 626.0 484.0 252.0 961.0 349.0 295.0 614.0 689.0 569.0 380.0 129.0 62.0 477.0 551.0 302.0 402.0 736.0 1033.0 364.0 336.0 121.0 612.0 
