200 0.0 5
1 23 835
2 155 722
3 219 662
4 243 765
5 931 546
6 900 681
7 120 499
8 220 407
9 449 254
10 23 373
11 393 244
12 766 721
13 367 914
14 90 860
15 177 481
16 112 305
17 582 498
18 786 727
19 729 902
20 337 496
21 376 873
22 61 844
23 777 850
24 86 598
25 945 760
26 79 144
27 728 359
28 17 707
29 760 496
30 357 266
31 992 117
32 493 888
33 949 481
34 909 997
35 489 168
36 746 152
37 909 120
38 590 481
39 579 594
40 430 378
41 623 430
42 456 902
43 522 668
44 341 340
45 16 272
46 370 865
47 652 987
48 88 404
49 601 827
50 604 577
51 574 514
52 616 308
53 521 245
54 303 161
55 875 202
56 736 795
57 895 572
58 539 45
59 883 148
60 426 82
61 107 907
62 975 558
63 1000 53
64 545 335
65 374 773
66 651 47
67 33 690
68 78 47
69 425 806
70 339 236
71 843 332
72 699 350
73 32 592
74 611 275
75 452 21
76 75 682
77 786 135
78 124 328
79 934 827
80 38 451
81 98 652
82 514 557
83 796 546
84 924 217
85 47 305
86 507 508
87 482 876
88 528 166
89 537 937
90 911 729
91 747 387
92 861 433
93 86 895
94 736 870
95 727 678
96 535 531
97 15 635
98 823 90
99 653 469
100 585 974
101 57 481
102 234 159
103 250 892
104 872 82
105 878 51
106 72 281
107 826 973
108 742 757
109 83 801
110 649 596
111 182 543
112 4 192
113 751 132
114 451 715
115 233 195
116 935 705
117 540 988
118 104 577
119 967 419
120 614 475
121 470 258
122 877 384
123 970 936
124 803 750
125 281 706
126 359 502
127 942 650
128 922 806
129 593 814
130 165 729
131 520 966
132 907 646
133 38 582
134 339 476
135 945 504
136 161 710
137 231 844
138 772 835
139 463 910
140 902 240
141 1 11
142 156 606
143 222 28
144 395 647
145 879 473
146 644 790
147 818 830
148 879 22
149 431 120
150 863 662
151 9 192
152 526 882
153 521 283
154 154 936
155 577 761
156 591 870
157 132 398
158 959 47
159 349 242
160 984 431
161 803 19
162 244 892
163 917 1000
164 400 615
165 240 812
166 984 493
167 344 897
168 662 781
169 774 893
170 145 391
171 413 932
172 602 104
173 73 905
174 921 807
175 486 481
176 396 79
177 337 133
178 633 845
179 32 360
180 311 18
181 861 811
182 173 854
183 631 695
184 250 502
185 450 739
186 348 301
187 769 18
188 675 916
189 55 271
190 725 845
191 168 560
192 175 649
193 286 891
194 365 919
195 211 764
196 959 171
197 176 960
198 540 402
199 871 804
200 270 306
opening costs
28 737 433 615 682 220 452 309 462 590 398 731 560 330 717 243 821 468 456 191 491 295 225 501 381 959 623 606 99 768 757 760 429 579 680 113 360 153 868 321 531 745 676 718 292 581 267 49 36 137 1000 848 825 490 683 807 800 26 902 278 397 502 62 811 627 617 68 257 867 743 171 410 940 394 83 583 855 897 942 825 240 129 643 60 16 315 58 291 982 263 727 151 933 111 274 720 585 527 629 265 320 202 6 322 469 115 73 321 489 64 802 344 180 994 98 297 344 241 267 597 235 345 685 679 141 647 778 593 70 909 470 715 562 38 358 892 500 482 766 244 694 423 425 71 260 376 720 630 524 722 991 81 771 125 913 315 641 226 148 63 192 911 810 916 919 640 776 753 403 584 642 615 84 128 141 582 12 541 382 5 140 507 744 194 353 363 903 89 337 495 215 802 162 524 511 265 7 956 727 340 
star costs
0.0 174.0 262.0 231.0 953.0 891.0 350.0 472.0 721.0 462.0 698.0 752.0 353.0 72.0 387.0 538.0 653.0 771.0 710.0 463.0 356.0 40.0 755.0 246.0 926.0 694.0 851.0 129.0 812.0 660.0 1207.0 473.0 992.0 901.0 814.0 995.0 1139.0 669.0 606.0 612.0 724.0 439.0 527.0 589.0 564.0 349.0 648.0 436.0 579.0 636.0 638.0 794.0 773.0 730.0 1062.0 715.0 911.0 944.0 1101.0 855.0 111.0 992.0 1252.0 723.0 357.0 1008.0 146.0 790.0 404.0 678.0 962.0 832.0 244.0 812.0 921.0 162.0 1036.0 517.0 912.0 385.0 198.0 565.0 826.0 1093.0 531.0 585.0 461.0 839.0 525.0 895.0 852.0 930.0 87.0 714.0 722.0 596.0 201.0 1094.0 729.0 579.0 356.0 709.0 235.0 1135.0 1161.0 557.0 815.0 724.0 69.0 671.0 333.0 644.0 1013.0 445.0 674.0 922.0 540.0 271.0 1032.0 693.0 730.0 966.0 953.0 785.0 289.0 474.0 938.0 900.0 571.0 178.0 514.0 904.0 254.0 479.0 980.0 187.0 209.0 749.0 447.0 1062.0 825.0 265.0 832.0 417.0 930.0 623.0 796.0 1181.0 824.0 858.0 644.0 506.0 744.0 166.0 559.0 570.0 451.0 1224.0 677.0 1043.0 1129.0 229.0 910.0 437.0 219.0 1021.0 327.0 642.0 754.0 461.0 402.0 933.0 87.0 899.0 583.0 844.0 770.0 611.0 476.0 867.0 839.0 152.0 624.0 404.0 438.0 626.0 1107.0 658.0 565.0 703.0 311.0 241.0 269.0 353.0 201.0 1148.0 198.0 675.0 849.0 584.0 
174.0 0.0 88.0 98.0 796.0 747.0 226.0 322.0 553.0 374.0 534.0 612.0 287.0 153.0 243.0 420.0 483.0 632.0 602.0 291.0 268.0 155.0 636.0 142.0 791.0 583.0 679.0 139.0 646.0 499.0 1033.0 377.0 830.0 803.0 647.0 822.0 965.0 498.0 443.0 441.0 552.0 351.0 371.0 425.0 471.0 259.0 564.0 325.0 459.0 472.0 468.0 620.0 602.0 581.0 889.0 586.0 756.0 779.0 928.0 696.0 192.0 837.0 1078.0 550.0 225.0 838.0 127.0 680.0 283.0 520.0 791.0 660.0 179.0 639.0 762.0 90.0 862.0 396.0 787.0 296.0 91.0 396.0 665.0 920.0 431.0 412.0 362.0 670.0 439.0 757.0 681.0 763.0 187.0 600.0 574.0 426.0 165.0 920.0 559.0 499.0 261.0 569.0 195.0 962.0 987.0 449.0 717.0 589.0 107.0 510.0 182.0 552.0 839.0 297.0 533.0 781.0 468.0 154.0 867.0 522.0 561.0 798.0 843.0 649.0 128.0 301.0 791.0 772.0 448.0 13.0 440.0 756.0 183.0 308.0 820.0 14.0 144.0 628.0 361.0 890.0 728.0 117.0 698.0 252.0 766.0 494.0 672.0 1008.0 663.0 711.0 550.0 405.0 572.0 215.0 424.0 461.0 325.0 1050.0 518.0 879.0 957.0 192.0 812.0 268.0 124.0 861.0 258.0 511.0 643.0 332.0 333.0 763.0 201.0 771.0 410.0 687.0 617.0 494.0 383.0 722.0 712.0 134.0 477.0 240.0 296.0 464.0 935.0 556.0 462.0 584.0 163.0 76.0 214.0 288.0 70.0 975.0 239.0 501.0 721.0 432.0 
262.0 88.0 0.0 106.0 722.0 682.0 191.0 256.0 469.0 350.0 453.0 551.0 293.0 237.0 186.0 373.0 399.0 571.0 564.0 204.0 264.0 242.0 589.0 148.0 733.0 537.0 593.0 207.0 566.0 420.0 946.0 356.0 753.0 768.0 563.0 734.0 878.0 413.0 367.0 354.0 466.0 338.0 304.0 345.0 440.0 254.0 542.0 290.0 417.0 395.0 385.0 532.0 515.0 508.0 802.0 534.0 682.0 696.0 840.0 616.0 270.0 764.0 991.0 462.0 191.0 752.0 189.0 631.0 252.0 443.0 706.0 573.0 200.0 551.0 683.0 146.0 775.0 348.0 734.0 278.0 122.0 314.0 589.0 834.0 397.0 327.0 340.0 585.0 421.0 696.0 596.0 682.0 269.0 558.0 509.0 343.0 206.0 832.0 475.0 481.0 243.0 504.0 233.0 874.0 899.0 409.0 683.0 532.0 195.0 436.0 125.0 517.0 751.0 238.0 468.0 718.0 458.0 144.0 787.0 438.0 476.0 715.0 800.0 591.0 77.0 213.0 724.0 718.0 404.0 87.0 428.0 689.0 198.0 222.0 743.0 76.0 183.0 580.0 348.0 803.0 687.0 85.0 635.0 177.0 687.0 444.0 623.0 920.0 582.0 644.0 515.0 378.0 485.0 282.0 372.0 427.0 278.0 963.0 440.0 800.0 869.0 232.0 776.0 188.0 152.0 784.0 267.0 459.0 602.0 281.0 333.0 677.0 284.0 717.0 323.0 610.0 543.0 453.0 356.0 651.0 660.0 198.0 414.0 163.0 244.0 384.0 847.0 522.0 425.0 539.0 115.0 46.0 239.0 296.0 103.0 889.0 302.0 414.0 668.0 360.0 
231.0 98.0 106.0 0.0 723.0 663.0 294.0 359.0 551.0 450.0 543.0 525.0 194.0 181.0 292.0 479.0 432.0 545.0 505.0 285.0 172.0 199.0 541.0 230.0 703.0 643.0 633.0 234.0 583.0 512.0 991.0 279.0 761.0 706.0 646.0 793.0 928.0 449.0 378.0 430.0 507.0 254.0 296.0 437.0 543.0 162.0 466.0 393.0 364.0 408.0 416.0 590.0 590.0 607.0 847.0 494.0 680.0 779.0 889.0 708.0 197.0 761.0 1040.0 526.0 132.0 826.0 223.0 737.0 187.0 538.0 740.0 617.0 273.0 613.0 773.0 188.0 832.0 453.0 694.0 375.0 184.0 342.0 595.0 875.0 501.0 369.0 264.0 664.0 341.0 669.0 630.0 702.0 204.0 505.0 492.0 375.0 263.0 890.0 506.0 401.0 340.0 607.0 128.0 929.0 956.0 514.0 619.0 500.0 164.0 440.0 231.0 621.0 812.0 214.0 571.0 695.0 372.0 234.0 803.0 471.0 556.0 740.0 747.0 561.0 71.0 288.0 709.0 681.0 354.0 86.0 343.0 675.0 275.0 305.0 749.0 99.0 80.0 534.0 264.0 843.0 792.0 182.0 738.0 193.0 700.0 402.0 579.0 979.0 672.0 629.0 619.0 307.0 557.0 193.0 335.0 364.0 384.0 1014.0 534.0 813.0 933.0 128.0 714.0 218.0 48.0 790.0 167.0 420.0 547.0 387.0 239.0 753.0 221.0 680.0 374.0 703.0 639.0 399.0 457.0 751.0 620.0 114.0 395.0 264.0 209.0 476.0 914.0 458.0 529.0 489.0 219.0 135.0 134.0 197.0 33.0 931.0 207.0 470.0 630.0 460.0 
953.0 796.0 722.0 723.0 0.0 139.0 813.0 725.0 564.0 925.0 617.0 241.0 674.0 898.0 757.0 854.0 353.0 232.0 410.0 597.0 645.0 920.0 341.0 847.0 215.0 943.0 277.0 929.0 179.0 639.0 434.0 556.0 68.0 452.0 582.0 436.0 427.0 348.0 356.0 529.0 330.0 594.0 427.0 625.0 956.0 646.0 522.0 855.0 434.0 329.0 359.0 395.0 509.0 737.0 349.0 317.0 45.0 637.0 401.0 686.0 900.0 46.0 498.0 440.0 602.0 573.0 910.0 989.0 569.0 669.0 232.0 304.0 901.0 420.0 711.0 867.0 436.0 836.0 282.0 899.0 840.0 418.0 135.0 330.0 917.0 426.0 558.0 554.0 556.0 185.0 244.0 133.0 915.0 379.0 243.0 397.0 921.0 469.0 289.0 551.0 877.0 798.0 764.0 468.0 498.0 899.0 440.0 284.0 886.0 287.0 750.0 993.0 452.0 509.0 782.0 160.0 591.0 828.0 133.0 325.0 544.0 171.0 392.0 241.0 670.0 574.0 105.0 261.0 432.0 788.0 588.0 103.0 894.0 597.0 45.0 788.0 761.0 330.0 593.0 308.0 1073.0 778.0 879.0 546.0 90.0 377.0 306.0 527.0 657.0 135.0 988.0 527.0 488.0 870.0 415.0 470.0 813.0 500.0 657.0 127.0 543.0 770.0 455.0 536.0 741.0 75.0 684.0 358.0 381.0 802.0 647.0 552.0 931.0 262.0 450.0 711.0 724.0 423.0 919.0 815.0 275.0 819.0 335.0 683.0 519.0 633.0 553.0 450.0 919.0 364.0 764.0 763.0 732.0 678.0 753.0 377.0 862.0 417.0 265.0 704.0 
891.0 747.0 682.0 663.0 139.0 0.0 801.0 734.0 622.0 930.0 670.0 140.0 582.0 830.0 751.0 874.0 367.0 123.0 280.0 593.0 559.0 855.0 210.0 819.0 91.0 982.0 366.0 884.0 233.0 684.0 572.0 457.0 206.0 317.0 658.0 551.0 562.0 369.0 333.0 560.0 374.0 496.0 379.0 655.0 975.0 562.0 394.0 858.0 333.0 314.0 367.0 469.0 578.0 792.0 480.0 200.0 110.0 732.0 534.0 764.0 825.0 145.0 636.0 496.0 534.0 682.0 868.0 1039.0 492.0 717.0 354.0 388.0 873.0 499.0 798.0 826.0 558.0 853.0 150.0 893.0 803.0 406.0 171.0 465.0 933.0 430.0 462.0 636.0 445.0 50.0 332.0 252.0 842.0 251.0 174.0 395.0 887.0 596.0 326.0 431.0 867.0 847.0 684.0 600.0 631.0 920.0 302.0 176.0 826.0 266.0 732.0 1021.0 569.0 451.0 826.0 43.0 474.0 803.0 271.0 353.0 604.0 298.0 265.0 120.0 620.0 570.0 53.0 127.0 335.0 737.0 475.0 36.0 868.0 598.0 183.0 740.0 689.0 201.0 494.0 442.0 1122.0 748.0 942.0 507.0 210.0 279.0 171.0 660.0 732.0 42.0 1017.0 425.0 550.0 789.0 333.0 363.0 819.0 637.0 705.0 264.0 670.0 690.0 320.0 505.0 673.0 206.0 597.0 259.0 247.0 809.0 548.0 650.0 857.0 128.0 460.0 786.0 786.0 314.0 926.0 887.0 136.0 748.0 270.0 675.0 454.0 671.0 676.0 326.0 940.0 240.0 742.0 726.0 649.0 586.0 694.0 514.0 776.0 456.0 127.0 734.0 
350.0 226.0 191.0 294.0 813.0 801.0 0.0 136.0 411.0 160.0 374.0 684.0 483.0 363.0 60.0 195.0 463.0 704.0 731.0 218.0 454.0 351.0 745.0 105.0 866.0 358.0 624.0 233.0 641.0 333.0 953.0 539.0 830.0 934.0 496.0 716.0 876.0 471.0 469.0 333.0 508.0 525.0 437.0 273.0 250.0 444.0 722.0 101.0 583.0 491.0 455.0 532.0 475.0 385.0 812.0 684.0 779.0 618.0 840.0 518.0 409.0 858.0 987.0 456.0 374.0 698.0 210.0 454.0 433.0 343.0 743.0 598.0 129.0 540.0 582.0 189.0 759.0 172.0 878.0 96.0 155.0 399.0 678.0 853.0 208.0 388.0 523.0 527.0 605.0 824.0 637.0 744.0 398.0 720.0 633.0 417.0 172.0 814.0 534.0 665.0 66.0 359.0 414.0 860.0 881.0 224.0 851.0 674.0 305.0 538.0 77.0 329.0 730.0 396.0 325.0 841.0 645.0 80.0 851.0 495.0 425.0 766.0 956.0 728.0 263.0 240.0 836.0 859.0 569.0 235.0 615.0 801.0 117.0 221.0 826.0 215.0 363.0 734.0 536.0 824.0 503.0 113.0 482.0 313.0 760.0 600.0 773.0 897.0 491.0 761.0 327.0 559.0 456.0 439.0 527.0 600.0 102.0 954.0 345.0 867.0 835.0 413.0 942.0 304.0 336.0 865.0 457.0 611.0 764.0 111.0 523.0 624.0 409.0 859.0 367.0 503.0 426.0 619.0 165.0 518.0 805.0 359.0 548.0 131.0 409.0 302.0 808.0 695.0 238.0 697.0 78.0 160.0 426.0 487.0 281.0 901.0 465.0 432.0 811.0 245.0 
472.0 322.0 256.0 359.0 725.0 734.0 136.0 0.0 276.0 200.0 238.0 630.0 528.0 472.0 86.0 149.0 374.0 651.0 711.0 148.0 492.0 466.0 712.0 234.0 807.0 299.0 511.0 363.0 548.0 197.0 825.0 554.0 733.0 908.0 360.0 585.0 747.0 378.0 405.0 212.0 404.0 549.0 400.0 139.0 245.0 482.0 724.0 133.0 568.0 420.0 370.0 409.0 342.0 260.0 687.0 646.0 695.0 483.0 712.0 385.0 513.0 770.0 857.0 333.0 398.0 562.0 340.0 387.0 449.0 209.0 628.0 483.0 264.0 413.0 451.0 311.0 628.0 125.0 829.0 188.0 274.0 331.0 593.0 730.0 201.0 305.0 538.0 392.0 618.0 763.0 528.0 642.0 507.0 694.0 575.0 339.0 307.0 682.0 438.0 675.0 180.0 249.0 486.0 729.0 749.0 195.0 830.0 629.0 418.0 469.0 142.0 305.0 598.0 385.0 213.0 775.0 664.0 206.0 748.0 400.0 292.0 658.0 918.0 677.0 306.0 169.0 762.0 808.0 553.0 327.0 635.0 728.0 253.0 138.0 732.0 309.0 438.0 699.0 559.0 703.0 453.0 210.0 380.0 298.0 663.0 572.0 733.0 764.0 357.0 692.0 302.0 566.0 326.0 534.0 503.0 594.0 89.0 823.0 210.0 765.0 701.0 486.0 916.0 276.0 406.0 769.0 506.0 579.0 737.0 77.0 560.0 488.0 520.0 808.0 277.0 373.0 298.0 603.0 194.0 400.0 758.0 450.0 502.0 100.0 404.0 167.0 673.0 683.0 214.0 669.0 162.0 247.0 489.0 533.0 358.0 776.0 555.0 321.0 763.0 113.0 
721.0 553.0 469.0 551.0 564.0 622.0 411.0 276.0 0.0 443.0 57.0 565.0 666.0 705.0 355.0 341.0 278.0 581.0 706.0 267.0 624.0 707.0 681.0 501.0 709.0 387.0 299.0 626.0 395.0 93.0 561.0 636.0 550.0 874.0 95.0 315.0 480.0 268.0 365.0 126.0 248.0 649.0 421.0 139.0 434.0 617.0 761.0 391.0 593.0 359.0 289.0 176.0 73.0 174.0 430.0 613.0 548.0 228.0 447.0 174.0 738.0 608.0 587.0 126.0 525.0 290.0 603.0 425.0 553.0 112.0 402.0 268.0 537.0 164.0 234.0 569.0 358.0 334.0 751.0 456.0 531.0 310.0 454.0 477.0 406.0 261.0 623.0 119.0 689.0 663.0 327.0 450.0 737.0 680.0 508.0 291.0 578.0 409.0 297.0 733.0 453.0 236.0 669.0 457.0 475.0 378.0 812.0 583.0 659.0 397.0 394.0 450.0 326.0 462.0 224.0 664.0 740.0 473.0 544.0 276.0 22.0 448.0 859.0 610.0 483.0 264.0 633.0 727.0 579.0 554.0 716.0 603.0 526.0 248.0 556.0 540.0 629.0 665.0 657.0 454.0 510.0 458.0 321.0 397.0 483.0 571.0 685.0 489.0 136.0 582.0 445.0 633.0 78.0 744.0 523.0 633.0 349.0 551.0 101.0 564.0 425.0 671.0 881.0 365.0 596.0 586.0 652.0 569.0 717.0 334.0 679.0 215.0 752.0 728.0 230.0 183.0 165.0 619.0 431.0 274.0 693.0 661.0 478.0 318.0 486.0 112.0 398.0 700.0 395.0 653.0 416.0 481.0 658.0 671.0 563.0 517.0 757.0 174.0 694.0 187.0 
462.0 374.0 350.0 450.0 925.0 930.0 160.0 200.0 443.0 0.0 392.0 821.0 642.0 492.0 189.0 113.0 573.0 842.0 883.0 338.0 613.0 473.0 893.0 234.0 1000.0 236.0 706.0 335.0 748.0 351.0 1003.0 698.0 933.0 1084.0 510.0 757.0 922.0 578.0 599.0 408.0 603.0 684.0 580.0 320.0 102.0 603.0 879.0 73.0 735.0 616.0 569.0 597.0 515.0 352.0 869.0 829.0 895.0 612.0 889.0 498.0 541.0 970.0 1029.0 524.0 533.0 708.0 318.0 331.0 591.0 345.0 822.0 677.0 220.0 597.0 555.0 314.0 800.0 111.0 1018.0 80.0 289.0 525.0 793.0 915.0 73.0 503.0 681.0 546.0 764.0 957.0 725.0 841.0 526.0 870.0 768.0 536.0 263.0 849.0 638.0 823.0 114.0 301.0 567.0 898.0 914.0 105.0 1003.0 816.0 433.0 665.0 233.0 182.0 767.0 548.0 276.0 971.0 804.0 220.0 946.0 600.0 462.0 855.0 1102.0 867.0 422.0 360.0 960.0 998.0 721.0 384.0 774.0 926.0 210.0 333.0 932.0 365.0 515.0 881.0 695.0 890.0 363.0 269.0 399.0 463.0 862.0 749.0 917.0 926.0 481.0 889.0 182.0 716.0 507.0 579.0 677.0 755.0 112.0 992.0 352.0 963.0 857.0 565.0 1092.0 448.0 490.0 969.0 615.0 759.0 914.0 124.0 682.0 639.0 535.0 998.0 476.0 475.0 396.0 772.0 16.0 458.0 946.0 504.0 689.0 262.0 563.0 333.0 827.0 849.0 107.0 846.0 237.0 316.0 581.0 645.0 434.0 958.0 607.0 518.0 952.0 256.0 
698.0 534.0 453.0 543.0 617.0 670.0 374.0 238.0 57.0 392.0 0.0 606.0 671.0 687.0 321.0 288.0 317.0 623.0 739.0 259.0 630.0 686.0 718.0 469.0 756.0 330.0 355.0 597.0 446.0 43.0 613.0 652.0 605.0 913.0 123.0 365.0 531.0 309.0 397.0 140.0 296.0 662.0 444.0 110.0 379.0 622.0 787.0 345.0 619.0 395.0 326.0 233.0 129.0 123.0 484.0 650.0 600.0 247.0 500.0 166.0 723.0 662.0 637.0 178.0 530.0 325.0 574.0 372.0 563.0 55.0 459.0 324.0 502.0 221.0 231.0 542.0 408.0 282.0 796.0 411.0 504.0 336.0 504.0 532.0 352.0 288.0 639.0 156.0 708.0 710.0 382.0 505.0 720.0 714.0 548.0 321.0 544.0 457.0 344.0 755.0 412.0 181.0 664.0 506.0 522.0 324.0 848.0 621.0 638.0 436.0 366.0 393.0 376.0 475.0 168.0 712.0 759.0 441.0 601.0 320.0 79.0 504.0 901.0 652.0 476.0 261.0 683.0 772.0 605.0 536.0 734.0 653.0 491.0 239.0 611.0 521.0 622.0 703.0 670.0 510.0 457.0 433.0 276.0 404.0 538.0 601.0 724.0 535.0 130.0 629.0 388.0 652.0 134.0 733.0 549.0 657.0 304.0 600.0 45.0 620.0 468.0 665.0 920.0 372.0 589.0 642.0 655.0 601.0 753.0 289.0 689.0 252.0 735.0 772.0 255.0 166.0 125.0 648.0 380.0 241.0 736.0 649.0 510.0 295.0 499.0 73.0 439.0 729.0 340.0 687.0 388.0 460.0 656.0 676.0 551.0 571.0 749.0 216.0 737.0 138.0 
752.0 612.0 551.0 525.0 241.0 140.0 684.0 630.0 565.0 821.0 606.0 0.0 444.0 691.0 637.0 776.0 290.0 21.0 185.0 485.0 419.0 716.0 130.0 692.0 184.0 898.0 364.0 750.0 226.0 612.0 645.0 321.0 302.0 311.0 619.0 570.0 618.0 298.0 227.0 481.0 325.0 359.0 250.0 571.0 875.0 422.0 290.0 749.0 197.0 217.0 283.0 440.0 536.0 727.0 531.0 80.0 198.0 714.0 585.0 724.0 685.0 266.0 708.0 445.0 396.0 684.0 734.0 964.0 352.0 647.0 397.0 378.0 746.0 473.0 768.0 693.0 587.0 753.0 199.0 777.0 672.0 301.0 178.0 529.0 831.0 336.0 324.0 604.0 315.0 146.0 335.0 304.0 702.0 152.0 59.0 300.0 756.0 634.0 277.0 312.0 749.0 774.0 544.0 648.0 680.0 822.0 260.0 44.0 688.0 172.0 611.0 928.0 590.0 316.0 749.0 170.0 350.0 678.0 363.0 290.0 550.0 355.0 297.0 48.0 486.0 463.0 190.0 178.0 197.0 602.0 348.0 160.0 742.0 493.0 282.0 606.0 549.0 115.0 358.0 500.0 1044.0 621.0 882.0 379.0 273.0 141.0 121.0 709.0 689.0 114.0 924.0 289.0 502.0 649.0 194.0 230.0 712.0 702.0 636.0 363.0 703.0 550.0 318.0 382.0 534.0 316.0 458.0 121.0 173.0 704.0 412.0 639.0 718.0 178.0 369.0 741.0 728.0 182.0 818.0 838.0 131.0 608.0 138.0 561.0 317.0 593.0 704.0 216.0 842.0 131.0 620.0 596.0 510.0 448.0 557.0 583.0 637.0 391.0 134.0 647.0 
353.0 287.0 293.0 194.0 674.0 582.0 483.0 528.0 666.0 642.0 671.0 444.0 0.0 283.0 473.0 661.0 469.0 459.0 363.0 420.0 42.0 314.0 415.0 423.0 599.0 823.0 663.0 407.0 574.0 649.0 1013.0 129.0 726.0 549.0 756.0 852.0 962.0 488.0 384.0 540.0 548.0 90.0 291.0 575.0 732.0 50.0 295.0 582.0 250.0 412.0 451.0 656.0 687.0 756.0 875.0 388.0 630.0 886.0 924.0 835.0 261.0 705.0 1069.0 606.0 142.0 913.0 403.0 914.0 123.0 679.0 752.0 655.0 465.0 685.0 898.0 373.0 885.0 635.0 574.0 568.0 376.0 387.0 566.0 893.0 688.0 430.0 122.0 766.0 172.0 575.0 650.0 690.0 282.0 372.0 431.0 419.0 450.0 942.0 529.0 227.0 533.0 767.0 120.0 974.0 1003.0 699.0 463.0 407.0 306.0 426.0 415.0 809.0 872.0 217.0 732.0 606.0 189.0 428.0 778.0 504.0 665.0 736.0 604.0 466.0 226.0 413.0 633.0 566.0 248.0 274.0 162.0 603.0 468.0 439.0 709.0 290.0 153.0 413.0 97.0 861.0 975.0 374.0 898.0 269.0 676.0 304.0 459.0 1029.0 797.0 557.0 806.0 163.0 650.0 215.0 260.0 229.0 567.0 1050.0 673.0 784.0 996.0 125.0 557.0 301.0 163.0 747.0 29.0 324.0 408.0 569.0 50.0 844.0 295.0 565.0 450.0 836.0 782.0 275.0 648.0 898.0 505.0 204.0 344.0 429.0 194.0 614.0 983.0 309.0 715.0 365.0 407.0 328.0 85.0 6.0 217.0 951.0 197.0 541.0 516.0 616.0 
72.0 153.0 237.0 181.0 898.0 830.0 363.0 472.0 705.0 492.0 687.0 691.0 283.0 0.0 389.0 556.0 611.0 709.0 641.0 440.0 287.0 34.0 688.0 263.0 861.0 717.0 812.0 170.0 763.0 652.0 1169.0 404.0 939.0 831.0 799.0 966.0 1104.0 628.0 557.0 590.0 685.0 369.0 473.0 578.0 593.0 281.0 577.0 457.0 513.0 587.0 595.0 763.0 751.0 731.0 1025.0 650.0 855.0 931.0 1066.0 848.0 50.0 936.0 1217.0 695.0 298.0 988.0 180.0 814.0 340.0 672.0 920.0 795.0 275.0 784.0 914.0 179.0 1006.0 534.0 845.0 413.0 209.0 522.0 773.0 1054.0 557.0 546.0 393.0 821.0 454.0 832.0 810.0 882.0 36.0 647.0 663.0 554.0 238.0 1064.0 686.0 508.0 381.0 716.0 164.0 1104.0 1130.0 580.0 745.0 661.0 60.0 619.0 331.0 674.0 984.0 390.0 681.0 860.0 468.0 284.0 982.0 651.0 712.0 920.0 884.0 722.0 246.0 448.0 878.0 834.0 506.0 151.0 443.0 845.0 283.0 458.0 927.0 166.0 142.0 683.0 377.0 1022.0 854.0 263.0 843.0 373.0 879.0 559.0 729.0 1151.0 815.0 798.0 673.0 437.0 721.0 100.0 497.0 502.0 464.0 1191.0 671.0 992.0 1103.0 158.0 839.0 396.0 158.0 967.0 257.0 578.0 685.0 473.0 331.0 914.0 49.0 833.0 549.0 839.0 768.0 544.0 504.0 871.0 773.0 84.0 566.0 393.0 380.0 616.0 1082.0 588.0 591.0 636.0 310.0 228.0 199.0 282.0 155.0 1110.0 132.0 643.0 784.0 583.0 
387.0 243.0 186.0 292.0 757.0 751.0 60.0 86.0 355.0 189.0 321.0 637.0 473.0 389.0 0.0 188.0 406.0 657.0 695.0 161.0 440.0 382.0 705.0 149.0 818.0 351.0 565.0 277.0 584.0 281.0 893.0 516.0 772.0 896.0 442.0 658.0 817.0 413.0 418.0 274.0 449.0 506.0 393.0 217.0 264.0 430.0 695.0 118.0 548.0 438.0 399.0 472.0 418.0 344.0 752.0 642.0 724.0 567.0 781.0 471.0 432.0 802.0 928.0 396.0 353.0 643.0 254.0 446.0 409.0 294.0 683.0 539.0 183.0 481.0 536.0 226.0 701.0 162.0 833.0 143.0 189.0 346.0 623.0 793.0 219.0 332.0 500.0 472.0 581.0 775.0 578.0 686.0 424.0 682.0 585.0 362.0 224.0 756.0 477.0 640.0 120.0 328.0 418.0 802.0 823.0 226.0 815.0 629.0 334.0 486.0 63.0 337.0 672.0 361.0 292.0 791.0 624.0 121.0 793.0 438.0 369.0 707.0 915.0 682.0 248.0 184.0 784.0 813.0 533.0 249.0 595.0 749.0 172.0 163.0 769.0 230.0 367.0 693.0 516.0 765.0 502.0 127.0 456.0 275.0 703.0 560.0 730.0 839.0 442.0 710.0 335.0 532.0 397.0 456.0 489.0 569.0 95.0 895.0 295.0 809.0 779.0 417.0 904.0 261.0 337.0 808.0 449.0 571.0 726.0 96.0 510.0 569.0 437.0 813.0 309.0 458.0 384.0 584.0 189.0 483.0 760.0 374.0 502.0 76.0 376.0 249.0 752.0 662.0 243.0 658.0 80.0 169.0 425.0 477.0 286.0 842.0 480.0 372.0 766.0 199.0 
538.0 420.0 373.0 479.0 854.0 874.0 195.0 149.0 341.0 113.0 288.0 776.0 661.0 556.0 188.0 0.0 509.0 796.0 859.0 296.0 627.0 542.0 860.0 295.0 950.0 165.0 619.0 414.0 676.0 249.0 900.0 697.0 856.0 1056.0 402.0 653.0 819.0 510.0 550.0 327.0 527.0 690.0 548.0 232.0 102.0 617.0 870.0 102.0 716.0 563.0 508.0 505.0 414.0 240.0 770.0 794.0 828.0 500.0 787.0 386.0 603.0 900.0 924.0 435.0 537.0 598.0 394.0 261.0 591.0 238.0 732.0 589.0 298.0 500.0 444.0 379.0 696.0 26.0 974.0 164.0 348.0 475.0 726.0 817.0 65.0 445.0 681.0 439.0 762.0 905.0 641.0 760.0 591.0 842.0 720.0 480.0 344.0 743.0 566.0 820.0 185.0 191.0 604.0 793.0 808.0 47.0 978.0 776.0 497.0 611.0 249.0 157.0 663.0 532.0 164.0 916.0 807.0 273.0 863.0 531.0 362.0 770.0 1066.0 822.0 436.0 316.0 899.0 953.0 701.0 428.0 777.0 866.0 287.0 285.0 857.0 408.0 552.0 847.0 700.0 793.0 315.0 305.0 299.0 444.0 786.0 720.0 880.0 818.0 369.0 832.0 153.0 711.0 410.0 633.0 652.0 741.0 96.0 886.0 246.0 882.0 748.0 602.0 1064.0 424.0 523.0 893.0 636.0 728.0 886.0 93.0 696.0 530.0 602.0 953.0 414.0 363.0 284.0 751.0 98.0 350.0 904.0 553.0 650.0 241.0 551.0 237.0 717.0 831.0 67.0 817.0 262.0 350.0 612.0 665.0 470.0 858.0 659.0 439.0 909.0 159.0 
653.0 483.0 399.0 432.0 353.0 367.0 463.0 374.0 278.0 573.0 317.0 290.0 469.0 611.0 406.0 509.0 0.0 307.0 430.0 246.0 428.0 626.0 403.0 506.0 448.0 616.0 202.0 603.0 179.0 324.0 560.0 401.0 368.0 597.0 343.0 383.0 500.0 19.0 97.0 194.0 80.0 424.0 181.0 289.0 610.0 424.0 494.0 503.0 330.0 83.0 18.0 194.0 261.0 438.0 417.0 335.0 322.0 456.0 462.0 445.0 627.0 398.0 611.0 168.0 345.0 457.0 582.0 677.0 346.0 358.0 310.0 189.0 558.0 225.0 495.0 540.0 417.0 489.0 482.0 547.0 508.0 91.0 220.0 443.0 569.0 76.0 392.0 337.0 442.0 402.0 199.0 287.0 636.0 403.0 232.0 58.0 584.0 474.0 77.0 477.0 526.0 486.0 516.0 508.0 537.0 555.0 535.0 305.0 584.0 119.0 403.0 655.0 404.0 254.0 463.0 410.0 492.0 485.0 394.0 40.0 265.0 317.0 586.0 336.0 366.0 224.0 391.0 459.0 317.0 477.0 473.0 358.0 551.0 244.0 364.0 472.0 493.0 387.0 429.0 412.0 759.0 440.0 593.0 240.0 299.0 299.0 408.0 562.0 408.0 326.0 650.0 389.0 224.0 613.0 264.0 373.0 461.0 588.0 347.0 408.0 528.0 520.0 604.0 217.0 465.0 403.0 465.0 295.0 440.0 450.0 466.0 395.0 652.0 459.0 98.0 459.0 440.0 351.0 568.0 552.0 420.0 543.0 204.0 333.0 275.0 306.0 516.0 429.0 574.0 376.0 419.0 435.0 493.0 474.0 457.0 500.0 616.0 105.0 421.0 367.0 
771.0 632.0 571.0 545.0 232.0 123.0 704.0 651.0 581.0 842.0 623.0 21.0 459.0 709.0 657.0 796.0 307.0 0.0 185.0 505.0 436.0 735.0 124.0 712.0 163.0 917.0 373.0 770.0 233.0 630.0 644.0 335.0 296.0 297.0 634.0 577.0 620.0 315.0 247.0 499.0 339.0 374.0 271.0 590.0 895.0 439.0 293.0 770.0 211.0 236.0 301.0 453.0 551.0 745.0 533.0 85.0 190.0 726.0 588.0 739.0 703.0 254.0 708.0 461.0 415.0 694.0 754.0 982.0 370.0 664.0 400.0 387.0 766.0 485.0 782.0 713.0 592.0 773.0 179.0 798.0 693.0 321.0 182.0 529.0 852.0 355.0 339.0 618.0 326.0 126.0 343.0 304.0 720.0 152.0 77.0 319.0 777.0 639.0 291.0 319.0 770.0 793.0 561.0 651.0 683.0 842.0 250.0 54.0 707.0 190.0 632.0 948.0 597.0 336.0 768.0 151.0 359.0 699.0 358.0 306.0 566.0 355.0 279.0 29.0 506.0 483.0 174.0 158.0 212.0 622.0 358.0 146.0 762.0 513.0 274.0 626.0 568.0 109.0 372.0 501.0 1063.0 642.0 899.0 400.0 271.0 156.0 108.0 712.0 704.0 101.0 944.0 303.0 518.0 666.0 212.0 242.0 733.0 702.0 653.0 357.0 709.0 567.0 303.0 402.0 553.0 307.0 474.0 136.0 167.0 724.0 426.0 650.0 735.0 157.0 388.0 757.0 745.0 194.0 839.0 854.0 113.0 627.0 159.0 582.0 337.0 611.0 710.0 220.0 862.0 133.0 641.0 616.0 527.0 463.0 577.0 583.0 653.0 408.0 115.0 666.0 
710.0 602.0 564.0 505.0 410.0 280.0 731.0 711.0 706.0 883.0 739.0 185.0 363.0 641.0 695.0 859.0 430.0 185.0 0.0 565.0 355.0 671.0 71.0 712.0 259.0 999.0 544.0 739.0 408.0 737.0 828.0 237.0 476.0 204.0 773.0 751.0 803.0 444.0 343.0 604.0 484.0 273.0 313.0 683.0 952.0 361.0 115.0 812.0 149.0 349.0 418.0 605.0 690.0 855.0 716.0 108.0 370.0 878.0 770.0 875.0 623.0 423.0 892.0 597.0 378.0 859.0 728.0 1075.0 319.0 772.0 582.0 553.0 763.0 639.0 924.0 691.0 770.0 834.0 219.0 826.0 679.0 407.0 363.0 713.0 907.0 453.0 249.0 763.0 196.0 252.0 516.0 488.0 644.0 33.0 225.0 419.0 763.0 818.0 440.0 161.0 793.0 893.0 480.0 833.0 864.0 905.0 121.0 146.0 654.0 317.0 655.0 1015.0 771.0 336.0 864.0 286.0 208.0 705.0 539.0 443.0 695.0 539.0 244.0 170.0 489.0 545.0 330.0 216.0 162.0 590.0 219.0 312.0 762.0 578.0 453.0 600.0 502.0 80.0 267.0 685.0 1151.0 645.0 1011.0 421.0 455.0 141.0 115.0 893.0 837.0 275.0 1012.0 204.0 654.0 577.0 208.0 142.0 782.0 886.0 762.0 536.0 887.0 486.0 213.0 437.0 498.0 482.0 386.0 139.0 46.0 777.0 318.0 809.0 657.0 215.0 487.0 888.0 864.0 112.0 883.0 978.0 161.0 559.0 230.0 625.0 324.0 712.0 885.0 56.0 924.0 58.0 658.0 610.0 444.0 365.0 537.0 767.0 557.0 535.0 173.0 753.0 
463.0 291.0 204.0 285.0 597.0 593.0 218.0 148.0 267.0 338.0 259.0 485.0 420.0 440.0 161.0 296.0 246.0 505.0 565.0 0.0 380.0 445.0 565.0 271.0 663.0 437.0 415.0 384.0 423.0 231.0 757.0 422.0 613.0 761.0 362.0 535.0 685.0 254.0 262.0 151.0 294.0 424.0 253.0 157.0 392.0 371.0 584.0 266.0 424.0 280.0 238.0 337.0 312.0 337.0 614.0 499.0 564.0 495.0 648.0 424.0 471.0 642.0 798.0 264.0 280.0 548.0 361.0 519.0 323.0 261.0 532.0 391.0 320.0 353.0 489.0 322.0 577.0 272.0 683.0 303.0 286.0 188.0 462.0 650.0 348.0 171.0 407.0 382.0 485.0 620.0 425.0 528.0 472.0 547.0 431.0 202.0 351.0 634.0 318.0 539.0 281.0 353.0 406.0 677.0 701.0 342.0 684.0 482.0 397.0 328.0 162.0 451.0 552.0 247.0 319.0 634.0 533.0 247.0 635.0 278.0 273.0 552.0 771.0 531.0 218.0 23.0 625.0 663.0 409.0 290.0 505.0 590.0 312.0 21.0 609.0 278.0 364.0 552.0 433.0 621.0 591.0 212.0 482.0 162.0 543.0 426.0 586.0 721.0 388.0 552.0 448.0 430.0 282.0 477.0 358.0 453.0 228.0 768.0 255.0 651.0 667.0 407.0 769.0 135.0 331.0 648.0 402.0 433.0 591.0 219.0 443.0 474.0 487.0 662.0 150.0 422.0 363.0 458.0 334.0 479.0 612.0 394.0 356.0 88.0 268.0 196.0 645.0 540.0 361.0 522.0 181.0 223.0 399.0 424.0 297.0 702.0 492.0 224.0 617.0 202.0 
356.0 268.0 264.0 172.0 645.0 559.0 454.0 492.0 624.0 613.0 630.0 419.0 42.0 287.0 440.0 627.0 428.0 436.0 355.0 380.0 0.0 317.0 402.0 400.0 581.0 788.0 623.0 396.0 539.0 608.0 976.0 118.0 695.0 548.0 714.0 811.0 923.0 447.0 346.0 498.0 508.0 86.0 252.0 535.0 701.0 10.0 299.0 551.0 230.0 374.0 410.0 614.0 645.0 716.0 837.0 369.0 600.0 844.0 885.0 793.0 272.0 677.0 1031.0 564.0 101.0 871.0 389.0 879.0 84.0 639.0 715.0 615.0 445.0 643.0 856.0 357.0 845.0 601.0 560.0 541.0 356.0 345.0 533.0 855.0 657.0 388.0 107.0 724.0 174.0 555.0 612.0 655.0 291.0 361.0 402.0 378.0 433.0 902.0 490.0 233.0 506.0 728.0 128.0 934.0 964.0 666.0 461.0 384.0 302.0 389.0 383.0 776.0 831.0 175.0 693.0 584.0 201.0 402.0 746.0 464.0 623.0 701.0 598.0 445.0 193.0 372.0 609.0 551.0 225.0 256.0 172.0 578.0 447.0 399.0 679.0 270.0 148.0 398.0 95.0 824.0 941.0 346.0 859.0 227.0 643.0 281.0 445.0 989.0 756.0 531.0 774.0 151.0 608.0 231.0 231.0 216.0 535.0 1012.0 632.0 752.0 955.0 134.0 556.0 260.0 150.0 717.0 40.0 301.0 399.0 535.0 70.0 802.0 305.0 549.0 408.0 795.0 742.0 259.0 618.0 858.0 489.0 204.0 311.0 392.0 154.0 573.0 941.0 303.0 683.0 351.0 376.0 301.0 92.0 48.0 198.0 913.0 219.0 499.0 500.0 577.0 
40.0 155.0 242.0 199.0 920.0 855.0 351.0 466.0 707.0 473.0 686.0 716.0 314.0 34.0 382.0 542.0 626.0 735.0 671.0 445.0 317.0 0.0 717.0 248.0 888.0 701.0 825.0 144.0 781.0 650.0 1182.0 435.0 960.0 862.0 801.0 974.0 1116.0 642.0 576.0 595.0 699.0 400.0 494.0 577.0 574.0 310.0 609.0 441.0 541.0 606.0 610.0 772.0 756.0 725.0 1037.0 677.0 878.0 932.0 1078.0 845.0 79.0 958.0 1228.0 703.0 321.0 992.0 157.0 798.0 366.0 669.0 935.0 807.0 254.0 792.0 912.0 163.0 1015.0 520.0 874.0 394.0 196.0 537.0 794.0 1067.0 540.0 559.0 423.0 824.0 485.0 858.0 825.0 900.0 57.0 676.0 687.0 569.0 215.0 1072.0 701.0 540.0 364.0 707.0 195.0 1113.0 1139.0 564.0 776.0 687.0 49.0 639.0 325.0 655.0 992.0 411.0 672.0 885.0 501.0 271.0 1001.0 665.0 715.0 937.0 914.0 748.0 260.0 454.0 903.0 862.0 533.0 156.0 475.0 869.0 264.0 462.0 948.0 168.0 170.0 712.0 408.0 1036.0 836.0 257.0 832.0 388.0 899.0 586.0 758.0 1160.0 814.0 823.0 655.0 467.0 726.0 131.0 523.0 531.0 452.0 1201.0 668.0 1012.0 1110.0 190.0 871.0 410.0 182.0 988.0 288.0 605.0 715.0 461.0 363.0 917.0 63.0 861.0 559.0 836.0 763.0 573.0 485.0 864.0 801.0 113.0 590.0 391.0 403.0 615.0 1088.0 619.0 574.0 665.0 304.0 226.0 230.0 314.0 170.0 1123.0 164.0 652.0 811.0 578.0 
755.0 636.0 589.0 541.0 341.0 210.0 745.0 712.0 681.0 893.0 718.0 130.0 415.0 688.0 705.0 860.0 403.0 124.0 71.0 565.0 402.0 717.0 0.0 736.0 191.0 993.0 494.0 774.0 355.0 720.0 764.0 287.0 408.0 198.0 741.0 699.0 742.0 414.0 324.0 586.0 448.0 326.0 314.0 671.0 956.0 408.0 186.0 821.0 178.0 324.0 393.0 566.0 657.0 837.0 656.0 69.0 303.0 840.0 710.0 845.0 673.0 353.0 828.0 565.0 411.0 813.0 762.0 1065.0 355.0 755.0 523.0 507.0 789.0 599.0 891.0 722.0 716.0 836.0 159.0 840.0 708.0 394.0 305.0 650.0 912.0 436.0 297.0 728.0 256.0 181.0 464.0 426.0 693.0 46.0 180.0 401.0 792.0 762.0 401.0 229.0 810.0 879.0 529.0 774.0 806.0 906.0 133.0 100.0 696.0 285.0 670.0 1016.0 719.0 353.0 852.0 215.0 275.0 727.0 472.0 409.0 667.0 477.0 212.0 104.0 517.0 544.0 260.0 152.0 188.0 624.0 282.0 242.0 787.0 576.0 385.0 632.0 547.0 16.0 320.0 623.0 1143.0 668.0 992.0 433.0 391.0 146.0 46.0 835.0 808.0 207.0 1012.0 254.0 623.0 629.0 219.0 188.0 788.0 824.0 744.0 468.0 832.0 535.0 206.0 445.0 539.0 413.0 436.0 135.0 44.0 782.0 374.0 767.0 707.0 151.0 470.0 861.0 842.0 145.0 892.0 954.0 93.0 605.0 213.0 632.0 346.0 697.0 833.0 122.0 926.0 53.0 675.0 635.0 493.0 418.0 573.0 703.0 611.0 507.0 105.0 744.0 
246.0 142.0 148.0 230.0 847.0 819.0 105.0 234.0 501.0 234.0 469.0 692.0 423.0 263.0 149.0 295.0 506.0 712.0 712.0 271.0 400.0 248.0 736.0 0.0 875.0 455.0 686.0 130.0 682.0 429.0 1026.0 500.0 871.0 915.0 590.0 797.0 952.0 518.0 494.0 409.0 563.0 479.0 442.0 363.0 334.0 390.0 687.0 195.0 564.0 519.0 496.0 605.0 561.0 488.0 883.0 680.0 810.0 715.0 916.0 618.0 310.0 890.0 1065.0 530.0 337.0 790.0 107.0 552.0 398.0 442.0 803.0 662.0 55.0 617.0 684.0 85.0 840.0 273.0 879.0 155.0 56.0 430.0 712.0 921.0 296.0 431.0 484.0 619.0 565.0 836.0 694.0 793.0 297.0 705.0 646.0 454.0 81.0 896.0 582.0 625.0 121.0 464.0 337.0 941.0 963.0 318.0 830.0 675.0 204.0 564.0 111.0 415.0 813.0 384.0 429.0 856.0 599.0 28.0 900.0 543.0 513.0 820.0 947.0 733.0 223.0 290.0 858.0 862.0 552.0 153.0 570.0 823.0 51.0 281.0 865.0 135.0 286.0 726.0 490.0 892.0 594.0 71.0 586.0 313.0 803.0 591.0 768.0 981.0 590.0 780.0 414.0 524.0 538.0 345.0 518.0 574.0 206.0 1033.0 443.0 914.0 922.0 334.0 924.0 315.0 264.0 905.0 395.0 605.0 749.0 216.0 468.0 715.0 308.0 861.0 417.0 605.0 529.0 601.0 245.0 623.0 804.0 271.0 554.0 191.0 391.0 397.0 897.0 670.0 329.0 686.0 91.0 103.0 355.0 426.0 208.0 972.0 374.0 495.0 812.0 346.0 
926.0 791.0 733.0 703.0 215.0 91.0 866.0 807.0 709.0 1000.0 756.0 184.0 599.0 861.0 818.0 950.0 448.0 163.0 259.0 663.0 581.0 888.0 191.0 875.0 0.0 1063.0 456.0 930.0 323.0 768.0 645.0 470.0 280.0 240.0 748.0 640.0 642.0 452.0 402.0 642.0 462.0 510.0 433.0 736.0 1050.0 585.0 371.0 929.0 351.0 388.0 446.0 560.0 668.0 879.0 563.0 212.0 195.0 823.0 616.0 854.0 851.0 205.0 710.0 584.0 572.0 772.0 915.0 1123.0 523.0 802.0 440.0 479.0 929.0 589.0 889.0 874.0 645.0 928.0 68.0 959.0 854.0 477.0 261.0 544.0 1007.0 506.0 478.0 726.0 445.0 47.0 423.0 338.0 870.0 237.0 233.0 470.0 939.0 682.0 413.0 419.0 931.0 931.0 708.0 682.0 713.0 996.0 244.0 204.0 863.0 339.0 794.0 1100.0 658.0 497.0 909.0 56.0 465.0 861.0 342.0 437.0 692.0 383.0 178.0 143.0 667.0 641.0 111.0 52.0 357.0 781.0 473.0 121.0 925.0 670.0 256.0 786.0 719.0 189.0 505.0 522.0 1206.0 804.0 1029.0 562.0 295.0 303.0 146.0 741.0 821.0 128.0 1095.0 437.0 639.0 811.0 369.0 371.0 890.0 714.0 790.0 332.0 755.0 714.0 242.0 564.0 707.0 270.0 617.0 284.0 217.0 881.0 560.0 741.0 884.0 53.0 538.0 875.0 874.0 324.0 997.0 976.0 99.0 778.0 321.0 742.0 496.0 754.0 763.0 312.0 1016.0 236.0 803.0 778.0 672.0 602.0 735.0 590.0 795.0 541.0 87.0 814.0 
694.0 583.0 537.0 643.0 943.0 982.0 358.0 299.0 387.0 236.0 330.0 898.0 823.0 717.0 351.0 165.0 616.0 917.0 999.0 437.0 788.0 701.0 993.0 455.0 1063.0 0.0 684.0 567.0 767.0 304.0 914.0 852.0 933.0 1191.0 411.0 668.0 831.0 613.0 673.0 422.0 615.0 847.0 687.0 328.0 143.0 778.0 1020.0 261.0 860.0 681.0 619.0 562.0 454.0 225.0 799.0 925.0 922.0 471.0 805.0 353.0 764.0 988.0 926.0 504.0 695.0 581.0 548.0 98.0 747.0 276.0 787.0 654.0 451.0 548.0 393.0 539.0 708.0 190.0 1095.0 310.0 509.0 600.0 823.0 849.0 165.0 562.0 836.0 450.0 916.0 1018.0 711.0 834.0 752.0 980.0 840.0 599.0 496.0 746.0 660.0 973.0 338.0 156.0 768.0 796.0 805.0 138.0 1116.0 903.0 658.0 728.0 413.0 90.0 673.0 682.0 163.0 1024.0 962.0 434.0 930.0 630.0 408.0 834.0 1193.0 945.0 598.0 455.0 1001.0 1072.0 845.0 592.0 933.0 969.0 440.0 422.0 938.0 572.0 717.0 979.0 857.0 829.0 155.0 469.0 185.0 595.0 866.0 859.0 1009.0 810.0 353.0 940.0 85.0 863.0 464.0 796.0 793.0 889.0 260.0 886.0 288.0 950.0 735.0 766.0 1198.0 570.0 688.0 970.0 799.0 864.0 1022.0 256.0 856.0 525.0 762.0 1072.0 529.0 324.0 259.0 894.0 222.0 265.0 1028.0 717.0 780.0 397.0 702.0 312.0 702.0 976.0 130.0 954.0 426.0 515.0 776.0 827.0 634.0 881.0 822.0 529.0 1031.0 251.0 
851.0 679.0 593.0 633.0 277.0 366.0 624.0 511.0 299.0 706.0 355.0 364.0 663.0 812.0 565.0 619.0 202.0 373.0 544.0 415.0 623.0 825.0 494.0 686.0 456.0 684.0 0.0 792.0 141.0 383.0 359.0 579.0 253.0 664.0 306.0 208.0 300.0 185.0 279.0 299.0 127.0 608.0 372.0 388.0 718.0 620.0 633.0 642.0 485.0 251.0 219.0 124.0 237.0 469.0 216.0 437.0 271.0 367.0 262.0 410.0 829.0 318.0 410.0 185.0 545.0 322.0 770.0 722.0 541.0 408.0 119.0 31.0 734.0 145.0 437.0 729.0 232.0 605.0 512.0 697.0 695.0 292.0 199.0 243.0 684.0 267.0 573.0 278.0 609.0 413.0 34.0 153.0 837.0 512.0 320.0 259.0 765.0 286.0 134.0 632.0 683.0 533.0 716.0 313.0 343.0 661.0 622.0 399.0 782.0 250.0 577.0 744.0 229.0 452.0 522.0 404.0 657.0 661.0 247.0 163.0 278.0 152.0 626.0 399.0 566.0 396.0 362.0 488.0 475.0 674.0 642.0 339.0 726.0 407.0 261.0 667.0 695.0 479.0 612.0 211.0 806.0 624.0 605.0 441.0 190.0 440.0 480.0 370.0 382.0 332.0 739.0 561.0 221.0 814.0 430.0 530.0 598.0 389.0 397.0 266.0 349.0 720.0 669.0 417.0 666.0 289.0 661.0 428.0 536.0 584.0 654.0 285.0 853.0 488.0 272.0 435.0 452.0 496.0 697.0 539.0 472.0 744.0 350.0 499.0 471.0 385.0 344.0 560.0 679.0 487.0 595.0 625.0 692.0 668.0 657.0 298.0 817.0 193.0 468.0 462.0 
129.0 139.0 207.0 234.0 929.0 884.0 233.0 363.0 626.0 335.0 597.0 750.0 407.0 170.0 277.0 414.0 603.0 770.0 739.0 384.0 396.0 144.0 774.0 130.0 930.0 567.0 792.0 0.0 773.0 557.0 1140.0 510.0 960.0 938.0 717.0 917.0 1068.0 616.0 574.0 529.0 667.0 481.0 507.0 490.0 436.0 387.0 694.0 312.0 597.0 602.0 590.0 720.0 684.0 617.0 996.0 725.0 889.0 844.0 1031.0 747.0 220.0 970.0 1181.0 646.0 364.0 916.0 24.0 663.0 420.0 571.0 908.0 770.0 116.0 735.0 813.0 64.0 959.0 394.0 925.0 257.0 98.0 520.0 796.0 1031.0 404.0 529.0 495.0 745.0 569.0 895.0 798.0 888.0 201.0 738.0 711.0 548.0 73.0 1016.0 680.0 628.0 230.0 590.0 298.0 1060.0 1083.0 430.0 852.0 727.0 115.0 642.0 233.0 516.0 933.0 435.0 556.0 919.0 594.0 157.0 993.0 641.0 638.0 919.0 981.0 788.0 265.0 399.0 927.0 911.0 586.0 150.0 566.0 893.0 127.0 397.0 950.0 145.0 255.0 766.0 491.0 1001.0 697.0 172.0 710.0 383.0 894.0 633.0 811.0 1102.0 719.0 848.0 516.0 539.0 659.0 267.0 563.0 597.0 330.0 1151.0 572.0 1006.0 1045.0 293.0 947.0 394.0 247.0 991.0 379.0 650.0 780.0 341.0 456.0 841.0 206.0 910.0 521.0 734.0 658.0 632.0 348.0 750.0 851.0 215.0 615.0 311.0 435.0 524.0 1020.0 691.0 438.0 722.0 211.0 169.0 326.0 408.0 203.0 1084.0 299.0 606.0 860.0 475.0 
812.0 646.0 566.0 583.0 179.0 233.0 641.0 548.0 395.0 748.0 446.0 226.0 574.0 763.0 584.0 676.0 179.0 233.0 408.0 423.0 539.0 781.0 355.0 682.0 323.0 767.0 141.0 773.0 0.0 465.0 445.0 475.0 190.0 523.0 426.0 345.0 405.0 171.0 206.0 351.0 153.0 508.0 294.0 448.0 777.0 537.0 503.0 679.0 368.0 176.0 187.0 237.0 347.0 567.0 316.0 300.0 155.0 503.0 370.0 532.0 772.0 224.0 504.0 269.0 476.0 463.0 753.0 817.0 457.0 495.0 184.0 159.0 735.0 267.0 567.0 710.0 362.0 658.0 374.0 724.0 681.0 254.0 62.0 324.0 739.0 254.0 471.0 404.0 495.0 278.0 110.0 120.0 784.0 375.0 185.0 228.0 758.0 411.0 111.0 510.0 704.0 625.0 646.0 429.0 461.0 721.0 482.0 262.0 743.0 150.0 580.0 815.0 365.0 379.0 607.0 273.0 539.0 661.0 221.0 148.0 376.0 162.0 488.0 258.0 524.0 402.0 239.0 350.0 360.0 639.0 528.0 211.0 728.0 422.0 186.0 637.0 634.0 340.0 510.0 293.0 901.0 614.0 714.0 396.0 122.0 317.0 339.0 489.0 500.0 196.0 811.0 452.0 321.0 749.0 323.0 411.0 636.0 492.0 484.0 234.0 479.0 651.0 528.0 380.0 609.0 225.0 578.0 302.0 398.0 624.0 558.0 423.0 800.0 351.0 275.0 554.0 558.0 372.0 741.0 656.0 331.0 688.0 238.0 511.0 394.0 456.0 479.0 429.0 741.0 351.0 596.0 605.0 618.0 579.0 611.0 382.0 746.0 240.0 328.0 526.0 
660.0 499.0 420.0 512.0 639.0 684.0 333.0 197.0 93.0 351.0 43.0 612.0 649.0 652.0 281.0 249.0 324.0 630.0 737.0 231.0 608.0 650.0 720.0 429.0 768.0 304.0 383.0 557.0 465.0 0.0 653.0 637.0 630.0 917.0 165.0 406.0 571.0 318.0 397.0 134.0 313.0 644.0 435.0 76.0 342.0 600.0 780.0 303.0 612.0 398.0 330.0 263.0 166.0 119.0 522.0 651.0 619.0 287.0 540.0 197.0 689.0 684.0 678.0 201.0 508.0 367.0 534.0 355.0 545.0 35.0 491.0 353.0 461.0 255.0 263.0 503.0 449.0 242.0 805.0 369.0 465.0 331.0 521.0 570.0 313.0 285.0 623.0 199.0 695.0 723.0 409.0 531.0 685.0 714.0 554.0 320.0 504.0 499.0 359.0 744.0 370.0 164.0 636.0 547.0 564.0 286.0 849.0 624.0 602.0 441.0 328.0 361.0 417.0 459.0 143.0 726.0 745.0 401.0 629.0 332.0 114.0 534.0 909.0 659.0 447.0 237.0 700.0 782.0 597.0 502.0 719.0 669.0 450.0 211.0 635.0 486.0 592.0 705.0 653.0 546.0 438.0 395.0 274.0 383.0 562.0 598.0 729.0 577.0 164.0 643.0 356.0 639.0 165.0 701.0 542.0 648.0 261.0 641.0 26.0 649.0 510.0 637.0 924.0 352.0 559.0 667.0 632.0 599.0 754.0 247.0 669.0 294.0 700.0 782.0 251.0 192.0 135.0 642.0 339.0 253.0 743.0 617.0 510.0 260.0 483.0 37.0 481.0 724.0 303.0 687.0 350.0 425.0 630.0 654.0 519.0 610.0 718.0 229.0 745.0 96.0 
