200 0.0 5
1 903 138
2 489 131
3 759 949
4 168 542
5 380 949
6 230 858
7 394 186
8 98 382
9 900 958
10 474 578
11 754 769
12 737 660
13 332 159
14 409 113
15 333 704
16 483 431
17 872 151
18 323 548
19 895 783
20 841 581
21 912 239
22 45 772
23 611 956
24 668 804
25 41 584
26 822 623
27 203 987
28 691 565
29 734 82
30 121 873
31 981 128
32 793 688
33 291 708
34 621 658
35 553 477
36 735 581
37 970 923
38 608 76
39 251 71
40 985 339
41 557 935
42 461 209
43 556 777
44 856 477
45 504 342
46 605 145
47 519 507
48 249 301
49 564 854
50 188 928
51 73 526
52 935 638
53 650 705
54 571 993
55 317 712
56 476 57
57 723 72
58 346 728
59 163 586
60 752 245
61 324 147
62 787 214
63 628 822
64 634 431
65 221 584
66 523 352
67 800 212
68 22 645
69 887 478
70 39 925
71 623 202
72 114 653
73 643 582
74 681 583
75 261 653
76 876 245
77 405 412
78 331 800
79 80 24
80 570 598
81 217 848
82 732 696
83 826 885
84 440 412
85 858 396
86 706 458
87 367 635
88 73 318
89 722 328
90 475 301
91 665 964
92 48 706
93 185 848
94 491 769
95 725 894
96 751 639
97 960 159
98 951 102
99 954 907
100 722 88
101 699 849
102 748 165
103 743 407
104 940 120
105 503 31
106 443 102
107 640 619
108 59 25
109 782 93
110 825 344
111 848 38
112 704 75
113 688 729
114 561 562
115 402 877
116 395 345
117 806 509
118 641 944
119 375 489
120 291 433
121 658 998
122 328 411
123 114 71
124 271 894
125 229 931
126 487 789
127 349 649
128 251 84
129 339 584
130 957 662
131 575 972
132 671 150
133 125 191
134 503 703
135 132 86
136 808 477
137 849 354
138 58 875
139 127 266
140 387 926
141 44 752
142 978 305
143 609 9
144 539 855
145 805 7
146 760 740
147 858 550
148 110 822
149 696 878
150 738 769
151 207 142
152 240 298
153 396 497
154 285 221
155 840 172
156 812 187
157 638 61
158 987 853
159 567 365
160 53 327
161 634 366
162 666 589
163 602 102
164 246 497
165 487 233
166 775 541
167 413 927
168 718 177
169 538 19
170 183 92
171 239 12
172 732 846
173 593 958
174 850 348
175 692 466
176 611 893
177 294 146
178 341 347
179 191 598
180 788 361
181 17 415
182 385 236
183 239 266
184 331 89
185 485 439
186 703 888
187 302 246
188 351 816
189 511 638
190 157 42
191 540 90
192 302 582
193 722 903
194 124 703
195 680 141
196 912 967
197 529 640
198 328 755
199 61 492
200 937 840
opening costs
399 431 705 491 899 838 164 16 786 190 124 913 13 860 178 312 869 768 474 784 962 5 524 404 740 648 525 318 860 811 61 547 109 32 575 857 519 358 450 404 669 385 91 647 749 870 872 719 846 513 925 793 582 515 264 676 772 685 802 463 15 874 659 97 992 925 268 680 290 3 731 729 555 217 423 357 587 218 173 429 146 46 556 228 421 934 673 50 759 999 684 538 616 381 81 420 279 306 500 484 239 529 532 493 123 505 276 711 878 110 266 9 478 254 345 667 416 243 570 910 126 831 700 483 444 373 541 264 128 918 563 787 287 71 157 253 608 271 748 221 523 745 267 859 155 599 684 144 166 543 28 701 471 298 546 514 139 510 247 108 860 365 714 612 67 270 58 360 576 798 98 789 398 844 121 633 716 416 348 451 952 203 297 642 152 93 292 462 556 563 782 165 682 908 522 975 226 172 164 21 
star costs
0.0 415.0 824.0 839.0 966.0 986.0 512.0 842.0 821.0 615.0 649.0 548.0 572.0 495.0 804.0 513.0 34.0 711.0 646.0 448.0 102.0 1067.0 869.0 707.0 971.0 492.0 1101.0 477.0 179.0 1074.0 79.0 561.0 837.0 592.0 488.0 474.0 788.0 302.0 656.0 218.0 869.0 448.0 728.0 343.0 449.0 299.0 533.0 675.0 793.0 1066.0 917.0 502.0 621.0 918.0 821.0 435.0 192.0 812.0 866.0 186.0 580.0 139.0 738.0 398.0 815.0 437.0 127.0 1017.0 341.0 1169.0 288.0 943.0 515.0 498.0 824.0 111.0 569.0 875.0 831.0 568.0 988.0 584.0 751.0 539.0 262.0 376.0 731.0 850.0 263.0 458.0 860.0 1027.0 1010.0 754.0 777.0 524.0 61.0 60.0 771.0 188.0 740.0 158.0 313.0 42.0 415.0 462.0 549.0 852.0 130.0 221.0 115.0 209.0 629.0 545.0 893.0 549.0 384.0 848.0 635.0 680.0 895.0 637.0 792.0 986.0 1041.0 773.0 754.0 655.0 720.0 527.0 897.0 233.0 780.0 693.0 773.0 353.0 223.0 1122.0 787.0 942.0 1056.0 184.0 322.0 805.0 164.0 619.0 415.0 1048.0 769.0 653.0 697.0 683.0 622.0 624.0 72.0 104.0 276.0 720.0 406.0 871.0 353.0 510.0 304.0 749.0 427.0 423.0 929.0 190.0 384.0 722.0 676.0 729.0 877.0 217.0 391.0 810.0 610.0 600.0 848.0 251.0 929.0 528.0 677.0 575.0 516.0 777.0 611.0 875.0 636.0 753.0 367.0 748.0 787.0 963.0 224.0 830.0 627.0 844.0 914.0 703.0 
415.0 0.0 862.0 522.0 826.0 772.0 110.0 465.0 924.0 448.0 691.0 585.0 160.0 82.0 594.0 301.0 384.0 449.0 769.0 572.0 437.0 780.0 834.0 697.0 638.0 595.0 903.0 479.0 250.0 829.0 493.0 635.0 611.0 544.0 352.0 513.0 927.0 132.0 246.0 538.0 807.0 83.0 650.0 505.0 212.0 117.0 378.0 295.0 727.0 852.0 574.0 676.0 597.0 866.0 606.0 76.0 242.0 614.0 560.0 287.0 166.0 310.0 705.0 334.0 527.0 224.0 322.0 695.0 529.0 913.0 152.0 643.0 477.0 492.0 570.0 404.0 294.0 688.0 423.0 474.0 767.0 616.0 826.0 286.0 455.0 393.0 519.0 457.0 306.0 171.0 852.0 725.0 779.0 639.0 799.0 572.0 472.0 463.0 905.0 237.0 749.0 262.0 376.0 452.0 101.0 55.0 511.0 443.0 296.0 398.0 371.0 223.0 631.0 437.0 752.0 234.0 494.0 828.0 376.0 362.0 884.0 323.0 380.0 794.0 842.0 659.0 537.0 243.0 478.0 708.0 846.0 183.0 369.0 573.0 360.0 471.0 424.0 860.0 387.0 802.0 764.0 520.0 172.0 726.0 340.0 667.0 559.0 789.0 776.0 685.0 283.0 300.0 378.0 223.0 354.0 328.0 165.0 878.0 247.0 479.0 277.0 492.0 117.0 440.0 103.0 500.0 800.0 234.0 123.0 309.0 277.0 756.0 834.0 422.0 392.0 772.0 196.0 262.0 554.0 378.0 551.0 148.0 285.0 164.0 309.0 787.0 220.0 699.0 508.0 344.0 66.0 489.0 807.0 679.0 192.0 937.0 511.0 645.0 560.0 839.0 
824.0 862.0 0.0 718.0 379.0 537.0 846.0 871.0 142.0 468.0 181.0 290.0 899.0 907.0 492.0 587.0 806.0 593.0 215.0 378.0 727.0 736.0 149.0 172.0 806.0 333.0 558.0 390.0 868.0 643.0 851.0 264.0 527.0 323.0 515.0 369.0 213.0 886.0 1015.0 651.0 203.0 798.0 267.0 482.0 659.0 819.0 503.0 825.0 217.0 572.0 806.0 358.0 268.0 194.0 502.0 936.0 878.0 469.0 698.0 705.0 913.0 736.0 183.0 533.0 651.0 642.0 739.0 798.0 489.0 721.0 760.0 710.0 385.0 375.0 580.0 714.0 644.0 454.0 1148.0 399.0 552.0 255.0 93.0 625.0 562.0 494.0 503.0 933.0 623.0 708.0 96.0 752.0 583.0 323.0 65.0 311.0 816.0 869.0 200.0 862.0 117.0 785.0 543.0 849.0 954.0 905.0 351.0 1160.0 857.0 609.0 916.0 876.0 232.0 435.0 365.0 706.0 443.0 119.0 600.0 697.0 113.0 690.0 1090.0 492.0 531.0 316.0 509.0 1004.0 557.0 349.0 186.0 804.0 989.0 356.0 1067.0 475.0 602.0 705.0 931.0 373.0 742.0 681.0 952.0 240.0 944.0 210.0 412.0 662.0 95.0 182.0 978.0 833.0 580.0 869.0 782.0 764.0 897.0 248.0 615.0 941.0 597.0 372.0 862.0 684.0 766.0 409.0 347.0 774.0 956.0 1033.0 1072.0 107.0 167.0 608.0 488.0 159.0 928.0 733.0 668.0 589.0 915.0 806.0 859.0 961.0 579.0 83.0 839.0 430.0 398.0 1089.0 887.0 587.0 60.0 681.0 812.0 155.0 386.0 473.0 835.0 209.0 
839.0 522.0 718.0 0.0 459.0 323.0 422.0 175.0 842.0 309.0 629.0 582.0 417.0 493.0 232.0 334.0 806.0 156.0 766.0 675.0 804.0 261.0 607.0 565.0 134.0 659.0 447.0 524.0 730.0 335.0 913.0 642.0 207.0 468.0 391.0 569.0 888.0 641.0 479.0 842.0 553.0 444.0 454.0 692.0 392.0 591.0 353.0 255.0 505.0 387.0 97.0 773.0 509.0 605.0 227.0 575.0 728.0 258.0 45.0 656.0 425.0 701.0 539.0 480.0 68.0 403.0 713.0 179.0 722.0 405.0 569.0 124.0 477.0 515.0 145.0 768.0 271.0 306.0 526.0 406.0 310.0 585.0 743.0 302.0 706.0 545.0 220.0 244.0 594.0 391.0 652.0 204.0 307.0 395.0 659.0 592.0 880.0 899.0 867.0 717.0 614.0 692.0 591.0 880.0 612.0 519.0 479.0 529.0 761.0 687.0 847.0 711.0 553.0 394.0 409.0 301.0 639.0 621.0 214.0 165.0 670.0 207.0 475.0 367.0 394.0 404.0 211.0 466.0 177.0 799.0 593.0 638.0 354.0 372.0 458.0 644.0 707.0 351.0 280.0 443.0 244.0 844.0 692.0 486.0 832.0 625.0 691.0 286.0 626.0 614.0 402.0 255.0 233.0 342.0 768.0 736.0 673.0 877.0 437.0 244.0 499.0 501.0 619.0 91.0 445.0 608.0 457.0 661.0 641.0 451.0 535.0 641.0 595.0 710.0 530.0 566.0 416.0 261.0 61.0 646.0 198.0 376.0 285.0 482.0 334.0 638.0 325.0 330.0 357.0 501.0 586.0 140.0 662.0 167.0 651.0 857.0 375.0 267.0 119.0 825.0 
966.0 826.0 379.0 459.0 0.0 176.0 764.0 634.0 521.0 383.0 416.0 460.0 792.0 837.0 250.0 529.0 938.0 406.0 542.0 590.0 888.0 379.0 232.0 323.0 499.0 550.0 182.0 495.0 937.0 270.0 1018.0 489.0 257.0 378.0 503.0 512.0 591.0 903.0 888.0 860.0 178.0 745.0 247.0 671.0 620.0 835.0 464.0 662.0 208.0 194.0 523.0 637.0 364.0 197.0 246.0 898.0 942.0 224.0 423.0 797.0 804.0 841.0 279.0 577.0 399.0 614.0 849.0 470.0 693.0 342.0 786.0 398.0 452.0 474.0 320.0 862.0 538.0 157.0 973.0 400.0 192.0 434.0 451.0 541.0 731.0 590.0 315.0 702.0 709.0 655.0 286.0 412.0 220.0 212.0 350.0 484.0 981.0 1022.0 576.0 927.0 335.0 867.0 653.0 1001.0 927.0 850.0 421.0 979.0 946.0 752.0 1025.0 933.0 379.0 428.0 76.0 605.0 613.0 262.0 461.0 524.0 283.0 541.0 918.0 123.0 153.0 193.0 302.0 875.0 368.0 645.0 197.0 851.0 800.0 276.0 898.0 638.0 758.0 331.0 729.0 25.0 390.0 879.0 968.0 185.0 1034.0 434.0 623.0 299.0 324.0 401.0 826.0 666.0 453.0 735.0 903.0 876.0 925.0 615.0 614.0 703.0 636.0 460.0 876.0 472.0 724.0 568.0 40.0 843.0 944.0 880.0 948.0 367.0 214.0 763.0 576.0 238.0 808.0 604.0 399.0 716.0 646.0 714.0 698.0 862.0 521.0 329.0 708.0 137.0 338.0 935.0 874.0 376.0 346.0 356.0 862.0 533.0 344.0 201.0 558.0 568.0 
986.0 772.0 537.0 323.0 176.0 0.0 692.0 494.0 678.0 372.0 532.0 545.0 707.0 767.0 186.0 497.0 955.0 324.0 670.0 671.0 922.0 205.0 394.0 442.0 333.0 637.0 132.0 547.0 926.0 111.0 1048.0 589.0 162.0 440.0 500.0 576.0 743.0 869.0 788.0 917.0 336.0 689.0 336.0 733.0 585.0 806.0 455.0 558.0 335.0 82.0 368.0 739.0 447.0 367.0 170.0 838.0 928.0 175.0 281.0 806.0 718.0 852.0 400.0 588.0 275.0 585.0 862.0 298.0 759.0 203.0 765.0 236.0 497.0 529.0 208.0 891.0 480.0 117.0 848.0 429.0 17.0 528.0 597.0 493.0 780.0 622.0 262.0 563.0 724.0 609.0 448.0 238.0 47.0 276.0 497.0 566.0 1011.0 1045.0 726.0 914.0 470.0 866.0 684.0 1025.0 871.0 786.0 475.0 851.0 944.0 787.0 1027.0 916.0 476.0 445.0 174.0 539.0 674.0 420.0 397.0 430.0 451.0 458.0 796.0 55.0 74.0 267.0 241.0 775.0 295.0 753.0 364.0 835.0 676.0 314.0 779.0 693.0 799.0 173.0 601.0 172.0 215.0 931.0 930.0 310.0 1028.0 543.0 700.0 126.0 467.0 516.0 717.0 561.0 398.0 640.0 918.0 889.0 896.0 758.0 598.0 560.0 637.0 513.0 843.0 362.0 676.0 631.0 196.0 838.0 894.0 768.0 847.0 503.0 377.0 803.0 606.0 383.0 715.0 523.0 263.0 748.0 492.0 642.0 593.0 776.0 491.0 474.0 617.0 129.0 357.0 820.0 829.0 286.0 495.0 188.0 847.0 691.0 371.0 143.0 404.0 708.0 
512.0 110.0 846.0 422.0 764.0 692.0 0.0 356.0 924.0 401.0 686.0 586.0 68.0 75.0 522.0 261.0 480.0 369.0 780.0 597.0 521.0 683.0 800.0 677.0 532.0 612.0 824.0 482.0 356.0 740.0 590.0 642.0 533.0 524.0 332.0 522.0 936.0 241.0 184.0 611.0 767.0 71.0 613.0 547.0 191.0 215.0 345.0 186.0 690.0 771.0 468.0 705.0 579.0 827.0 532.0 153.0 349.0 545.0 462.0 363.0 81.0 394.0 678.0 343.0 434.0 211.0 407.0 591.0 573.0 820.0 230.0 545.0 468.0 490.0 486.0 486.0 227.0 618.0 354.0 449.0 686.0 612.0 822.0 231.0 510.0 414.0 450.0 348.0 358.0 141.0 824.0 625.0 695.0 592.0 782.0 577.0 567.0 564.0 913.0 343.0 730.0 355.0 414.0 550.0 190.0 98.0 499.0 372.0 399.0 460.0 478.0 330.0 618.0 412.0 692.0 160.0 524.0 798.0 304.0 268.0 854.0 235.0 303.0 719.0 764.0 611.0 466.0 176.0 402.0 738.0 807.0 280.0 270.0 529.0 281.0 507.0 486.0 767.0 279.0 741.0 666.0 597.0 279.0 685.0 449.0 664.0 590.0 697.0 756.0 677.0 193.0 191.0 312.0 115.0 447.0 419.0 275.0 893.0 249.0 370.0 300.0 487.0 225.0 345.0 105.0 521.0 742.0 325.0 221.0 231.0 234.0 742.0 798.0 484.0 409.0 740.0 108.0 170.0 460.0 432.0 442.0 51.0 175.0 116.0 269.0 767.0 110.0 632.0 467.0 278.0 175.0 407.0 789.0 584.0 290.0 938.0 474.0 573.0 453.0 851.0 
842.0 465.0 871.0 175.0 634.0 494.0 356.0 0.0 988.0 425.0 762.0 697.0 324.0 412.0 399.0 389.0 808.0 280.0 893.0 770.0 827.0 394.0 770.0 710.0 210.0 764.0 615.0 621.0 704.0 492.0 919.0 760.0 379.0 592.0 465.0 668.0 1027.0 595.0 347.0 889.0 719.0 403.0 605.0 764.0 408.0 560.0 440.0 172.0 664.0 554.0 147.0 876.0 640.0 773.0 397.0 499.0 698.0 426.0 215.0 669.0 327.0 710.0 689.0 539.0 237.0 427.0 723.0 274.0 795.0 547.0 555.0 272.0 581.0 617.0 317.0 790.0 309.0 479.0 359.0 520.0 481.0 708.0 885.0 344.0 761.0 613.0 370.0 69.0 627.0 386.0 813.0 328.0 475.0 552.0 810.0 702.0 891.0 898.0 1005.0 690.0 762.0 686.0 646.0 882.0 536.0 445.0 592.0 360.0 743.0 728.0 826.0 680.0 685.0 497.0 581.0 300.0 720.0 782.0 297.0 200.0 833.0 232.0 312.0 541.0 565.0 564.0 367.0 335.0 315.0 904.0 759.0 619.0 193.0 517.0 298.0 717.0 752.0 495.0 120.0 617.0 374.0 884.0 633.0 647.0 801.0 753.0 779.0 441.0 777.0 748.0 264.0 165.0 320.0 247.0 772.0 741.0 629.0 1007.0 470.0 72.0 537.0 605.0 577.0 188.0 417.0 696.0 630.0 654.0 571.0 303.0 396.0 786.0 760.0 753.0 600.0 725.0 307.0 246.0 236.0 691.0 88.0 323.0 183.0 375.0 392.0 789.0 246.0 503.0 486.0 346.0 530.0 286.0 813.0 323.0 630.0 1003.0 503.0 439.0 117.0 956.0 
821.0 924.0 142.0 842.0 521.0 678.0 924.0 988.0 0.0 571.0 239.0 340.0 981.0 978.0 622.0 673.0 808.0 708.0 176.0 382.0 720.0 875.0 290.0 279.0 937.0 344.0 698.0 446.0 892.0 784.0 834.0 291.0 659.0 410.0 594.0 412.0 79.0 930.0 1100.0 625.0 344.0 869.0 389.0 484.0 733.0 865.0 591.0 925.0 352.0 713.0 934.0 322.0 356.0 331.0 633.0 996.0 904.0 600.0 826.0 729.0 995.0 753.0 305.0 591.0 776.0 714.0 753.0 933.0 481.0 862.0 806.0 844.0 456.0 435.0 709.0 714.0 737.0 591.0 1243.0 489.0 692.0 312.0 104.0 714.0 564.0 537.0 624.0 1046.0 655.0 783.0 236.0 889.0 724.0 451.0 187.0 353.0 802.0 858.0 75.0 889.0 229.0 808.0 573.0 839.0 1009.0 971.0 428.0 1257.0 874.0 619.0 922.0 905.0 313.0 522.0 505.0 795.0 459.0 260.0 704.0 805.0 246.0 792.0 1186.0 633.0 672.0 447.0 632.0 1089.0 675.0 302.0 326.0 840.0 1091.0 472.0 1162.0 490.0 607.0 847.0 1038.0 514.0 881.0 658.0 993.0 376.0 956.0 260.0 411.0 802.0 220.0 249.0 1071.0 934.0 684.0 960.0 789.0 777.0 935.0 137.0 681.0 1057.0 650.0 437.0 907.0 801.0 835.0 436.0 488.0 802.0 1007.0 1125.0 1155.0 202.0 307.0 613.0 535.0 297.0 1014.0 829.0 796.0 608.0 1037.0 887.0 957.0 1039.0 665.0 210.0 930.0 568.0 504.0 1180.0 940.0 707.0 187.0 817.0 847.0 15.0 489.0 607.0 960.0 124.0 
615.0 448.0 468.0 309.0 383.0 372.0 401.0 425.0 571.0 0.0 339.0 276.0 443.0 470.0 190.0 148.0 584.0 154.0 469.0 368.0 554.0 471.0 403.0 298.0 434.0 351.0 491.0 218.0 561.0 461.0 678.0 338.0 225.0 168.0 129.0 262.0 605.0 520.0 554.0 565.0 367.0 370.0 216.0 396.0 238.0 453.0 85.0 357.0 291.0 452.0 405.0 465.0 218.0 427.0 207.0 522.0 564.0 198.0 312.0 434.0 457.0 481.0 289.0 218.0 254.0 232.0 491.0 457.0 425.0 557.0 405.0 368.0 170.0 208.0 226.0 523.0 180.0 265.0 680.0 99.0 373.0 284.0 468.0 170.0 425.0 262.0 122.0 478.0 353.0 278.0 431.0 445.0 396.0 192.0 404.0 284.0 642.0 674.0 582.0 550.0 353.0 496.0 319.0 654.0 548.0 478.0 171.0 692.0 575.0 422.0 657.0 554.0 262.0 89.0 308.0 247.0 340.0 403.0 134.0 234.0 459.0 222.0 622.0 376.0 430.0 212.0 144.0 543.0 136.0 491.0 407.0 472.0 522.0 129.0 600.0 349.0 437.0 512.0 467.0 359.0 464.0 574.0 585.0 285.0 661.0 329.0 386.0 439.0 374.0 326.0 512.0 365.0 113.0 404.0 547.0 517.0 543.0 583.0 233.0 491.0 266.0 193.0 493.0 242.0 346.0 304.0 355.0 470.0 563.0 567.0 613.0 373.0 399.0 441.0 246.0 344.0 468.0 267.0 284.0 382.0 486.0 354.0 391.0 510.0 140.0 386.0 374.0 268.0 71.0 623.0 493.0 173.0 409.0 372.0 484.0 586.0 83.0 230.0 422.0 532.0 
649.0 691.0 181.0 629.0 416.0 532.0 686.0 762.0 239.0 339.0 0.0 111.0 742.0 742.0 426.0 434.0 630.0 485.0 142.0 208.0 554.0 710.0 236.0 93.0 737.0 162.0 593.0 214.0 688.0 642.0 681.0 90.0 468.0 174.0 355.0 189.0 266.0 709.0 861.0 489.0 258.0 633.0 199.0 310.0 495.0 642.0 352.0 689.0 209.0 588.0 724.0 224.0 123.0 290.0 441.0 765.0 698.0 411.0 619.0 525.0 757.0 556.0 137.0 359.0 565.0 477.0 559.0 743.0 320.0 732.0 582.0 651.0 218.0 200.0 507.0 539.0 500.0 425.0 1005.0 252.0 543.0 77.0 137.0 476.0 388.0 315.0 410.0 817.0 443.0 545.0 215.0 709.0 575.0 263.0 129.0 131.0 644.0 696.0 243.0 682.0 98.0 605.0 363.0 676.0 780.0 736.0 189.0 1019.0 677.0 431.0 738.0 696.0 78.0 284.0 369.0 556.0 266.0 209.0 472.0 573.0 249.0 557.0 947.0 499.0 550.0 268.0 423.0 850.0 455.0 230.0 271.0 625.0 855.0 260.0 924.0 297.0 426.0 705.0 804.0 400.0 711.0 516.0 774.0 232.0 764.0 30.0 243.0 647.0 124.0 16.0 833.0 698.0 450.0 722.0 604.0 585.0 718.0 248.0 446.0 829.0 421.0 201.0 685.0 577.0 599.0 229.0 376.0 594.0 781.0 886.0 916.0 81.0 249.0 432.0 310.0 190.0 775.0 591.0 589.0 410.0 818.0 649.0 720.0 801.0 426.0 130.0 692.0 406.0 277.0 941.0 712.0 490.0 138.0 634.0 633.0 254.0 260.0 427.0 747.0 197.0 
548.0 585.0 290.0 582.0 460.0 545.0 586.0 697.0 340.0 276.0 111.0 0.0 645.0 638.0 407.0 342.0 527.0 429.0 201.0 131.0 456.0 702.0 322.0 160.0 701.0 93.0 627.0 106.0 579.0 652.0 586.0 63.0 449.0 117.0 260.0 80.0 352.0 599.0 764.0 406.0 329.0 529.0 216.0 219.0 395.0 532.0 267.0 606.0 260.0 611.0 678.0 200.0 98.0 373.0 424.0 658.0 589.0 397.0 579.0 416.0 659.0 449.0 196.0 252.0 522.0 376.0 453.0 716.0 236.0 747.0 472.0 624.0 123.0 96.0 477.0 438.0 415.0 430.0 915.0 179.0 553.0 37.0 242.0 387.0 291.0 205.0 371.0 747.0 333.0 445.0 313.0 691.0 584.0 270.0 235.0 26.0 549.0 598.0 329.0 573.0 193.0 496.0 254.0 577.0 672.0 631.0 106.0 929.0 569.0 329.0 632.0 586.0 85.0 202.0 400.0 465.0 167.0 300.0 401.0 501.0 348.0 479.0 858.0 522.0 576.0 282.0 389.0 754.0 406.0 221.0 352.0 515.0 772.0 238.0 834.0 197.0 326.0 713.0 727.0 440.0 700.0 430.0 664.0 278.0 657.0 84.0 164.0 648.0 222.0 110.0 742.0 615.0 378.0 631.0 499.0 479.0 608.0 316.0 341.0 761.0 312.0 101.0 575.0 518.0 495.0 125.0 420.0 484.0 672.0 794.0 818.0 187.0 331.0 332.0 200.0 265.0 679.0 505.0 550.0 304.0 761.0 552.0 636.0 701.0 336.0 231.0 601.0 417.0 228.0 848.0 604.0 442.0 244.0 615.0 523.0 354.0 209.0 420.0 697.0 270.0 
572.0 160.0 899.0 417.0 792.0 707.0 68.0 324.0 981.0 443.0 742.0 645.0 0.0 90.0 546.0 312.0 541.0 390.0 841.0 662.0 586.0 677.0 845.0 728.0 516.0 675.0 838.0 542.0 410.0 745.0 650.0 702.0 551.0 577.0 388.0 584.0 996.0 289.0 120.0 678.0 808.0 139.0 658.0 613.0 252.0 274.0 396.0 165.0 733.0 783.0 450.0 771.0 632.0 868.0 554.0 177.0 401.0 570.0 460.0 429.0 15.0 459.0 727.0 407.0 440.0 272.0 471.0 577.0 641.0 821.0 295.0 540.0 526.0 550.0 500.0 551.0 264.0 642.0 286.0 500.0 699.0 670.0 879.0 276.0 577.0 479.0 478.0 304.0 426.0 202.0 872.0 617.0 705.0 631.0 834.0 638.0 628.0 622.0 973.0 397.0 782.0 417.0 481.0 610.0 214.0 125.0 554.0 305.0 455.0 527.0 530.0 382.0 673.0 464.0 722.0 197.0 590.0 844.0 333.0 278.0 901.0 253.0 236.0 738.0 779.0 649.0 491.0 111.0 426.0 803.0 849.0 340.0 210.0 571.0 213.0 573.0 553.0 767.0 232.0 769.0 660.0 663.0 316.0 727.0 497.0 722.0 656.0 700.0 806.0 733.0 127.0 167.0 345.0 78.0 509.0 481.0 322.0 955.0 313.0 326.0 367.0 545.0 276.0 349.0 172.0 585.0 773.0 387.0 250.0 164.0 174.0 795.0 841.0 552.0 474.0 786.0 41.0 189.0 462.0 499.0 406.0 94.0 142.0 71.0 320.0 818.0 93.0 658.0 512.0 211.0 220.0 425.0 841.0 583.0 349.0 995.0 520.0 597.0 430.0 911.0 
495.0 82.0 907.0 493.0 837.0 767.0 75.0 412.0 978.0 470.0 742.0 638.0 90.0 0.0 596.0 327.0 465.0 444.0 828.0 637.0 519.0 753.0 867.0 738.0 598.0 657.0 898.0 533.0 327.0 813.0 573.0 692.0 607.0 585.0 392.0 571.0 986.0 203.0 164.0 619.0 836.0 110.0 681.0 577.0 248.0 199.0 410.0 247.0 758.0 845.0 533.0 744.0 640.0 895.0 607.0 88.0 317.0 619.0 534.0 368.0 92.0 392.0 743.0 390.0 508.0 265.0 404.0 658.0 602.0 893.0 232.0 616.0 525.0 544.0 560.0 486.0 300.0 692.0 341.0 512.0 760.0 667.0 878.0 301.0 531.0 456.0 524.0 394.0 380.0 200.0 889.0 695.0 769.0 662.0 843.0 628.0 553.0 543.0 964.0 314.0 792.0 343.0 445.0 532.0 125.0 36.0 557.0 361.0 374.0 476.0 446.0 298.0 677.0 475.0 765.0 233.0 561.0 863.0 378.0 342.0 920.0 309.0 298.0 794.0 838.0 681.0 540.0 161.0 477.0 776.0 875.0 265.0 295.0 598.0 279.0 541.0 502.0 839.0 321.0 814.0 736.0 601.0 226.0 754.0 410.0 719.0 627.0 770.0 818.0 734.0 205.0 251.0 385.0 165.0 436.0 410.0 235.0 939.0 298.0 416.0 339.0 541.0 194.0 418.0 144.0 564.0 815.0 316.0 160.0 227.0 198.0 802.0 865.0 500.0 453.0 806.0 120.0 244.0 532.0 453.0 495.0 126.0 229.0 82.0 335.0 829.0 171.0 706.0 535.0 262.0 134.0 482.0 850.0 656.0 273.0 992.0 541.0 648.0 515.0 899.0 
804.0 594.0 492.0 232.0 250.0 186.0 522.0 399.0 622.0 190.0 426.0 407.0 546.0 596.0 0.0 312.0 773.0 157.0 568.0 523.0 743.0 296.0 376.0 350.0 316.0 496.0 312.0 385.0 741.0 272.0 867.0 461.0 43.0 292.0 317.0 421.0 674.0 686.0 639.0 748.0 322.0 512.0 235.0 571.0 401.0 622.0 271.0 412.0 276.0 267.0 316.0 606.0 318.0 375.0 18.0 663.0 743.0 28.0 207.0 622.0 558.0 668.0 318.0 407.0 165.0 401.0 679.0 317.0 599.0 368.0 580.0 225.0 334.0 369.0 89.0 712.0 301.0 97.0 726.0 260.0 185.0 400.0 526.0 311.0 609.0 447.0 77.0 466.0 542.0 428.0 422.0 286.0 207.0 171.0 436.0 424.0 831.0 863.0 654.0 729.0 394.0 681.0 507.0 843.0 695.0 612.0 319.0 733.0 759.0 610.0 842.0 731.0 356.0 269.0 187.0 365.0 512.0 391.0 220.0 275.0 439.0 294.0 670.0 200.0 250.0 176.0 58.0 626.0 121.0 626.0 362.0 649.0 554.0 171.0 650.0 527.0 624.0 324.0 485.0 229.0 293.0 759.0 748.0 256.0 842.0 429.0 548.0 253.0 403.0 411.0 576.0 417.0 217.0 486.0 735.0 705.0 712.0 671.0 412.0 470.0 453.0 353.0 660.0 225.0 496.0 472.0 237.0 653.0 716.0 631.0 699.0 424.0 364.0 628.0 431.0 337.0 560.0 358.0 178.0 570.0 429.0 471.0 448.0 616.0 306.0 414.0 460.0 114.0 190.0 685.0 648.0 126.0 437.0 210.0 662.0 636.0 207.0 52.0 345.0 620.0 
513.0 301.0 587.0 334.0 529.0 497.0 261.0 389.0 673.0 148.0 434.0 342.0 312.0 327.0 312.0 0.0 480.0 199.0 542.0 389.0 471.0 556.0 541.0 417.0 468.0 390.0 623.0 248.0 430.0 572.0 583.0 403.0 338.0 266.0 84.0 294.0 693.0 377.0 429.0 511.0 510.0 224.0 354.0 376.0 92.0 311.0 85.0 268.0 431.0 578.0 421.0 498.0 321.0 569.0 327.0 375.0 432.0 328.0 356.0 328.0 326.0 374.0 418.0 151.0 304.0 89.0 386.0 509.0 407.0 665.0 269.0 431.0 221.0 250.0 314.0 435.0 81.0 400.0 573.0 189.0 495.0 364.0 570.0 48.0 377.0 225.0 235.0 426.0 261.0 131.0 564.0 515.0 513.0 339.0 523.0 340.0 550.0 573.0 670.0 419.0 471.0 376.0 262.0 553.0 401.0 332.0 245.0 588.0 452.0 353.0 537.0 420.0 362.0 153.0 454.0 124.0 333.0 537.0 123.0 193.0 594.0 157.0 516.0 510.0 561.0 359.0 256.0 418.0 211.0 528.0 549.0 339.0 432.0 273.0 493.0 329.0 375.0 615.0 393.0 505.0 544.0 511.0 441.0 428.0 533.0 415.0 394.0 541.0 496.0 424.0 400.0 278.0 110.0 289.0 442.0 410.0 402.0 658.0 107.0 443.0 165.0 242.0 350.0 247.0 199.0 313.0 501.0 347.0 416.0 453.0 485.0 484.0 539.0 377.0 212.0 480.0 342.0 165.0 337.0 313.0 467.0 219.0 295.0 375.0 9.0 508.0 259.0 407.0 209.0 508.0 346.0 236.0 530.0 451.0 351.0 687.0 215.0 360.0 427.0 612.0 
34.0 384.0 806.0 806.0 938.0 955.0 480.0 808.0 808.0 584.0 630.0 527.0 541.0 465.0 773.0 480.0 0.0 678.0 633.0 432.0 97.0 1035.0 847.0 685.0 938.0 475.0 1071.0 452.0 155.0 1042.0 112.0 543.0 805.0 566.0 457.0 452.0 779.0 275.0 627.0 220.0 845.0 416.0 702.0 327.0 415.0 268.0 502.0 641.0 768.0 1036.0 883.0 492.0 597.0 895.0 790.0 408.0 169.0 781.0 832.0 153.0 549.0 106.0 714.0 368.0 782.0 403.0 95.0 984.0 328.0 1138.0 255.0 910.0 489.0 473.0 791.0 95.0 535.0 845.0 803.0 540.0 957.0 563.0 736.0 505.0 246.0 350.0 700.0 817.0 233.0 425.0 839.0 994.0 979.0 727.0 758.0 503.0 89.0 93.0 761.0 163.0 720.0 125.0 287.0 75.0 389.0 432.0 523.0 823.0 108.0 199.0 116.0 185.0 607.0 516.0 865.0 515.0 365.0 826.0 602.0 646.0 874.0 603.0 763.0 956.0 1011.0 746.0 723.0 625.0 687.0 519.0 874.0 202.0 749.0 664.0 743.0 333.0 205.0 1090.0 754.0 915.0 1024.0 187.0 299.0 779.0 159.0 600.0 400.0 1016.0 749.0 633.0 666.0 649.0 589.0 592.0 39.0 70.0 251.0 712.0 373.0 838.0 321.0 485.0 275.0 716.0 394.0 402.0 902.0 157.0 360.0 692.0 649.0 709.0 854.0 199.0 363.0 787.0 579.0 567.0 815.0 227.0 895.0 495.0 644.0 545.0 483.0 757.0 578.0 845.0 607.0 724.0 338.0 715.0 767.0 930.0 193.0 817.0 598.0 813.0 880.0 693.0 
711.0 449.0 593.0 156.0 406.0 324.0 369.0 280.0 708.0 154.0 485.0 429.0 390.0 444.0 157.0 199.0 678.0 0.0 619.0 520.0 666.0 358.0 500.0 430.0 285.0 505.0 456.0 369.0 622.0 383.0 781.0 491.0 164.0 318.0 241.0 414.0 748.0 552.0 483.0 695.0 453.0 367.0 327.0 538.0 275.0 492.0 201.0 258.0 390.0 404.0 251.0 619.0 363.0 510.0 165.0 515.0 622.0 182.0 165.0 526.0 402.0 572.0 411.0 333.0 109.0 281.0 584.0 317.0 569.0 473.0 458.0 234.0 322.0 360.0 122.0 631.0 159.0 253.0 578.0 253.0 319.0 435.0 606.0 180.0 557.0 394.0 98.0 340.0 456.0 291.0 539.0 318.0 331.0 278.0 531.0 438.0 747.0 771.0 726.0 609.0 482.0 573.0 444.0 751.0 548.0 462.0 325.0 586.0 647.0 542.0 732.0 608.0 408.0 239.0 339.0 216.0 485.0 508.0 79.0 120.0 562.0 138.0 521.0 350.0 395.0 292.0 105.0 470.0 40.0 645.0 494.0 529.0 409.0 238.0 500.0 491.0 561.0 421.0 344.0 384.0 346.0 699.0 611.0 376.0 725.0 478.0 536.0 348.0 499.0 471.0 423.0 264.0 90.0 330.0 640.0 608.0 580.0 731.0 305.0 349.0 361.0 346.0 527.0 93.0 356.0 453.0 390.0 542.0 572.0 478.0 543.0 507.0 491.0 564.0 379.0 450.0 404.0 202.0 142.0 502.0 334.0 319.0 295.0 460.0 196.0 510.0 303.0 270.0 209.0 533.0 507.0 40.0 535.0 253.0 542.0 723.0 226.0 208.0 268.0 680.0 
646.0 769.0 215.0 766.0 542.0 670.0 780.0 893.0 176.0 469.0 142.0 201.0 841.0 828.0 568.0 542.0 633.0 619.0 0.0 210.0 545.0 851.0 333.0 228.0 877.0 176.0 722.0 299.0 720.0 780.0 661.0 140.0 609.0 302.0 459.0 258.0 159.0 764.0 961.0 454.0 371.0 720.0 340.0 309.0 590.0 701.0 467.0 807.0 339.0 722.0 862.0 151.0 258.0 387.0 583.0 839.0 732.0 552.0 759.0 557.0 855.0 580.0 270.0 439.0 703.0 570.0 579.0 884.0 306.0 868.0 642.0 792.0 323.0 293.0 648.0 539.0 615.0 565.0 1114.0 374.0 682.0 185.0 124.0 588.0 389.0 376.0 549.0 945.0 487.0 640.0 293.0 851.0 713.0 405.0 204.0 204.0 628.0 684.0 138.0 717.0 207.0 636.0 406.0 665.0 849.0 818.0 304.0 1129.0 700.0 445.0 747.0 734.0 214.0 401.0 502.0 665.0 289.0 301.0 598.0 699.0 320.0 679.0 1057.0 634.0 683.0 409.0 563.0 951.0 591.0 136.0 372.0 672.0 972.0 401.0 1034.0 319.0 432.0 843.0 926.0 528.0 852.0 486.0 826.0 364.0 782.0 142.0 236.0 786.0 221.0 158.0 941.0 816.0 576.0 830.0 614.0 602.0 767.0 116.0 532.0 958.0 492.0 301.0 742.0 710.0 685.0 271.0 504.0 632.0 844.0 993.0 1013.0 175.0 350.0 438.0 377.0 305.0 876.0 705.0 728.0 436.0 953.0 748.0 836.0 895.0 536.0 219.0 801.0 545.0 411.0 1046.0 779.0 627.0 211.0 776.0 678.0 185.0 393.0 568.0 884.0 71.0 
448.0 572.0 378.0 675.0 590.0 671.0 597.0 770.0 382.0 368.0 208.0 131.0 662.0 637.0 523.0 389.0 432.0 520.0 210.0 0.0 350.0 819.0 440.0 283.0 801.0 47.0 757.0 151.0 511.0 777.0 475.0 118.0 565.0 234.0 307.0 106.0 366.0 557.0 780.0 282.0 454.0 532.0 346.0 106.0 414.0 496.0 331.0 655.0 389.0 740.0 770.0 110.0 228.0 493.0 541.0 639.0 523.0 517.0 679.0 348.0 676.0 371.0 322.0 256.0 621.0 392.0 372.0 822.0 113.0 873.0 438.0 731.0 199.0 161.0 585.0 338.0 468.0 556.0 944.0 272.0 679.0 159.0 305.0 436.0 186.0 183.0 478.0 812.0 280.0 461.0 422.0 803.0 709.0 398.0 334.0 108.0 439.0 492.0 346.0 508.0 304.0 427.0 200.0 472.0 646.0 623.0 205.0 960.0 492.0 238.0 544.0 525.0 213.0 281.0 530.0 505.0 81.0 415.0 475.0 570.0 456.0 541.0 889.0 651.0 706.0 411.0 497.0 772.0 503.0 142.0 473.0 464.0 816.0 360.0 865.0 110.0 228.0 837.0 781.0 571.0 816.0 309.0 618.0 408.0 576.0 179.0 36.0 770.0 331.0 215.0 772.0 665.0 453.0 663.0 410.0 396.0 559.0 309.0 349.0 828.0 299.0 176.0 536.0 601.0 497.0 78.0 551.0 423.0 639.0 820.0 829.0 287.0 452.0 234.0 189.0 388.0 699.0 553.0 651.0 227.0 841.0 572.0 680.0 709.0 384.0 337.0 635.0 544.0 335.0 871.0 576.0 540.0 344.0 728.0 469.0 393.0 318.0 542.0 786.0 277.0 
102.0 437.0 727.0 804.0 888.0 922.0 521.0 827.0 720.0 554.0 554.0 456.0 586.0 519.0 743.0 471.0 97.0 666.0 545.0 350.0 0.0 1018.0 778.0 616.0 937.0 395.0 1031.0 394.0 238.0 1014.0 131.0 465.0 779.0 511.0 431.0 386.0 687.0 345.0 683.0 124.0 782.0 452.0 646.0 245.0 421.0 322.0 476.0 666.0 707.0 1000.0 887.0 400.0 535.0 828.0 761.0 473.0 253.0 748.0 826.0 161.0 596.0 128.0 649.0 338.0 773.0 406.0 116.0 979.0 241.0 1111.0 292.0 899.0 436.0 415.0 772.0 37.0 536.0 808.0 860.0 496.0 925.0 492.0 652.0 503.0 167.0 301.0 674.0 843.0 210.0 442.0 766.0 983.0 949.0 677.0 682.0 432.0 94.0 143.0 670.0 243.0 647.0 180.0 239.0 123.0 459.0 489.0 468.0 880.0 196.0 137.0 211.0 265.0 539.0 478.0 817.0 528.0 291.0 756.0 593.0 651.0 801.0 609.0 816.0 917.0 973.0 696.0 697.0 679.0 669.0 426.0 807.0 257.0 789.0 619.0 795.0 260.0 132.0 1065.0 786.0 865.0 1009.0 94.0 381.0 721.0 256.0 524.0 316.0 992.0 675.0 558.0 712.0 675.0 577.0 628.0 99.0 113.0 327.0 619.0 368.0 864.0 306.0 428.0 339.0 715.0 426.0 332.0 850.0 204.0 434.0 744.0 711.0 634.0 787.0 126.0 317.0 720.0 625.0 582.0 806.0 174.0 913.0 528.0 674.0 601.0 472.0 682.0 611.0 805.0 566.0 781.0 401.0 700.0 691.0 915.0 252.0 728.0 555.0 780.0 888.0 602.0 
1067.0 780.0 736.0 261.0 379.0 205.0 683.0 394.0 875.0 471.0 710.0 702.0 677.0 753.0 296.0 556.0 1035.0 358.0 851.0 819.0 1018.0 0.0 596.0 624.0 189.0 792.0 267.0 679.0 976.0 127.0 1137.0 753.0 255.0 588.0 588.0 716.0 938.0 896.0 731.0 1035.0 538.0 701.0 512.0 863.0 629.0 841.0 544.0 514.0 526.0 212.0 248.0 901.0 609.0 571.0 279.0 835.0 975.0 305.0 221.0 882.0 685.0 929.0 586.0 681.0 258.0 637.0 941.0 130.0 892.0 154.0 812.0 138.0 628.0 664.0 247.0 985.0 510.0 288.0 749.0 554.0 189.0 692.0 790.0 535.0 896.0 732.0 350.0 455.0 810.0 638.0 650.0 67.0 160.0 447.0 691.0 719.0 1102.0 1127.0 919.0 963.0 659.0 929.0 788.0 1108.0 872.0 780.0 615.0 748.0 1003.0 890.0 1088.0 960.0 645.0 558.0 373.0 553.0 806.0 621.0 435.0 419.0 654.0 459.0 705.0 257.0 244.0 443.0 328.0 719.0 349.0 919.0 567.0 883.0 587.0 464.0 692.0 819.0 907.0 104.0 513.0 376.0 21.0 1044.0 949.0 501.0 1079.0 716.0 843.0 83.0 660.0 694.0 651.0 513.0 446.0 601.0 997.0 965.0 926.0 946.0 662.0 446.0 716.0 648.0 872.0 341.0 698.0 766.0 400.0 899.0 901.0 694.0 785.0 691.0 579.0 910.0 716.0 579.0 674.0 518.0 228.0 850.0 359.0 635.0 542.0 741.0 552.0 669.0 586.0 310.0 485.0 739.0 843.0 320.0 690.0 105.0 896.0 889.0 502.0 284.0 281.0 895.0 
869.0 834.0 149.0 607.0 232.0 394.0 800.0 770.0 290.0 403.0 236.0 322.0 845.0 867.0 376.0 541.0 847.0 500.0 333.0 440.0 778.0 596.0 0.0 163.0 681.0 395.0 410.0 400.0 883.0 497.0 907.0 324.0 405.0 299.0 483.0 395.0 361.0 881.0 956.0 722.0 58.0 762.0 188.0 539.0 624.0 812.0 459.0 749.0 113.0 424.0 689.0 454.0 255.0 55.0 383.0 910.0 892.0 350.0 582.0 725.0 859.0 763.0 136.0 526.0 539.0 611.0 768.0 667.0 552.0 573.0 755.0 583.0 376.0 380.0 463.0 759.0 582.0 321.0 1073.0 361.0 409.0 287.0 227.0 571.0 613.0 507.0 404.0 835.0 638.0 669.0 55.0 617.0 440.0 223.0 130.0 347.0 871.0 920.0 347.0 876.0 139.0 803.0 565.0 899.0 932.0 871.0 339.0 1083.0 880.0 649.0 949.0 886.0 240.0 398.0 224.0 649.0 488.0 33.0 524.0 614.0 64.0 615.0 1016.0 346.0 383.0 209.0 404.0 944.0 461.0 455.0 40.0 809.0 907.0 276.0 994.0 518.0 648.0 559.0 843.0 226.0 603.0 748.0 948.0 125.0 969.0 263.0 476.0 519.0 116.0 227.0 909.0 756.0 507.0 805.0 817.0 795.0 896.0 390.0 593.0 841.0 591.0 372.0 855.0 587.0 734.0 447.0 201.0 787.0 940.0 965.0 1015.0 164.0 19.0 654.0 497.0 63.0 870.0 667.0 552.0 621.0 804.0 755.0 784.0 912.0 533.0 115.0 775.0 296.0 334.0 1021.0 869.0 486.0 124.0 549.0 818.0 302.0 327.0 348.0 720.0 347.0 
707.0 697.0 172.0 565.0 323.0 442.0 677.0 710.0 279.0 298.0 93.0 160.0 728.0 738.0 350.0 417.0 685.0 430.0 228.0 283.0 616.0 624.0 163.0 0.0 665.0 238.0 500.0 241.0 726.0 552.0 745.0 171.0 390.0 154.0 347.0 233.0 325.0 731.0 844.0 563.0 172.0 630.0 116.0 378.0 491.0 663.0 333.0 655.0 116.0 496.0 657.0 315.0 101.0 213.0 363.0 772.0 735.0 331.0 551.0 566.0 742.0 602.0 44.0 375.0 499.0 475.0 607.0 666.0 393.0 641.0 604.0 575.0 224.0 222.0 435.0 597.0 473.0 338.0 977.0 229.0 454.0 126.0 178.0 454.0 451.0 349.0 346.0 769.0 480.0 539.0 161.0 628.0 485.0 181.0 107.0 185.0 709.0 757.0 304.0 719.0 55.0 644.0 405.0 737.0 791.0 738.0 188.0 989.0 721.0 487.0 787.0 730.0 78.0 265.0 276.0 535.0 326.0 143.0 431.0 529.0 195.0 520.0 919.0 408.0 458.0 182.0 355.0 833.0 396.0 323.0 193.0 655.0 819.0 194.0 897.0 356.0 486.0 615.0 763.0 307.0 627.0 588.0 798.0 139.0 809.0 113.0 318.0 559.0 80.0 79.0 807.0 663.0 411.0 698.0 655.0 634.0 744.0 323.0 451.0 779.0 440.0 216.0 706.0 522.0 600.0 284.0 284.0 629.0 796.0 862.0 901.0 77.0 172.0 491.0 339.0 106.0 757.0 562.0 520.0 459.0 759.0 635.0 689.0 791.0 409.0 91.0 668.0 318.0 229.0 918.0 726.0 429.0 113.0 554.0 664.0 294.0 215.0 344.0 683.0 272.0 
971.0 638.0 806.0 134.0 499.0 333.0 532.0 210.0 937.0 434.0 737.0 701.0 516.0 598.0 316.0 468.0 938.0 285.0 877.0 801.0 937.0 189.0 681.0 665.0 0.0 782.0 435.0 651.0 856.0 300.0 1045.0 760.0 280.0 585.0 524.0 695.0 989.0 762.0 555.0 976.0 625.0 564.0 550.0 822.0 523.0 715.0 485.0 352.0 589.0 375.0 67.0 896.0 621.0 670.0 305.0 684.0 853.0 338.0 123.0 788.0 521.0 833.0 634.0 613.0 180.0 535.0 846.0 64.0 853.0 342.0 697.0 101.0 603.0 641.0 231.0 902.0 403.0 362.0 562.0 530.0 318.0 701.0 841.0 435.0 839.0 677.0 330.0 268.0 728.0 519.0 731.0 123.0 301.0 487.0 751.0 713.0 1013.0 1030.0 969.0 843.0 710.0 822.0 724.0 1012.0 721.0 628.0 601.0 560.0 889.0 820.0 975.0 836.0 664.0 521.0 465.0 428.0 769.0 700.0 348.0 293.0 744.0 336.0 519.0 387.0 395.0 491.0 315.0 543.0 298.0 920.0 661.0 766.0 402.0 478.0 507.0 775.0 841.0 292.0 330.0 487.0 169.0 978.0 809.0 567.0 958.0 736.0 818.0 248.0 718.0 722.0 473.0 349.0 366.0 438.0 899.0 868.0 794.0 984.0 570.0 258.0 632.0 626.0 740.0 223.0 568.0 736.0 506.0 790.0 753.0 513.0 606.0 740.0 667.0 843.0 662.0 649.0 506.0 383.0 151.0 780.0 171.0 490.0 375.0 574.0 468.0 729.0 428.0 388.0 474.0 555.0 703.0 262.0 753.0 146.0 778.0 952.0 492.0 335.0 95.0 932.0 
492.0 595.0 333.0 659.0 550.0 637.0 612.0 764.0 344.0 351.0 162.0 93.0 675.0 657.0 496.0 390.0 475.0 505.0 176.0 47.0 395.0 792.0 395.0 238.0 782.0 0.0 719.0 144.0 549.0 745.0 520.0 72.0 538.0 205.0 307.0 97.0 335.0 588.0 795.0 328.0 410.0 550.0 308.0 150.0 425.0 525.0 325.0 658.0 347.0 704.0 756.0 114.0 191.0 448.0 513.0 664.0 560.0 488.0 661.0 385.0 689.0 411.0 278.0 269.0 603.0 404.0 412.0 801.0 159.0 840.0 466.0 709.0 184.0 147.0 562.0 382.0 468.0 522.0 954.0 254.0 646.0 116.0 263.0 437.0 230.0 202.0 456.0 809.0 312.0 474.0 376.0 779.0 676.0 362.0 288.0 73.0 485.0 537.0 314.0 545.0 258.0 464.0 230.0 517.0 673.0 645.0 183.0 970.0 532.0 280.0 586.0 561.0 171.0 269.0 491.0 510.0 116.0 369.0 467.0 564.0 410.0 538.0 898.0 615.0 669.0 374.0 474.0 786.0 485.0 141.0 428.0 497.0 821.0 329.0 875.0 147.0 271.0 805.0 782.0 531.0 789.0 355.0 650.0 366.0 617.0 133.0 82.0 740.0 285.0 169.0 781.0 667.0 445.0 671.0 452.0 437.0 592.0 284.0 363.0 825.0 319.0 160.0 566.0 590.0 515.0 95.0 510.0 458.0 668.0 831.0 845.0 241.0 406.0 277.0 204.0 343.0 712.0 555.0 632.0 265.0 832.0 584.0 684.0 726.0 384.0 291.0 643.0 510.0 312.0 884.0 604.0 522.0 298.0 703.0 503.0 356.0 294.0 512.0 773.0 246.0 
1101.0 903.0 558.0 447.0 182.0 132.0 824.0 615.0 698.0 491.0 593.0 627.0 838.0 898.0 312.0 623.0 1071.0 456.0 722.0 757.0 1031.0 267.0 410.0 500.0 435.0 719.0 0.0 646.0 1050.0 141.0 1159.0 662.0 293.0 532.0 619.0 670.0 770.0 997.0 918.0 1016.0 358.0 820.0 411.0 829.0 712.0 934.0 575.0 688.0 385.0 61.0 479.0 811.0 529.0 369.0 298.0 970.0 1053.0 296.0 403.0 924.0 849.0 969.0 456.0 704.0 404.0 712.0 979.0 387.0 853.0 176.0 891.0 346.0 599.0 626.0 339.0 1002.0 610.0 227.0 971.0 535.0 140.0 604.0 632.0 622.0 883.0 730.0 389.0 682.0 839.0 738.0 463.0 321.0 141.0 362.0 531.0 650.0 1122.0 1159.0 756.0 1039.0 515.0 987.0 793.0 1138.0 1002.0 917.0 572.0 973.0 1066.0 895.0 1148.0 1041.0 550.0 556.0 228.0 671.0 770.0 441.0 527.0 561.0 456.0 590.0 921.0 116.0 62.0 347.0 369.0 905.0 426.0 822.0 373.0 959.0 800.0 414.0 904.0 792.0 905.0 184.0 725.0 194.0 284.0 1033.0 1059.0 361.0 1151.0 610.0 788.0 190.0 505.0 578.0 846.0 690.0 527.0 771.0 1035.0 1006.0 1024.0 796.0 721.0 677.0 756.0 611.0 971.0 492.0 806.0 726.0 219.0 960.0 1025.0 896.0 976.0 548.0 392.0 910.0 715.0 419.0 846.0 655.0 390.0 857.0 602.0 773.0 722.0 908.0 617.0 510.0 748.0 227.0 466.0 947.0 959.0 417.0 526.0 295.0 972.0 710.0 477.0 264.0 515.0 749.0 
477.0 479.0 390.0 524.0 495.0 547.0 482.0 621.0 446.0 218.0 214.0 106.0 542.0 533.0 385.0 248.0 452.0 369.0 299.0 151.0 394.0 679.0 400.0 241.0 651.0 144.0 646.0 0.0 485.0 648.0 525.0 160.0 425.0 117.0 164.0 47.0 454.0 496.0 662.0 371.0 394.0 424.0 252.0 187.0 292.0 429.0 182.0 515.0 316.0 621.0 620.0 255.0 146.0 445.0 402.0 552.0 495.0 382.0 529.0 326.0 557.0 364.0 265.0 146.0 471.0 272.0 370.0 674.0 215.0 745.0 370.0 584.0 51.0 21.0 439.0 370.0 325.0 430.0 817.0 126.0 553.0 138.0 348.0 294.0 238.0 109.0 332.0 666.0 240.0 342.0 400.0 659.0 580.0 286.0 331.0 96.0 488.0 532.0 432.0 479.0 285.0 405.0 167.0 510.0 567.0 526.0 75.0 832.0 481.0 259.0 550.0 491.0 165.0 131.0 426.0 369.0 128.0 383.0 326.0 422.0 435.0 395.0 760.0 534.0 590.0 303.0 353.0 652.0 353.0 284.0 424.0 416.0 679.0 234.0 737.0 147.0 264.0 705.0 639.0 472.0 674.0 388.0 563.0 328.0 570.0 189.0 168.0 636.0 314.0 210.0 643.0 525.0 303.0 533.0 421.0 397.0 507.0 413.0 236.0 681.0 208.0 35.0 472.0 451.0 390.0 88.0 457.0 389.0 568.0 695.0 715.0 284.0 406.0 270.0 100.0 338.0 578.0 413.0 502.0 226.0 691.0 450.0 542.0 597.0 242.0 324.0 504.0 423.0 195.0 748.0 499.0 390.0 340.0 584.0 425.0 459.0 179.0 410.0 635.0 369.0 
179.0 250.0 868.0 730.0 937.0 926.0 356.0 704.0 892.0 561.0 688.0 579.0 410.0 327.0 741.0 430.0 155.0 622.0 720.0 511.0 238.0 976.0 883.0 726.0 856.0 549.0 1050.0 485.0 0.0 1001.0 252.0 609.0 767.0 587.0 435.0 500.0 874.0 127.0 484.0 360.0 872.0 302.0 718.0 414.0 348.0 144.0 477.0 533.0 791.0 1007.0 797.0 592.0 629.0 926.0 756.0 260.0 15.0 754.0 762.0 164.0 416.0 143.0 748.0 364.0 718.0 343.0 146.0 908.0 425.0 1093.0 164.0 843.0 509.0 504.0 742.0 217.0 466.0 824.0 657.0 542.0 925.0 615.0 809.0 442.0 338.0 378.0 664.0 702.0 247.0 340.0 885.0 928.0 943.0 729.0 813.0 558.0 239.0 218.0 854.0 14.0 768.0 85.0 326.0 210.0 237.0 292.0 546.0 678.0 50.0 278.0 123.0 31.0 649.0 511.0 862.0 430.0 434.0 868.0 543.0 566.0 920.0 523.0 621.0 935.0 988.0 749.0 686.0 484.0 639.0 622.0 905.0 93.0 619.0 663.0 603.0 402.0 296.0 1043.0 635.0 913.0 962.0 331.0 145.0 798.0 104.0 659.0 485.0 968.0 797.0 688.0 531.0 540.0 536.0 471.0 140.0 131.0 99.0 812.0 329.0 724.0 302.0 512.0 134.0 641.0 290.0 461.0 904.0 97.0 206.0 552.0 500.0 765.0 888.0 291.0 387.0 821.0 445.0 474.0 750.0 285.0 791.0 382.0 529.0 404.0 436.0 807.0 463.0 828.0 600.0 579.0 195.0 661.0 822.0 871.0 80.0 903.0 595.0 786.0 789.0 785.0 
1074.0 829.0 643.0 335.0 270.0 111.0 740.0 492.0 784.0 461.0 642.0 652.0 745.0 813.0 272.0 572.0 1042.0 383.0 780.0 777.0 1014.0 127.0 497.0 552.0 300.0 745.0 141.0 648.0 1001.0 0.0 1138.0 697.0 237.0 545.0 587.0 680.0 851.0 935.0 813.0 1016.0 441.0 746.0 446.0 835.0 655.0 875.0 541.0 587.0 444.0 87.0 351.0 848.0 556.0 466.0 254.0 890.0 1003.0 268.0 291.0 891.0 754.0 937.0 510.0 678.0 306.0 659.0 948.0 249.0 862.0 98.0 839.0 221.0 598.0 631.0 261.0 983.0 542.0 223.0 850.0 527.0 100.0 637.0 706.0 561.0 878.0 718.0 343.0 558.0 812.0 673.0 552.0 183.0 69.0 385.0 605.0 673.0 1102.0 1133.0 834.0 989.0 579.0 946.0 778.0 1113.0 925.0 836.0 578.0 851.0 1023.0 881.0 1108.0 989.0 585.0 539.0 282.0 595.0 776.0 525.0 461.0 472.0 552.0 507.0 803.0 152.0 123.0 376.0 320.0 800.0 363.0 863.0 465.0 909.0 683.0 419.0 788.0 793.0 895.0 64.0 608.0 272.0 144.0 1029.0 993.0 419.0 1104.0 653.0 805.0 53.0 576.0 626.0 737.0 588.0 466.0 673.0 1005.0 974.0 963.0 867.0 677.0 551.0 722.0 615.0 909.0 397.0 738.0 734.0 297.0 917.0 951.0 784.0 870.0 612.0 480.0 899.0 702.0 491.0 748.0 571.0 284.0 841.0 470.0 690.0 619.0 812.0 567.0 583.0 653.0 237.0 456.0 832.0 889.0 343.0 602.0 171.0 922.0 797.0 470.0 239.0 386.0 817.0 
