150 0.0 5
1 375 234
2 661 541
3 689 953
4 874 899
5 732 298
6 274 523
7 602 79
8 827 14
9 537 773
10 891 903
11 887 446
12 241 455
13 393 380
14 349 438
15 477 834
16 912 601
17 494 320
18 92 994
19 281 166
20 704 243
21 712 883
22 693 161
23 3 89
24 884 336
25 975 217
26 953 1000
27 175 755
28 355 17
29 622 985
30 972 433
31 603 644
32 815 294
33 76 538
34 188 751
35 357 815
36 627 840
37 883 898
38 503 518
39 99 103
40 645 148
41 112 991
42 559 30
43 370 727
44 520 6
45 186 976
46 322 876
47 517 850
48 254 626
49 259 413
50 74 403
51 252 146
52 246 204
53 239 65
54 140 726
55 399 812
56 89 61
57 544 626
58 770 55
59 187 911
60 192 88
61 205 5
62 791 121
63 433 754
64 916 147
65 365 21
66 340 53
67 813 470
68 105 516
69 612 284
70 322 690
71 84 748
72 984 614
73 823 410
74 506 759
75 998 312
76 225 617
77 46 521
78 640 741
79 75 404
80 976 34
81 406 155
82 407 238
83 451 456
84 9 977
85 327 430
86 493 352
87 346 915
88 947 867
89 649 521
90 753 603
91 558 902
92 744 941
93 132 608
94 482 279
95 437 593
96 939 118
97 54 526
98 409 655
99 202 857
100 207 179
101 684 959
102 549 752
103 148 931
104 351 641
105 285 480
106 9 797
107 740 148
108 191 899
109 597 926
110 704 939
111 634 576
112 806 587
113 251 622
114 475 818
115 359 253
116 773 620
117 67 853
118 69 802
119 501 760
120 733 910
121 273 357
122 667 598
123 65 659
124 239 833
125 545 569
126 308 389
127 619 956
128 258 88
129 432 302
130 444 963
131 295 949
132 716 271
133 424 646
134 185 228
135 410 699
136 348 892
137 347 238
138 352 86
139 26 328
140 890 65
141 167 689
142 287 948
143 462 38
144 638 411
145 649 136
146 905 157
147 751 184
148 258 164
149 923 70
150 422 88
opening costs
60 151 258 489 174 635 853 54 805 614 805 264 214 522 973 331 59 580 42 838 199 396 762 138 412 525 973 915 12 543 892 861 437 879 599 330 26 460 844 792 155 250 561 113 283 125 540 338 629 406 80 632 677 940 107 289 712 146 837 756 793 517 659 176 608 121 990 521 964 737 831 703 57 836 747 467 2 180 25 856 826 391 490 684 398 825 273 537 560 510 572 161 59 146 958 947 860 211 237 721 813 189 281 809 248 432 609 903 307 474 114 830 317 459 930 589 857 873 764 339 322 739 328 738 229 950 624 915 709 837 733 394 688 380 417 990 54 495 984 566 229 300 372 352 537 187 503 363 562 231 
star costs
0.0 420.0 785.0 832.0 363.0 307.0 275.0 503.0 563.0 845.0 555.0 259.0 148.0 206.0 609.0 651.0 147.0 811.0 117.0 330.0 732.0 327.0 400.0 520.0 601.0 960.0 559.0 218.0 791.0 630.0 470.0 445.0 427.0 550.0 582.0 657.0 837.0 312.0 306.0 284.0 802.0 275.0 494.0 271.0 766.0 645.0 633.0 411.0 214.0 346.0 152.0 133.0 217.0 546.0 579.0 335.0 427.0 434.0 703.0 235.0 286.0 432.0 524.0 548.0 214.0 185.0 498.0 391.0 243.0 460.0 591.0 718.0 482.0 542.0 628.0 412.0 437.0 573.0 345.0 634.0 85.0 33.0 235.0 829.0 202.0 167.0 682.0 854.0 397.0 529.0 693.0 798.0 447.0 117.0 365.0 576.0 434.0 423.0 647.0 177.0 789.0 547.0 734.0 408.0 262.0 672.0 375.0 690.0 727.0 778.0 430.0 558.0 408.0 593.0 25.0 555.0 692.0 646.0 541.0 765.0 160.0 467.0 527.0 615.0 376.0 169.0 763.0 188.0 89.0 733.0 720.0 344.0 415.0 191.0 467.0 659.0 29.0 150.0 362.0 543.0 501.0 720.0 215.0 318.0 291.0 536.0 380.0 137.0 573.0 154.0 
420.0 0.0 413.0 417.0 254.0 388.0 466.0 553.0 264.0 429.0 246.0 429.0 313.0 329.0 346.0 259.0 278.0 728.0 534.0 302.0 346.0 382.0 799.0 303.0 452.0 545.0 532.0 607.0 446.0 330.0 119.0 292.0 586.0 518.0 410.0 301.0 421.0 160.0 713.0 394.0 710.0 522.0 346.0 554.0 645.0 477.0 341.0 416.0 422.0 604.0 569.0 535.0 637.0 553.0 377.0 747.0 145.0 499.0 602.0 653.0 704.0 440.0 313.0 470.0 599.0 585.0 168.0 557.0 262.0 371.0 614.0 332.0 209.0 268.0 408.0 443.0 616.0 202.0 602.0 597.0 463.0 396.0 227.0 785.0 352.0 253.0 489.0 434.0 24.0 111.0 376.0 409.0 534.0 318.0 230.0 507.0 608.0 277.0 558.0 581.0 419.0 239.0 645.0 326.0 381.0 701.0 401.0 591.0 391.0 401.0 45.0 153.0 418.0 334.0 418.0 138.0 671.0 647.0 272.0 376.0 430.0 58.0 608.0 514.0 120.0 385.0 418.0 607.0 332.0 475.0 549.0 276.0 260.0 570.0 297.0 471.0 437.0 551.0 670.0 529.0 516.0 553.0 541.0 133.0 406.0 455.0 369.0 552.0 539.0 513.0 
785.0 413.0 0.0 193.0 657.0 598.0 879.0 950.0 236.0 209.0 545.0 670.0 645.0 618.0 244.0 417.0 663.0 599.0 887.0 711.0 74.0 793.0 1104.0 648.0 790.0 269.0 551.0 994.0 75.0 593.0 321.0 671.0 741.0 541.0 360.0 129.0 202.0 474.0 1035.0 807.0 579.0 933.0 391.0 962.0 504.0 375.0 201.0 545.0 691.0 826.0 918.0 871.0 996.0 595.0 323.0 1076.0 358.0 902.0 504.0 998.0 1065.0 839.0 325.0 838.0 987.0 966.0 499.0 730.0 674.0 452.0 639.0 450.0 560.0 267.0 712.0 573.0 775.0 218.0 824.0 963.0 847.0 769.0 552.0 681.0 637.0 633.0 346.0 272.0 434.0 356.0 141.0 57.0 656.0 706.0 440.0 872.0 766.0 409.0 497.0 912.0 8.0 245.0 542.0 460.0 623.0 698.0 807.0 501.0 96.0 21.0 381.0 385.0 550.0 254.0 774.0 344.0 630.0 639.0 270.0 62.0 727.0 356.0 690.0 466.0 411.0 681.0 71.0 967.0 700.0 246.0 395.0 683.0 406.0 883.0 378.0 347.0 793.0 931.0 912.0 911.0 585.0 403.0 943.0 545.0 818.0 825.0 772.0 900.0 914.0 906.0 
832.0 417.0 193.0 0.0 618.0 709.0 864.0 887.0 360.0 18.0 454.0 774.0 708.0 699.0 403.0 301.0 693.0 788.0 943.0 678.0 163.0 760.0 1190.0 564.0 690.0 129.0 714.0 1024.0 267.0 477.0 373.0 608.0 876.0 702.0 524.0 254.0 10.0 532.0 1111.0 786.0 768.0 925.0 533.0 961.0 693.0 553.0 361.0 678.0 784.0 942.0 977.0 937.0 1049.0 755.0 483.0 1149.0 429.0 851.0 688.0 1060.0 1117.0 783.0 465.0 754.0 1015.0 1001.0 434.0 860.0 669.0 591.0 805.0 306.0 492.0 394.0 600.0 708.0 911.0 283.0 940.0 871.0 879.0 810.0 613.0 869.0 721.0 667.0 529.0 80.0 440.0 320.0 317.0 137.0 798.0 734.0 534.0 784.0 901.0 526.0 674.0 982.0 200.0 357.0 727.0 584.0 723.0 871.0 763.0 683.0 279.0 175.0 403.0 320.0 682.0 408.0 827.0 297.0 809.0 811.0 399.0 142.0 810.0 366.0 844.0 639.0 466.0 762.0 262.0 1019.0 743.0 435.0 582.0 648.0 517.0 962.0 506.0 527.0 846.0 967.0 1023.0 835.0 738.0 590.0 955.0 543.0 796.0 743.0 726.0 959.0 831.0 929.0 
363.0 254.0 657.0 618.0 0.0 511.0 255.0 300.0 514.0 626.0 215.0 516.0 349.0 408.0 594.0 353.0 240.0 946.0 470.0 62.0 586.0 143.0 759.0 157.0 257.0 736.0 721.0 471.0 696.0 276.0 370.0 84.0 699.0 708.0 639.0 553.0 619.0 318.0 663.0 174.0 930.0 319.0 562.0 361.0 871.0 709.0 593.0 580.0 487.0 667.0 504.0 496.0 546.0 731.0 613.0 686.0 379.0 246.0 821.0 580.0 603.0 187.0 546.0 239.0 460.0 463.0 191.0 664.0 121.0 568.0 789.0 405.0 145.0 514.0 267.0 600.0 722.0 453.0 666.0 360.0 356.0 331.0 323.0 992.0 426.0 246.0 728.0 609.0 238.0 306.0 629.0 644.0 676.0 251.0 418.0 275.0 716.0 482.0 771.0 539.0 663.0 490.0 862.0 513.0 483.0 879.0 151.0 809.0 643.0 642.0 295.0 299.0 580.0 581.0 376.0 325.0 867.0 833.0 517.0 613.0 463.0 307.0 759.0 728.0 330.0 434.0 668.0 519.0 301.0 725.0 785.0 32.0 465.0 552.0 515.0 708.0 390.0 436.0 707.0 282.0 688.0 788.0 375.0 147.0 183.0 224.0 116.0 493.0 298.0 375.0 
307.0 388.0 598.0 709.0 511.0 0.0 553.0 752.0 363.0 725.0 618.0 76.0 187.0 114.0 372.0 643.0 300.0 505.0 358.0 514.0 567.0 554.0 512.0 639.0 765.0 830.0 253.0 513.0 579.0 704.0 351.0 588.0 199.0 244.0 304.0 475.0 716.0 230.0 455.0 528.0 496.0 570.0 226.0 573.0 462.0 357.0 408.0 105.0 112.0 234.0 378.0 321.0 460.0 244.0 315.0 498.0 289.0 682.0 398.0 443.0 523.0 655.0 281.0 745.0 511.0 475.0 542.0 170.0 414.0 174.0 295.0 716.0 561.0 331.0 755.0 107.0 229.0 427.0 232.0 856.0 391.0 315.0 190.0 526.0 108.0 278.0 399.0 756.0 376.0 486.0 474.0 629.0 166.0 321.0 178.0 779.0 221.0 189.0 342.0 351.0 599.0 358.0 428.0 141.0 45.0 382.0 599.0 386.0 517.0 599.0 364.0 536.0 102.0 357.0 284.0 509.0 390.0 347.0 329.0 601.0 167.0 401.0 250.0 312.0 275.0 139.0 554.0 436.0 272.0 472.0 427.0 509.0 194.0 309.0 223.0 377.0 295.0 444.0 316.0 768.0 198.0 426.0 521.0 381.0 539.0 730.0 586.0 360.0 792.0 460.0 
275.0 466.0 879.0 864.0 255.0 553.0 0.0 235.0 698.0 874.0 465.0 522.0 367.0 440.0 766.0 608.0 265.0 1048.0 333.0 194.0 812.0 123.0 600.0 382.0 398.0 986.0 800.0 255.0 907.0 513.0 566.0 303.0 699.0 790.0 776.0 762.0 866.0 451.0 504.0 82.0 1036.0 66.0 689.0 110.0 989.0 845.0 776.0 649.0 479.0 620.0 357.0 378.0 364.0 796.0 761.0 514.0 551.0 170.0 930.0 411.0 404.0 194.0 696.0 322.0 244.0 264.0 445.0 662.0 206.0 673.0 847.0 658.0 398.0 687.0 460.0 657.0 711.0 664.0 620.0 377.0 211.0 252.0 407.0 1077.0 446.0 294.0 875.0 861.0 445.0 546.0 825.0 874.0 708.0 234.0 540.0 340.0 708.0 608.0 875.0 408.0 884.0 676.0 966.0 616.0 512.0 932.0 155.0 918.0 848.0 867.0 499.0 548.0 647.0 750.0 299.0 568.0 941.0 899.0 689.0 842.0 431.0 524.0 791.0 837.0 494.0 428.0 878.0 345.0 281.0 899.0 923.0 224.0 595.0 443.0 650.0 852.0 301.0 251.0 628.0 289.0 750.0 925.0 146.0 334.0 74.0 313.0 183.0 355.0 322.0 181.0 
503.0 553.0 950.0 887.0 300.0 752.0 235.0 0.0 813.0 892.0 437.0 734.0 568.0 639.0 892.0 594.0 453.0 1225.0 567.0 260.0 877.0 199.0 828.0 328.0 252.0 995.0 988.0 473.0 993.0 444.0 669.0 281.0 916.0 976.0 929.0 850.0 886.0 600.0 734.0 227.0 1211.0 269.0 847.0 308.0 1156.0 1000.0 892.0 839.0 695.0 848.0 590.0 612.0 591.0 990.0 906.0 740.0 675.0 71.0 1102.0 640.0 623.0 113.0 839.0 161.0 463.0 489.0 457.0 880.0 346.0 844.0 1045.0 621.0 397.0 812.0 344.0 853.0 932.0 751.0 848.0 151.0 444.0 476.0 581.0 1264.0 651.0 476.0 1022.0 862.0 538.0 594.0 928.0 931.0 915.0 436.0 699.0 153.0 928.0 766.0 1050.0 642.0 956.0 789.0 1142.0 788.0 715.0 1133.0 160.0 1090.0 941.0 934.0 595.0 574.0 838.0 878.0 526.0 609.0 1133.0 1094.0 815.0 901.0 652.0 606.0 999.0 1009.0 623.0 641.0 965.0 574.0 489.0 1024.0 1076.0 280.0 750.0 677.0 802.0 1001.0 530.0 481.0 861.0 82.0 945.0 1079.0 366.0 440.0 216.0 163.0 187.0 589.0 112.0 412.0 
563.0 264.0 236.0 360.0 514.0 363.0 698.0 813.0 0.0 378.0 479.0 435.0 419.0 385.0 86.0 413.0 456.0 497.0 659.0 556.0 207.0 632.0 868.0 559.0 708.0 474.0 363.0 778.0 229.0 553.0 145.0 554.0 518.0 350.0 185.0 113.0 368.0 258.0 801.0 635.0 478.0 744.0 174.0 768.0 406.0 239.0 80.0 319.0 455.0 593.0 689.0 640.0 769.0 400.0 144.0 842.0 148.0 755.0 377.0 767.0 837.0 700.0 106.0 732.0 772.0 747.0 410.0 503.0 495.0 231.0 454.0 475.0 463.0 35.0 652.0 349.0 552.0 108.0 592.0 860.0 632.0 551.0 329.0 567.0 403.0 424.0 239.0 421.0 276.0 275.0 131.0 267.0 438.0 498.0 206.0 769.0 543.0 175.0 346.0 680.0 238.0 25.0 420.0 229.0 387.0 529.0 658.0 369.0 165.0 236.0 220.0 328.0 324.0 77.0 550.0 282.0 477.0 469.0 39.0 240.0 493.0 219.0 486.0 304.0 205.0 448.0 201.0 740.0 483.0 212.0 300.0 533.0 170.0 649.0 147.0 224.0 568.0 712.0 678.0 792.0 380.0 306.0 739.0 376.0 647.0 718.0 627.0 670.0 803.0 695.0 
845.0 429.0 209.0 18.0 626.0 725.0 874.0 892.0 378.0 0.0 458.0 790.0 723.0 715.0 420.0 303.0 706.0 805.0 957.0 686.0 181.0 768.0 1205.0 568.0 692.0 116.0 732.0 1036.0 282.0 477.0 388.0 614.0 894.0 720.0 542.0 272.0 10.0 547.0 1126.0 795.0 784.0 934.0 550.0 971.0 709.0 570.0 378.0 695.0 800.0 958.0 991.0 952.0 1062.0 772.0 501.0 1163.0 445.0 857.0 705.0 1074.0 1131.0 789.0 482.0 757.0 1027.0 1013.0 440.0 877.0 679.0 608.0 822.0 304.0 498.0 412.0 601.0 725.0 928.0 299.0 957.0 874.0 892.0 823.0 628.0 886.0 737.0 680.0 546.0 67.0 453.0 331.0 334.0 152.0 815.0 747.0 550.0 787.0 918.0 543.0 691.0 997.0 215.0 374.0 744.0 601.0 740.0 889.0 770.0 701.0 295.0 191.0 416.0 328.0 699.0 425.0 840.0 307.0 826.0 829.0 416.0 159.0 825.0 379.0 862.0 656.0 481.0 778.0 278.0 1032.0 757.0 452.0 598.0 656.0 534.0 977.0 523.0 544.0 860.0 979.0 1039.0 839.0 755.0 606.0 966.0 554.0 805.0 747.0 733.0 974.0 834.0 941.0 
555.0 246.0 545.0 454.0 215.0 618.0 465.0 437.0 479.0 458.0 0.0 647.0 499.0 539.0 565.0 158.0 413.0 966.0 668.0 274.0 471.0 345.0 954.0 111.0 246.0 558.0 777.0 684.0 601.0 86.0 347.0 169.0 817.0 763.0 646.0 473.0 453.0 391.0 860.0 384.0 948.0 530.0 589.0 573.0 879.0 711.0 548.0 659.0 629.0 815.0 703.0 686.0 752.0 798.0 610.0 887.0 388.0 409.0 841.0 782.0 813.0 339.0 549.0 301.0 674.0 674.0 78.0 786.0 320.0 616.0 858.0 194.0 74.0 494.0 175.0 684.0 845.0 385.0 814.0 422.0 563.0 524.0 437.0 1027.0 561.0 406.0 716.0 426.0 250.0 207.0 563.0 516.0 773.0 439.0 474.0 333.0 837.0 522.0 799.0 731.0 552.0 456.0 884.0 571.0 603.0 946.0 333.0 831.0 561.0 526.0 285.0 163.0 660.0 556.0 563.0 209.0 916.0 893.0 498.0 489.0 621.0 268.0 850.0 755.0 364.0 582.0 577.0 724.0 478.0 681.0 777.0 245.0 505.0 736.0 540.0 700.0 579.0 645.0 870.0 382.0 760.0 783.0 590.0 252.0 391.0 290.0 296.0 690.0 378.0 587.0 
259.0 429.0 670.0 774.0 516.0 76.0 522.0 734.0 435.0 790.0 647.0 0.0 170.0 110.0 447.0 687.0 287.0 560.0 292.0 510.0 637.0 540.0 437.0 654.0 772.0 897.0 308.0 453.0 653.0 732.0 409.0 597.0 185.0 301.0 379.0 546.0 781.0 270.0 380.0 508.0 552.0 531.0 302.0 529.0 524.0 429.0 482.0 172.0 46.0 175.0 310.0 252.0 391.0 290.0 391.0 423.0 348.0 664.0 460.0 371.0 452.0 644.0 356.0 742.0 452.0 415.0 573.0 150.0 409.0 249.0 333.0 760.0 584.0 404.0 771.0 163.0 206.0 491.0 174.0 848.0 343.0 274.0 211.0 572.0 90.0 273.0 472.0 818.0 414.0 533.0 548.0 700.0 188.0 299.0 240.0 776.0 201.0 262.0 404.0 279.0 672.0 428.0 485.0 217.0 51.0 414.0 586.0 447.0 591.0 670.0 412.0 581.0 168.0 432.0 234.0 557.0 435.0 388.0 401.0 671.0 104.0 450.0 270.0 379.0 325.0 95.0 628.0 368.0 245.0 548.0 497.0 510.0 265.0 234.0 297.0 450.0 242.0 386.0 250.0 758.0 246.0 496.0 472.0 400.0 518.0 728.0 578.0 292.0 784.0 410.0 
148.0 313.0 645.0 708.0 349.0 187.0 367.0 568.0 419.0 723.0 499.0 170.0 0.0 73.0 462.0 565.0 118.0 684.0 242.0 340.0 596.0 372.0 487.0 493.0 605.0 836.0 434.0 365.0 647.0 582.0 338.0 431.0 355.0 424.0 437.0 517.0 714.0 177.0 404.0 343.0 673.0 388.0 348.0 395.0 631.0 502.0 487.0 283.0 139.0 320.0 274.0 230.0 351.0 429.0 433.0 441.0 289.0 498.0 570.0 355.0 420.0 475.0 377.0 573.0 361.0 332.0 430.0 319.0 240.0 319.0 481.0 636.0 432.0 396.0 609.0 291.0 375.0 438.0 319.0 678.0 226.0 143.0 96.0 710.0 83.0 104.0 538.0 738.0 293.0 424.0 548.0 662.0 347.0 135.0 218.0 606.0 370.0 276.0 514.0 274.0 649.0 404.0 604.0 265.0 148.0 567.0 418.0 557.0 583.0 640.0 311.0 462.0 281.0 446.0 132.0 450.0 575.0 533.0 396.0 630.0 123.0 351.0 431.0 479.0 243.0 86.0 619.0 322.0 88.0 586.0 578.0 341.0 268.0 258.0 320.0 514.0 150.0 297.0 371.0 589.0 383.0 578.0 349.0 247.0 354.0 559.0 409.0 255.0 615.0 294.0 
206.0 329.0 618.0 699.0 408.0 114.0 440.0 639.0 385.0 715.0 539.0 110.0 73.0 0.0 417.0 587.0 187.0 613.0 281.0 406.0 575.0 442.0 492.0 545.0 664.0 826.0 362.0 422.0 612.0 624.0 328.0 488.0 291.0 352.0 378.0 489.0 705.0 174.0 419.0 415.0 602.0 459.0 290.0 465.0 563.0 439.0 445.0 211.0 94.0 278.0 308.0 256.0 389.0 356.0 378.0 458.0 271.0 570.0 500.0 384.0 457.0 544.0 327.0 638.0 418.0 386.0 466.0 257.0 305.0 254.0 408.0 659.0 475.0 358.0 662.0 218.0 315.0 421.0 277.0 746.0 289.0 209.0 104.0 638.0 24.0 168.0 478.0 736.0 312.0 437.0 509.0 640.0 276.0 208.0 179.0 672.0 308.0 226.0 445.0 296.0 620.0 373.0 533.0 204.0 77.0 495.0 487.0 488.0 548.0 615.0 317.0 481.0 209.0 401.0 186.0 462.0 502.0 460.0 357.0 609.0 112.0 356.0 360.0 411.0 236.0 64.0 585.0 362.0 160.0 534.0 514.0 404.0 222.0 267.0 269.0 455.0 201.0 353.0 342.0 658.0 311.0 514.0 416.0 291.0 426.0 623.0 476.0 289.0 682.0 358.0 
609.0 346.0 244.0 403.0 594.0 372.0 766.0 892.0 86.0 420.0 565.0 447.0 462.0 417.0 0.0 494.0 515.0 417.0 697.0 634.0 241.0 707.0 884.0 644.0 793.0 505.0 313.0 827.0 210.0 638.0 228.0 638.0 499.0 301.0 122.0 151.0 412.0 318.0 823.0 707.0 398.0 809.0 152.0 830.0 324.0 161.0 44.0 305.0 475.0 591.0 724.0 672.0 805.0 354.0 82.0 865.0 219.0 833.0 301.0 799.0 873.0 780.0 92.0 816.0 821.0 793.0 496.0 490.0 567.0 212.0 403.0 553.0 548.0 81.0 738.0 333.0 533.0 188.0 589.0 943.0 683.0 601.0 379.0 490.0 431.0 483.0 155.0 472.0 358.0 360.0 106.0 288.0 413.0 556.0 245.0 853.0 524.0 192.0 276.0 709.0 242.0 110.0 344.0 231.0 403.0 470.0 735.0 294.0 152.0 251.0 303.0 412.0 310.0 17.0 593.0 366.0 411.0 410.0 78.0 268.0 519.0 303.0 448.0 239.0 274.0 477.0 188.0 778.0 534.0 134.0 216.0 612.0 196.0 673.0 151.0 142.0 611.0 759.0 678.0 873.0 343.0 222.0 797.0 453.0 719.0 801.0 706.0 705.0 885.0 749.0 
651.0 259.0 417.0 301.0 353.0 643.0 608.0 594.0 413.0 303.0 158.0 687.0 565.0 587.0 494.0 0.0 504.0 910.0 767.0 415.0 346.0 492.0 1044.0 267.0 390.0 402.0 753.0 808.0 482.0 179.0 312.0 322.0 839.0 740.0 595.0 372.0 299.0 418.0 954.0 526.0 890.0 672.0 557.0 713.0 818.0 651.0 467.0 659.0 680.0 862.0 802.0 776.0 861.0 783.0 555.0 985.0 369.0 565.0 789.0 885.0 925.0 496.0 503.0 455.0 798.0 793.0 165.0 812.0 437.0 597.0 841.0 74.0 211.0 436.0 302.0 688.0 870.0 306.0 860.0 571.0 675.0 622.0 484.0 979.0 610.0 488.0 648.0 269.0 275.0 160.0 465.0 380.0 781.0 538.0 476.0 484.0 862.0 506.0 755.0 822.0 425.0 394.0 833.0 563.0 639.0 925.0 485.0 781.0 453.0 397.0 280.0 107.0 662.0 488.0 654.0 141.0 882.0 867.0 441.0 358.0 685.0 246.0 849.0 712.0 369.0 641.0 461.0 832.0 566.0 592.0 709.0 384.0 491.0 818.0 512.0 635.0 672.0 761.0 928.0 537.0 751.0 715.0 721.0 334.0 535.0 445.0 448.0 787.0 532.0 710.0 
147.0 278.0 663.0 693.0 240.0 300.0 265.0 453.0 456.0 706.0 413.0 287.0 118.0 187.0 515.0 504.0 0.0 785.0 263.0 224.0 604.0 255.0 543.0 391.0 492.0 821.0 540.0 334.0 678.0 492.0 342.0 323.0 472.0 529.0 514.0 537.0 697.0 199.0 451.0 229.0 773.0 298.0 426.0 316.0 725.0 582.0 531.0 389.0 253.0 429.0 299.0 274.0 361.0 539.0 502.0 481.0 311.0 383.0 666.0 381.0 428.0 358.0 439.0 457.0 326.0 309.0 353.0 436.0 124.0 409.0 593.0 572.0 342.0 440.0 505.0 401.0 492.0 446.0 428.0 561.0 187.0 120.0 143.0 817.0 200.0 33.0 614.0 711.0 254.0 384.0 586.0 670.0 463.0 43.0 279.0 489.0 486.0 346.0 612.0 320.0 667.0 436.0 703.0 352.0 264.0 681.0 301.0 654.0 615.0 654.0 292.0 411.0 388.0 499.0 151.0 410.0 683.0 643.0 441.0 637.0 225.0 328.0 547.0 573.0 255.0 199.0 649.0 331.0 65.0 645.0 660.0 228.0 334.0 323.0 389.0 591.0 169.0 274.0 469.0 471.0 494.0 662.0 284.0 171.0 241.0 443.0 291.0 283.0 497.0 243.0 
811.0 728.0 599.0 788.0 946.0 505.0 1048.0 1225.0 497.0 805.0 966.0 560.0 684.0 613.0 417.0 910.0 785.0 0.0 850.0 969.0 630.0 1028.0 910.0 1030.0 1177.0 862.0 254.0 1012.0 531.0 1044.0 620.0 1007.0 457.0 262.0 320.0 557.0 797.0 629.0 892.0 1011.0 21.0 1072.0 386.0 1077.0 96.0 259.0 449.0 403.0 605.0 592.0 863.0 805.0 941.0 273.0 357.0 934.0 583.0 1159.0 127.0 912.0 996.0 1119.0 417.0 1182.0 1011.0 974.0 892.0 479.0 881.0 382.0 247.0 970.0 936.0 477.0 1135.0 400.0 476.0 604.0 591.0 1306.0 896.0 819.0 647.0 85.0 611.0 757.0 267.0 865.0 731.0 768.0 475.0 655.0 389.0 815.0 529.0 1219.0 470.0 465.0 176.0 824.0 594.0 518.0 85.0 438.0 550.0 214.0 1066.0 138.0 510.0 615.0 685.0 822.0 405.0 422.0 788.0 777.0 144.0 194.0 472.0 647.0 663.0 699.0 337.0 219.0 622.0 643.0 529.0 922.0 772.0 354.0 208.0 956.0 481.0 772.0 434.0 276.0 798.0 945.0 670.0 1225.0 315.0 201.0 1026.0 799.0 1023.0 1167.0 1045.0 847.0 1243.0 965.0 
117.0 534.0 887.0 943.0 470.0 358.0 333.0 567.0 659.0 957.0 668.0 292.0 242.0 281.0 697.0 767.0 263.0 850.0 0.0 430.0 837.0 413.0 289.0 627.0 696.0 1072.0 599.0 167.0 888.0 741.0 577.0 550.0 425.0 593.0 654.0 758.0 948.0 417.0 193.0 365.0 843.0 310.0 569.0 288.0 816.0 712.0 724.0 461.0 248.0 315.0 36.0 52.0 110.0 578.0 657.0 219.0 530.0 502.0 751.0 119.0 179.0 512.0 608.0 636.0 168.0 128.0 613.0 392.0 352.0 526.0 615.0 834.0 595.0 635.0 732.0 455.0 426.0 678.0 315.0 708.0 126.0 146.0 337.0 856.0 268.0 283.0 752.0 967.0 512.0 644.0 787.0 903.0 467.0 231.0 455.0 660.0 426.0 506.0 696.0 76.0 890.0 645.0 777.0 481.0 315.0 688.0 460.0 739.0 824.0 882.0 542.0 673.0 457.0 681.0 117.0 670.0 720.0 671.0 634.0 871.0 192.0 580.0 539.0 669.0 482.0 225.0 860.0 82.0 204.0 814.0 784.0 448.0 501.0 115.0 549.0 730.0 98.0 107.0 303.0 618.0 536.0 783.0 222.0 433.0 370.0 625.0 471.0 24.0 650.0 162.0 
330.0 302.0 711.0 678.0 62.0 514.0 194.0 260.0 556.0 686.0 274.0 510.0 340.0 406.0 634.0 415.0 224.0 969.0 430.0 0.0 641.0 83.0 718.0 203.0 273.0 797.0 737.0 416.0 747.0 329.0 414.0 123.0 694.0 725.0 670.0 602.0 680.0 341.0 621.0 112.0 954.0 258.0 589.0 301.0 898.0 740.0 636.0 591.0 477.0 650.0 463.0 460.0 498.0 743.0 646.0 642.0 416.0 200.0 845.0 535.0 553.0 150.0 579.0 233.0 406.0 411.0 252.0 659.0 101.0 588.0 800.0 465.0 206.0 553.0 302.0 608.0 715.0 503.0 650.0 344.0 311.0 298.0 331.0 1011.0 421.0 238.0 762.0 670.0 284.0 364.0 675.0 700.0 679.0 225.0 441.0 267.0 709.0 507.0 794.0 502.0 717.0 533.0 885.0 532.0 482.0 889.0 102.0 833.0 692.0 696.0 341.0 359.0 591.0 619.0 346.0 384.0 882.0 846.0 556.0 668.0 446.0 357.0 763.0 752.0 363.0 423.0 719.0 473.0 279.0 766.0 816.0 31.0 491.0 520.0 543.0 741.0 358.0 386.0 684.0 258.0 699.0 820.0 318.0 181.0 121.0 219.0 76.0 453.0 280.0 322.0 
732.0 346.0 74.0 163.0 586.0 567.0 812.0 877.0 207.0 181.0 471.0 637.0 596.0 575.0 241.0 346.0 604.0 630.0 837.0 641.0 0.0 723.0 1065.0 574.0 717.0 268.0 553.0 937.0 137.0 520.0 263.0 598.0 724.0 541.0 362.0 96.0 172.0 421.0 993.0 739.0 610.0 867.0 376.0 898.0 535.0 391.0 198.0 526.0 653.0 799.0 869.0 824.0 945.0 594.0 321.0 1032.0 308.0 831.0 526.0 950.0 1014.0 767.0 308.0 764.0 930.0 910.0 426.0 710.0 608.0 436.0 643.0 383.0 486.0 241.0 639.0 555.0 759.0 160.0 798.0 890.0 790.0 714.0 501.0 710.0 595.0 575.0 368.0 236.0 368.0 283.0 156.0 67.0 642.0 647.0 400.0 798.0 749.0 380.0 511.0 867.0 81.0 210.0 567.0 435.0 588.0 709.0 736.0 522.0 123.0 57.0 317.0 311.0 530.0 246.0 723.0 270.0 646.0 649.0 245.0 35.0 686.0 289.0 685.0 476.0 356.0 639.0 119.0 916.0 645.0 280.0 423.0 613.0 373.0 841.0 354.0 365.0 742.0 875.0 883.0 838.0 579.0 430.0 882.0 478.0 750.0 752.0 701.0 851.0 840.0 847.0 
327.0 382.0 793.0 760.0 143.0 554.0 123.0 199.0 632.0 768.0 345.0 540.0 372.0 442.0 707.0 492.0 255.0 1028.0 413.0 83.0 723.0 0.0 694.0 260.0 288.0 879.0 789.0 368.0 828.0 390.0 492.0 181.0 724.0 777.0 736.0 683.0 762.0 405.0 597.0 50.0 1014.0 188.0 652.0 233.0 960.0 806.0 712.0 640.0 502.0 665.0 442.0 450.0 465.0 791.0 715.0 613.0 489.0 132.0 905.0 507.0 513.0 106.0 648.0 224.0 357.0 370.0 332.0 687.0 148.0 647.0 846.0 539.0 281.0 627.0 341.0 654.0 741.0 583.0 665.0 311.0 288.0 297.0 382.0 1065.0 455.0 277.0 831.0 751.0 363.0 447.0 754.0 782.0 718.0 242.0 503.0 250.0 736.0 570.0 852.0 487.0 799.0 609.0 944.0 590.0 518.0 934.0 49.0 893.0 771.0 779.0 420.0 441.0 639.0 693.0 347.0 466.0 934.0 895.0 630.0 751.0 464.0 438.0 802.0 811.0 435.0 448.0 799.0 442.0 297.0 840.0 883.0 113.0 555.0 513.0 608.0 809.0 355.0 350.0 688.0 220.0 746.0 886.0 262.0 256.0 51.0 213.0 63.0 436.0 248.0 281.0 
400.0 799.0 1104.0 1190.0 759.0 512.0 600.0 828.0 868.0 1205.0 954.0 437.0 487.0 492.0 884.0 1044.0 543.0 910.0 289.0 718.0 1065.0 694.0 0.0 915.0 981.0 1317.0 688.0 360.0 1090.0 1029.0 818.0 838.0 455.0 688.0 808.0 977.0 1196.0 659.0 98.0 645.0 909.0 560.0 737.0 524.0 906.0 850.0 919.0 593.0 413.0 322.0 256.0 269.0 238.0 652.0 825.0 91.0 763.0 768.0 843.0 190.0 219.0 789.0 792.0 915.0 369.0 339.0 896.0 440.0 640.0 681.0 664.0 1113.0 881.0 838.0 1020.0 573.0 435.0 912.0 324.0 975.0 409.0 431.0 580.0 889.0 471.0 557.0 895.0 1224.0 778.0 910.0 985.0 1130.0 535.0 516.0 666.0 937.0 440.0 697.0 794.0 223.0 1105.0 859.0 855.0 653.0 483.0 709.0 740.0 832.0 1027.0 1102.0 798.0 945.0 588.0 869.0 392.0 936.0 767.0 717.0 836.0 1099.0 381.0 837.0 574.0 781.0 724.0 428.0 1064.0 256.0 479.0 979.0 909.0 736.0 699.0 230.0 734.0 874.0 375.0 350.0 241.0 888.0 623.0 905.0 462.0 712.0 648.0 905.0 755.0 266.0 921.0 420.0 
520.0 303.0 648.0 564.0 157.0 639.0 382.0 328.0 559.0 568.0 111.0 654.0 493.0 545.0 644.0 267.0 391.0 1030.0 627.0 203.0 574.0 260.0 915.0 0.0 150.0 668.0 824.0 618.0 700.0 131.0 417.0 81.0 833.0 811.0 713.0 566.0 563.0 423.0 819.0 305.0 1013.0 447.0 646.0 492.0 947.0 780.0 632.0 694.0 630.0 813.0 660.0 652.0 700.0 841.0 680.0 842.0 447.0 304.0 904.0 736.0 756.0 235.0 615.0 192.0 608.0 614.0 152.0 800.0 277.0 665.0 900.0 296.0 96.0 568.0 117.0 717.0 859.0 473.0 812.0 316.0 512.0 487.0 450.0 1085.0 565.0 392.0 791.0 535.0 300.0 298.0 654.0 621.0 800.0 407.0 516.0 225.0 852.0 573.0 859.0 695.0 655.0 535.0 947.0 615.0 617.0 990.0 237.0 893.0 657.0 630.0 347.0 263.0 695.0 633.0 532.0 305.0 967.0 939.0 572.0 594.0 612.0 341.0 881.0 815.0 412.0 579.0 675.0 674.0 454.0 766.0 851.0 181.0 555.0 708.0 598.0 773.0 546.0 588.0 859.0 272.0 800.0 855.0 517.0 258.0 309.0 181.0 202.0 650.0 269.0 525.0 
601.0 452.0 790.0 690.0 257.0 765.0 398.0 252.0 708.0 692.0 246.0 772.0 605.0 664.0 793.0 390.0 492.0 1177.0 696.0 273.0 717.0 288.0 981.0 150.0 0.0 784.0 965.0 652.0 846.0 217.0 567.0 178.0 955.0 952.0 860.0 714.0 688.0 560.0 884.0 338.0 1160.0 457.0 792.0 502.0 1095.0 928.0 782.0 829.0 743.0 920.0 727.0 730.0 752.0 978.0 829.0 900.0 595.0 262.0 1051.0 794.0 799.0 208.0 763.0 92.0 641.0 656.0 301.0 920.0 370.0 807.0 1038.0 398.0 246.0 717.0 98.0 850.0 978.0 622.0 920.0 184.0 573.0 569.0 576.0 1230.0 683.0 501.0 940.0 651.0 446.0 446.0 802.0 760.0 930.0 497.0 657.0 106.0 972.0 716.0 1004.0 769.0 798.0 684.0 1093.0 755.0 739.0 1127.0 245.0 1040.0 804.0 772.0 496.0 407.0 830.0 782.0 618.0 451.0 1109.0 1079.0 721.0 735.0 716.0 490.0 1012.0 960.0 556.0 689.0 821.0 729.0 550.0 916.0 1000.0 265.0 699.0 791.0 743.0 922.0 629.0 637.0 956.0 175.0 936.0 1004.0 544.0 389.0 336.0 93.0 227.0 719.0 156.0 568.0 
960.0 545.0 269.0 129.0 736.0 830.0 986.0 995.0 474.0 116.0 558.0 897.0 836.0 826.0 505.0 402.0 821.0 862.0 1072.0 797.0 268.0 879.0 1317.0 668.0 784.0 0.0 816.0 1151.0 332.0 568.0 500.0 720.0 992.0 805.0 625.0 364.0 124.0 660.0 1239.0 906.0 842.0 1047.0 644.0 1085.0 768.0 644.0 462.0 793.0 909.0 1063.0 1105.0 1065.0 1177.0 858.0 586.0 1277.0 555.0 963.0 772.0 1188.0 1245.0 894.0 576.0 854.0 1143.0 1129.0 549.0 977.0 794.0 704.0 905.0 388.0 605.0 508.0 690.0 823.0 1026.0 407.0 1062.0 967.0 1007.0 938.0 741.0 945.0 847.0 795.0 613.0 134.0 568.0 445.0 407.0 218.0 910.0 862.0 658.0 883.0 1017.0 645.0 765.0 1110.0 273.0 475.0 808.0 701.0 847.0 966.0 879.0 769.0 364.0 257.0 531.0 439.0 798.0 512.0 955.0 421.0 899.0 906.0 512.0 238.0 936.0 494.0 952.0 734.0 594.0 889.0 337.0 1147.0 872.0 511.0 660.0 767.0 637.0 1089.0 621.0 615.0 974.0 1094.0 1145.0 938.0 846.0 669.0 1081.0 668.0 916.0 845.0 841.0 1088.0 931.0 1056.0 
559.0 532.0 551.0 714.0 721.0 253.0 800.0 988.0 363.0 732.0 777.0 308.0 434.0 362.0 313.0 753.0 540.0 254.0 599.0 737.0 553.0 789.0 688.0 824.0 965.0 816.0 0.0 760.0 503.0 860.0 443.0 789.0 239.0 14.0 192.0 460.0 723.0 405.0 657.0 768.0 245.0 821.0 197.0 825.0 222.0 191.0 355.0 152.0 353.0 367.0 614.0 556.0 693.0 46.0 232.0 700.0 391.0 919.0 157.0 668.0 751.0 884.0 259.0 959.0 759.0 722.0 699.0 250.0 643.0 161.0 92.0 822.0 735.0 332.0 935.0 147.0 268.0 466.0 365.0 1078.0 643.0 567.0 407.0 278.0 359.0 514.0 235.0 781.0 529.0 598.0 411.0 599.0 154.0 567.0 309.0 995.0 260.0 255.0 106.0 577.0 549.0 375.0 179.0 210.0 297.0 172.0 830.0 145.0 456.0 561.0 493.0 653.0 154.0 307.0 535.0 614.0 146.0 116.0 327.0 580.0 410.0 517.0 146.0 101.0 415.0 390.0 488.0 673.0 521.0 341.0 229.0 726.0 272.0 528.0 242.0 221.0 545.0 693.0 453.0 994.0 67.0 224.0 773.0 577.0 780.0 944.0 812.0 597.0 1015.0 712.0 
218.0 607.0 994.0 1024.0 471.0 513.0 255.0 473.0 778.0 1036.0 684.0 453.0 365.0 422.0 827.0 808.0 334.0 1012.0 167.0 416.0 937.0 368.0 360.0 618.0 652.0 1151.0 760.0 0.0 1005.0 745.0 675.0 537.0 592.0 753.0 799.0 867.0 1028.0 523.0 271.0 319.0 1004.0 205.0 711.0 166.0 974.0 860.0 849.0 618.0 408.0 478.0 166.0 217.0 126.0 741.0 797.0 270.0 638.0 417.0 910.0 178.0 151.0 449.0 742.0 576.0 11.0 39.0 645.0 559.0 371.0 674.0 780.0 868.0 612.0 758.0 708.0 614.0 592.0 779.0 478.0 622.0 148.0 228.0 450.0 1021.0 414.0 363.0 899.0 1036.0 584.0 709.0 908.0 1003.0 632.0 292.0 582.0 593.0 592.0 641.0 854.0 220.0 998.0 761.0 938.0 625.0 469.0 854.0 407.0 898.0 941.0 986.0 625.0 727.0 614.0 810.0 237.0 734.0 885.0 836.0 758.0 970.0 350.0 660.0 705.0 825.0 584.0 375.0 976.0 121.0 296.0 951.0 934.0 442.0 633.0 271.0 685.0 876.0 222.0 70.0 453.0 538.0 698.0 934.0 110.0 486.0 318.0 568.0 430.0 177.0 571.0 98.0 
791.0 446.0 75.0 267.0 696.0 579.0 907.0 993.0 229.0 282.0 601.0 653.0 647.0 612.0 210.0 482.0 678.0 531.0 888.0 747.0 137.0 828.0 1090.0 700.0 846.0 332.0 503.0 1005.0 0.0 654.0 342.0 718.0 706.0 494.0 315.0 146.0 276.0 482.0 1026.0 838.0 511.0 958.0 361.0 985.0 437.0 320.0 172.0 515.0 678.0 800.0 917.0 867.0 997.0 548.0 283.0 1067.0 368.0 942.0 442.0 995.0 1066.0 881.0 299.0 889.0 998.0 974.0 550.0 699.0 702.0 421.0 588.0 519.0 610.0 255.0 771.0 542.0 740.0 245.0 798.0 1015.0 858.0 778.0 556.0 614.0 629.0 647.0 285.0 346.0 465.0 404.0 105.0 130.0 619.0 720.0 434.0 924.0 731.0 393.0 440.0 907.0 68.0 245.0 478.0 438.0 608.0 642.0 846.0 440.0 65.0 95.0 410.0 439.0 520.0 223.0 778.0 396.0 571.0 583.0 256.0 134.0 719.0 390.0 646.0 413.0 424.0 674.0 30.0 969.0 709.0 180.0 329.0 721.0 393.0 875.0 357.0 290.0 797.0 939.0 888.0 959.0 543.0 338.0 961.0 575.0 850.0 876.0 812.0 899.0 964.0 920.0 
630.0 330.0 593.0 477.0 276.0 704.0 513.0 444.0 553.0 477.0 86.0 732.0 582.0 624.0 638.0 179.0 492.0 1044.0 741.0 329.0 520.0 390.0 1029.0 131.0 217.0 568.0 860.0 745.0 654.0 0.0 426.0 210.0 903.0 847.0 724.0 534.0 474.0 477.0 934.0 434.0 1026.0 578.0 670.0 622.0 956.0 787.0 618.0 744.0 714.0 899.0 776.0 762.0 821.0 883.0 688.0 959.0 470.0 429.0 920.0 853.0 879.0 361.0 628.0 292.0 734.0 738.0 164.0 871.0 390.0 699.0 943.0 182.0 151.0 569.0 124.0 770.0 931.0 453.0 898.0 400.0 631.0 598.0 522.0 1107.0 646.0 486.0 791.0 435.0 335.0 278.0 626.0 557.0 859.0 514.0 559.0 317.0 923.0 606.0 880.0 807.0 600.0 530.0 963.0 655.0 689.0 1030.0 368.0 910.0 620.0 573.0 368.0 227.0 746.0 629.0 639.0 274.0 998.0 976.0 574.0 534.0 704.0 347.0 935.0 836.0 449.0 666.0 631.0 793.0 556.0 749.0 852.0 303.0 588.0 814.0 622.0 775.0 655.0 711.0 952.0 378.0 845.0 858.0 646.0 335.0 439.0 285.0 333.0 763.0 367.0 650.0 
470.0 119.0 321.0 373.0 370.0 351.0 566.0 669.0 145.0 388.0 347.0 409.0 338.0 328.0 228.0 312.0 342.0 620.0 577.0 414.0 263.0 492.0 818.0 417.0 567.0 500.0 443.0 675.0 342.0 426.0 0.0 410.0 538.0 429.0 300.0 198.0 379.0 161.0 740.0 498.0 602.0 616.0 248.0 644.0 534.0 365.0 224.0 350.0 415.0 582.0 610.0 567.0 684.0 471.0 265.0 778.0 62.0 613.0 495.0 692.0 753.0 556.0 203.0 588.0 667.0 647.0 273.0 515.0 361.0 285.0 530.0 383.0 322.0 151.0 516.0 379.0 571.0 104.0 580.0 716.0 528.0 451.0 242.0 681.0 350.0 313.0 374.0 410.0 132.0 156.0 262.0 329.0 473.0 385.0 174.0 625.0 562.0 195.0 455.0 611.0 326.0 121.0 538.0 253.0 358.0 614.0 515.0 485.0 283.0 312.0 75.0 211.0 353.0 217.0 461.0 172.0 576.0 557.0 155.0 297.0 438.0 79.0 539.0 411.0 95.0 390.0 313.0 655.0 383.0 357.0 434.0 390.0 180.0 590.0 201.0 356.0 480.0 612.0 658.0 647.0 439.0 439.0 623.0 236.0 511.0 574.0 484.0 592.0 658.0 585.0 
445.0 292.0 671.0 608.0 84.0 588.0 303.0 281.0 554.0 614.0 169.0 597.0 431.0 488.0 638.0 322.0 323.0 1007.0 550.0 123.0 598.0 181.0 838.0 81.0 178.0 720.0 789.0 537.0 718.0 210.0 410.0 0.0 779.0 776.0 694.0 578.0 608.0 385.0 742.0 225.0 990.0 368.0 621.0 413.0 928.0 763.0 631.0 652.0 569.0 749.0 583.0 577.0 620.0 802.0 665.0 763.0 429.0 244.0 881.0 657.0 675.0 175.0 598.0 179.0 527.0 533.0 177.0 744.0 204.0 633.0 861.0 362.0 117.0 559.0 184.0 673.0 802.0 481.0 749.0 306.0 432.0 412.0 399.0 1057.0 507.0 328.0 779.0 589.0 282.0 316.0 661.0 651.0 752.0 334.0 482.0 216.0 796.0 544.0 833.0 619.0 678.0 530.0 923.0 580.0 562.0 951.0 165.0 870.0 669.0 655.0 336.0 294.0 653.0 625.0 458.0 329.0 934.0 903.0 562.0 622.0 546.0 339.0 835.0 789.0 386.0 516.0 691.0 594.0 384.0 765.0 837.0 102.0 527.0 634.0 573.0 759.0 472.0 508.0 790.0 241.0 759.0 841.0 437.0 213.0 230.0 164.0 128.0 572.0 249.0 444.0 
427.0 586.0 741.0 876.0 699.0 199.0 699.0 916.0 518.0 894.0 817.0 185.0 355.0 291.0 499.0 839.0 472.0 457.0 425.0 694.0 724.0 724.0 455.0 833.0 955.0 992.0 239.0 592.0 706.0 903.0 538.0 779.0 0.0 241.0 395.0 629.0 884.0 428.0 436.0 690.0 455.0 701.0 350.0 693.0 452.0 419.0 541.0 199.0 222.0 136.0 430.0 375.0 501.0 199.0 424.0 478.0 477.0 846.0 390.0 465.0 549.0 828.0 418.0 927.0 593.0 553.0 741.0 37.0 594.0 290.0 211.0 912.0 758.0 484.0 950.0 169.0 35.0 600.0 135.0 1032.0 506.0 447.0 384.0 445.0 274.0 457.0 464.0 932.0 574.0 681.0 605.0 781.0 90.0 482.0 366.0 960.0 26.0 353.0 343.0 383.0 740.0 520.0 400.0 294.0 217.0 268.0 771.0 379.0 650.0 746.0 560.0 732.0 195.0 488.0 402.0 702.0 316.0 265.0 480.0 756.0 268.0 595.0 122.0 338.0 471.0 276.0 686.0 486.0 428.0 563.0 466.0 694.0 365.0 329.0 371.0 447.0 405.0 530.0 216.0 942.0 177.0 462.0 632.0 577.0 700.0 913.0 763.0 416.0 968.0 568.0 
550.0 518.0 541.0 702.0 708.0 244.0 790.0 976.0 350.0 720.0 763.0 301.0 424.0 352.0 301.0 740.0 529.0 262.0 593.0 725.0 541.0 777.0 688.0 811.0 952.0 805.0 14.0 753.0 494.0 847.0 429.0 776.0 241.0 0.0 181.0 448.0 711.0 392.0 655.0 757.0 252.0 811.0 184.0 816.0 226.0 184.0 344.0 142.0 346.0 367.0 609.0 551.0 688.0 55.0 220.0 698.0 378.0 908.0 161.0 664.0 747.0 873.0 246.0 946.0 752.0 715.0 686.0 250.0 631.0 148.0 105.0 808.0 721.0 319.0 922.0 140.0 271.0 453.0 365.0 1066.0 635.0 558.0 396.0 289.0 350.0 503.0 228.0 768.0 516.0 585.0 400.0 588.0 154.0 557.0 295.0 983.0 262.0 241.0 107.0 573.0 538.0 362.0 185.0 197.0 288.0 185.0 818.0 149.0 445.0 550.0 480.0 640.0 144.0 295.0 527.0 600.0 159.0 130.0 314.0 568.0 404.0 503.0 154.0 97.0 401.0 382.0 478.0 667.0 512.0 333.0 226.0 714.0 259.0 524.0 229.0 214.0 538.0 685.0 453.0 982.0 66.0 221.0 764.0 565.0 769.0 932.0 800.0 592.0 1002.0 704.0 
582.0 410.0 360.0 524.0 639.0 304.0 776.0 929.0 185.0 542.0 646.0 379.0 437.0 378.0 122.0 595.0 514.0 320.0 654.0 670.0 362.0 736.0 808.0 713.0 860.0 625.0 192.0 799.0 315.0 724.0 300.0 694.0 395.0 181.0 0.0 272.0 533.0 331.0 758.0 727.0 302.0 811.0 89.0 826.0 235.0 71.0 164.0 216.0 414.0 500.0 678.0 622.0 760.0 235.0 43.0 801.0 266.0 865.0 196.0 746.0 825.0 819.0 98.0 872.0 795.0 763.0 572.0 392.0 590.0 130.0 282.0 659.0 618.0 160.0 815.0 238.0 428.0 293.0 499.0 997.0 662.0 580.0 372.0 384.0 387.0 483.0 101.0 593.0 415.0 450.0 220.0 407.0 306.0 551.0 236.0 909.0 419.0 169.0 161.0 654.0 358.0 203.0 240.0 175.0 343.0 349.0 770.0 187.0 265.0 369.0 366.0 504.0 221.0 119.0 563.0 460.0 293.0 289.0 155.0 388.0 466.0 379.0 332.0 120.0 310.0 429.0 298.0 734.0 519.0 172.0 148.0 652.0 182.0 612.0 128.0 78.0 578.0 730.0 589.0 921.0 228.0 151.0 785.0 493.0 740.0 857.0 744.0 659.0 936.0 730.0 
657.0 301.0 129.0 254.0 553.0 475.0 762.0 850.0 113.0 272.0 473.0 546.0 517.0 489.0 151.0 372.0 537.0 557.0 758.0 602.0 96.0 683.0 977.0 566.0 714.0 364.0 460.0 867.0 146.0 534.0 198.0 578.0 629.0 448.0 272.0 0.0 263.0 346.0 907.0 693.0 537.0 813.0 281.0 841.0 462.0 308.0 111.0 431.0 564.0 705.0 789.0 742.0 867.0 501.0 230.0 947.0 230.0 798.0 446.0 869.0 936.0 738.0 213.0 751.0 860.0 838.0 415.0 615.0 557.0 340.0 551.0 423.0 473.0 146.0 646.0 460.0 663.0 100.0 704.0 879.0 720.0 641.0 423.0 634.0 509.0 507.0 291.0 322.0 320.0 269.0 93.0 155.0 547.0 580.0 312.0 787.0 654.0 286.0 426.0 784.0 132.0 118.0 488.0 341.0 497.0 620.0 702.0 440.0 92.0 126.0 265.0 310.0 435.0 154.0 646.0 265.0 561.0 560.0 150.0 128.0 599.0 246.0 591.0 389.0 284.0 553.0 117.0 838.0 573.0 221.0 350.0 576.0 281.0 755.0 259.0 284.0 664.0 803.0 790.0 819.0 485.0 357.0 819.0 430.0 705.0 738.0 668.0 771.0 825.0 780.0 
837.0 421.0 202.0 10.0 619.0 716.0 866.0 886.0 368.0 10.0 453.0 781.0 714.0 705.0 412.0 299.0 697.0 797.0 948.0 680.0 172.0 762.0 1196.0 563.0 688.0 124.0 723.0 1028.0 276.0 474.0 379.0 608.0 884.0 711.0 533.0 263.0 0.0 538.0 1117.0 787.0 777.0 927.0 541.0 964.0 702.0 562.0 370.0 686.0 791.0 949.0 982.0 943.0 1053.0 763.0 492.0 1154.0 435.0 851.0 697.0 1065.0 1122.0 783.0 473.0 752.0 1019.0 1005.0 434.0 867.0 672.0 599.0 813.0 302.0 492.0 402.0 598.0 716.0 918.0 290.0 948.0 869.0 883.0 814.0 619.0 878.0 727.0 671.0 538.0 72.0 444.0 323.0 326.0 146.0 806.0 738.0 541.0 783.0 909.0 533.0 683.0 987.0 209.0 365.0 736.0 591.0 730.0 880.0 764.0 693.0 288.0 184.0 408.0 321.0 690.0 416.0 832.0 299.0 818.0 820.0 407.0 151.0 816.0 370.0 853.0 648.0 472.0 768.0 271.0 1024.0 748.0 444.0 591.0 649.0 524.0 968.0 514.0 536.0 851.0 971.0 1030.0 834.0 746.0 599.0 958.0 546.0 798.0 742.0 727.0 965.0 829.0 932.0 
312.0 160.0 474.0 532.0 318.0 230.0 451.0 600.0 258.0 547.0 391.0 270.0 177.0 174.0 318.0 418.0 199.0 629.0 417.0 341.0 421.0 405.0 659.0 423.0 560.0 660.0 405.0 523.0 482.0 477.0 161.0 385.0 428.0 392.0 331.0 346.0 538.0 0.0 580.0 397.0 614.0 492.0 248.0 513.0 558.0 402.0 333.0 272.0 266.0 445.0 449.0 406.0 525.0 419.0 312.0 617.0 116.0 535.0 505.0 531.0 594.0 491.0 247.0 556.0 516.0 493.0 314.0 399.0 259.0 250.0 478.0 491.0 338.0 242.0 537.0 296.0 458.0 262.0 443.0 677.0 376.0 296.0 81.0 675.0 197.0 167.0 427.0 565.0 147.0 265.0 388.0 487.0 382.0 240.0 100.0 592.0 450.0 167.0 454.0 451.0 477.0 239.0 545.0 196.0 222.0 568.0 440.0 493.0 419.0 467.0 144.0 311.0 273.0 302.0 302.0 289.0 550.0 519.0 243.0 455.0 281.0 183.0 461.0 411.0 67.0 234.0 454.0 495.0 228.0 449.0 479.0 327.0 151.0 431.0 204.0 405.0 321.0 458.0 514.0 596.0 378.0 482.0 482.0 173.0 409.0 541.0 417.0 431.0 615.0 438.0 
306.0 713.0 1035.0 1111.0 663.0 455.0 504.0 734.0 801.0 1126.0 860.0 380.0 404.0 419.0 823.0 954.0 451.0 892.0 193.0 621.0 993.0 597.0 98.0 819.0 884.0 1239.0 657.0 271.0 1026.0 934.0 740.0 742.0 436.0 655.0 758.0 907.0 1117.0 580.0 0.0 548.0 889.0 466.0 681.0 433.0 878.0 805.0 856.0 546.0 349.0 302.0 159.0 179.0 146.0 625.0 770.0 44.0 687.0 673.0 813.0 95.0 145.0 693.0 732.0 819.0 279.0 247.0 803.0 414.0 544.0 628.0 646.0 1022.0 787.0 773.0 923.0 530.0 422.0 837.0 302.0 880.0 312.0 337.0 499.0 879.0 399.0 467.0 849.0 1142.0 691.0 824.0 922.0 1058.0 507.0 422.0 596.0 841.0 426.0 634.0 762.0 133.0 1037.0 790.0 830.0 595.0 421.0 700.0 643.0 802.0 962.0 1032.0 715.0 857.0 541.0 808.0 301.0 850.0 751.0 700.0 771.0 1027.0 308.0 754.0 558.0 744.0 646.0 355.0 1000.0 160.0 388.0 927.0 869.0 640.0 633.0 152.0 673.0 828.0 283.0 254.0 237.0 792.0 590.0 866.0 369.0 621.0 551.0 808.0 658.0 171.0 825.0 324.0 
284.0 394.0 807.0 786.0 174.0 528.0 82.0 227.0 635.0 795.0 384.0 508.0 343.0 415.0 707.0 526.0 229.0 1011.0 365.0 112.0 739.0 50.0 645.0 305.0 338.0 906.0 768.0 319.0 838.0 434.0 498.0 225.0 690.0 757.0 727.0 693.0 787.0 397.0 548.0 0.0 998.0 147.0 641.0 190.0 947.0 797.0 714.0 618.0 469.0 626.0 394.0 403.0 415.0 768.0 709.0 563.0 489.0 156.0 890.0 457.0 463.0 149.0 643.0 272.0 308.0 320.0 364.0 654.0 140.0 631.0 822.0 577.0 317.0 627.0 390.0 630.0 706.0 594.0 625.0 351.0 240.0 255.0 365.0 1045.0 426.0 255.0 824.0 780.0 374.0 468.0 760.0 800.0 690.0 210.0 492.0 296.0 702.0 560.0 837.0 440.0 812.0 612.0 928.0 575.0 490.0 909.0 95.0 878.0 780.0 794.0 429.0 468.0 617.0 692.0 305.0 490.0 912.0 872.0 629.0 768.0 427.0 451.0 773.0 797.0 433.0 415.0 809.0 392.0 263.0 840.0 875.0 143.0 545.0 467.0 600.0 802.0 312.0 300.0 645.0 259.0 722.0 877.0 214.0 264.0 13.0 261.0 112.0 388.0 289.0 231.0 
802.0 710.0 579.0 768.0 930.0 496.0 1036.0 1211.0 478.0 784.0 948.0 552.0 673.0 602.0 398.0 890.0 773.0 21.0 843.0 954.0 610.0 1014.0 909.0 1013.0 1160.0 842.0 245.0 1004.0 511.0 1026.0 602.0 990.0 455.0 252.0 302.0 537.0 777.0 614.0 889.0 998.0 0.0 1060.0 370.0 1067.0 76.0 240.0 429.0 392.0 597.0 590.0 857.0 799.0 935.0 267.0 339.0 931.0 566.0 1145.0 110.0 907.0 991.0 1104.0 400.0 1166.0 1003.0 966.0 874.0 476.0 866.0 368.0 245.0 951.0 919.0 458.0 1117.0 391.0 475.0 585.0 589.0 1290.0 887.0 809.0 634.0 104.0 601.0 744.0 247.0 845.0 714.0 750.0 455.0 634.0 384.0 803.0 514.0 1203.0 469.0 449.0 162.0 818.0 573.0 499.0 70.0 424.0 540.0 220.0 1052.0 122.0 490.0 595.0 667.0 804.0 395.0 403.0 779.0 758.0 146.0 194.0 453.0 627.0 655.0 681.0 336.0 203.0 605.0 634.0 509.0 915.0 760.0 334.0 188.0 940.0 466.0 767.0 418.0 256.0 789.0 937.0 669.0 1210.0 307.0 181.0 1016.0 783.0 1010.0 1151.0 1030.0 840.0 1228.0 955.0 
