80 0.0 5
1 808 353
2 645 441
3 478 221
4 372 330
5 117 489
6 277 744
7 77 902
8 32 742
9 390 28
10 300 562
11 362 567
12 262 31
13 817 231
14 748 911
15 399 178
16 32 385
17 84 686
18 708 381
19 780 354
20 382 248
21 340 92
22 158 742
23 600 381
24 481 171
25 524 150
26 119 770
27 846 400
28 761 513
29 434 594
30 401 500
31 224 972
32 184 96
33 324 999
34 142 680
35 715 548
36 595 652
37 419 343
38 974 610
39 696 387
40 69 251
41 758 972
42 594 735
43 680 551
44 184 5
45 18 392
46 253 480
47 417 901
48 929 680
49 279 199
50 931 636
51 759 40
52 238 278
53 4 259
54 623 543
55 509 383
56 594 762
57 216 958
58 195 961
59 889 542
60 59 400
61 179 849
62 762 388
63 786 429
64 107 341
65 351 298
66 16 351
67 606 304
68 846 209
69 27 753
70 750 768
71 779 293
72 556 871
73 564 357
74 496 256
75 612 936
76 665 24
77 858 574
78 926 724
79 843 862
80 166 784
opening costs
107 662 476 576 252 212 661 918 23 941 896 748 825 327 72 489 80 89 531 174 712 889 741 555 167 906 384 758 496 633 613 524 353 755 74 892 216 659 574 102 583 619 720 370 736 121 87 881 378 5 365 551 326 141 98 227 618 347 11 941 310 878 44 825 768 938 398 688 123 683 254 662 260 767 297 262 542 198 166 137 
star costs
0.0 186.0 356.0 437.0 705.0 660.0 915.0 869.0 530.0 550.0 495.0 634.0 123.0 562.0 445.0 777.0 797.0 104.0 29.0 439.0 536.0 758.0 210.0 375.0 350.0 806.0 61.0 167.0 445.0 433.0 852.0 675.0 808.0 742.0 217.0 368.0 390.0 306.0 118.0 747.0 622.0 438.0 236.0 715.0 791.0 570.0 674.0 349.0 551.0 309.0 317.0 575.0 810.0 266.0 301.0 462.0 847.0 864.0 206.0 751.0 802.0 58.0 80.0 702.0 461.0 793.0 208.0 149.0 878.0 420.0 67.0 577.0 245.0 327.0 616.0 359.0 227.0 390.0 511.0 774.0 
186.0 0.0 277.0 295.0 531.0 477.0 732.0 683.0 486.0 366.0 310.0 562.0 272.0 482.0 361.0 616.0 613.0 87.0 161.0 327.0 464.0 573.0 75.0 316.0 316.0 621.0 206.0 137.0 261.0 252.0 678.0 576.0 644.0 557.0 128.0 217.0 247.0 370.0 75.0 607.0 543.0 299.0 116.0 635.0 629.0 394.0 514.0 372.0 439.0 347.0 417.0 439.0 667.0 105.0 148.0 326.0 672.0 688.0 265.0 588.0 620.0 129.0 142.0 548.0 327.0 636.0 143.0 307.0 693.0 344.0 200.0 440.0 117.0 238.0 497.0 418.0 252.0 399.0 466.0 590.0 
356.0 277.0 0.0 153.0 450.0 561.0 791.0 686.0 213.0 385.0 365.0 288.0 340.0 741.0 90.0 476.0 610.0 281.0 330.0 100.0 189.0 612.0 202.0 51.0 85.0 656.0 410.0 407.0 376.0 290.0 793.0 320.0 794.0 569.0 404.0 447.0 136.0 631.0 275.0 411.0 802.0 527.0 387.0 365.0 491.0 344.0 683.0 644.0 201.0 615.0 335.0 247.0 476.0 354.0 165.0 554.0 783.0 793.0 522.0 456.0 696.0 330.0 372.0 390.0 149.0 480.0 153.0 369.0 698.0 611.0 310.0 655.0 161.0 40.0 728.0 272.0 519.0 674.0 738.0 644.0 
437.0 295.0 153.0 0.0 301.0 425.0 644.0 535.0 303.0 243.0 238.0 319.0 456.0 693.0 155.0 345.0 458.0 340.0 409.0 83.0 241.0 465.0 234.0 193.0 236.0 508.0 480.0 430.0 272.0 173.0 659.0 301.0 671.0 419.0 407.0 392.0 49.0 664.0 329.0 314.0 750.0 462.0 380.0 376.0 360.0 192.0 573.0 658.0 161.0 638.0 484.0 144.0 375.0 330.0 147.0 486.0 648.0 656.0 559.0 321.0 554.0 395.0 426.0 266.0 39.0 357.0 236.0 490.0 546.0 579.0 409.0 572.0 194.0 145.0 652.0 424.0 544.0 680.0 711.0 499.0 
705.0 531.0 450.0 301.0 0.0 302.0 415.0 267.0 536.0 198.0 258.0 481.0 747.0 760.0 420.0 135.0 200.0 601.0 677.0 359.0 456.0 257.0 495.0 484.0 530.0 282.0 735.0 645.0 334.0 285.0 495.0 399.0 551.0 193.0 601.0 506.0 336.0 866.0 588.0 243.0 803.0 537.0 567.0 489.0 139.0 137.0 510.0 835.0 333.0 828.0 784.0 244.0 257.0 509.0 407.0 550.0 480.0 479.0 774.0 107.0 366.0 653.0 672.0 149.0 303.0 172.0 523.0 781.0 279.0 692.0 691.0 582.0 467.0 445.0 667.0 719.0 746.0 843.0 817.0 300.0 
660.0 477.0 561.0 425.0 302.0 0.0 255.0 246.0 725.0 184.0 197.0 714.0 745.0 500.0 579.0 435.0 202.0 564.0 637.0 507.0 656.0 120.0 486.0 609.0 644.0 161.0 665.0 537.0 218.0 274.0 235.0 655.0 260.0 150.0 480.0 332.0 426.0 710.0 551.0 536.0 533.0 318.0 447.0 745.0 438.0 266.0 211.0 656.0 546.0 663.0 854.0 468.0 557.0 401.0 430.0 318.0 223.0 232.0 645.0 408.0 144.0 602.0 599.0 438.0 453.0 472.0 550.0 782.0 251.0 474.0 675.0 307.0 482.0 535.0 387.0 818.0 606.0 650.0 579.0 118.0 
915.0 732.0 791.0 644.0 415.0 255.0 0.0 167.0 929.0 407.0 440.0 891.0 999.0 672.0 793.0 519.0 217.0 819.0 892.0 722.0 852.0 180.0 739.0 836.0 875.0 139.0 919.0 787.0 472.0 517.0 163.0 814.0 266.0 232.0 730.0 576.0 656.0 944.0 806.0 652.0 685.0 544.0 698.0 904.0 514.0 458.0 341.0 881.0 732.0 895.0 1100.0 645.0 648.0 654.0 676.0 536.0 150.0 132.0 889.0 503.0 115.0 857.0 853.0 562.0 664.0 555.0 799.0 1036.0 158.0 687.0 930.0 481.0 731.0 770.0 537.0 1057.0 848.0 868.0 768.0 148.0 
869.0 683.0 686.0 535.0 267.0 246.0 167.0 0.0 799.0 323.0 374.0 748.0 937.0 736.0 673.0 357.0 77.0 767.0 843.0 606.0 720.0 126.0 674.0 727.0 770.0 92.0 883.0 765.0 429.0 442.0 300.0 664.0 389.0 127.0 711.0 571.0 556.0 952.0 753.0 493.0 762.0 563.0 676.0 753.0 351.0 343.0 417.0 900.0 597.0 906.0 1011.0 508.0 484.0 624.0 598.0 563.0 284.0 274.0 881.0 344.0 182.0 812.0 817.0 408.0 547.0 392.0 723.0 973.0 13.0 719.0 872.0 540.0 657.0 672.0 612.0 958.0 843.0 895.0 820.0 141.0 
530.0 486.0 213.0 303.0 536.0 725.0 929.0 799.0 0.0 542.0 540.0 129.0 473.0 953.0 151.0 506.0 726.0 476.0 509.0 221.0 82.0 751.0 411.0 170.0 182.0 790.0 589.0 611.0 568.0 473.0 959.0 217.0 974.0 698.0 614.0 657.0 317.0 825.0 472.0 391.0 1014.0 736.0 599.0 208.0 521.0 473.0 874.0 846.0 204.0 814.0 370.0 293.0 450.0 566.0 375.0 762.0 947.0 954.0 717.0 498.0 848.0 518.0 564.0 422.0 273.0 495.0 351.0 491.0 811.0 823.0 471.0 860.0 373.0 252.0 935.0 276.0 720.0 879.0 950.0 789.0 
550.0 366.0 385.0 243.0 198.0 184.0 407.0 323.0 542.0 0.0 63.0 533.0 614.0 568.0 397.0 322.0 250.0 447.0 524.0 325.0 472.0 230.0 351.0 431.0 469.0 276.0 570.0 464.0 138.0 119.0 417.0 481.0 438.0 198.0 416.0 309.0 250.0 676.0 433.0 388.0 615.0 342.0 381.0 569.0 330.0 95.0 359.0 640.0 364.0 636.0 696.0 291.0 424.0 324.0 276.0 356.0 405.0 413.0 590.0 291.0 312.0 494.0 504.0 294.0 269.0 354.0 401.0 651.0 334.0 495.0 550.0 402.0 335.0 364.0 488.0 651.0 559.0 647.0 621.0 260.0 
495.0 310.0 365.0 238.0 258.0 197.0 440.0 374.0 540.0 63.0 0.0 546.0 566.0 518.0 391.0 377.0 303.0 393.0 470.0 320.0 476.0 269.0 303.0 414.0 448.0 317.0 513.0 403.0 77.0 78.0 428.0 504.0 434.0 248.0 354.0 249.0 232.0 614.0 380.0 431.0 567.0 287.0 319.0 590.0 386.0 140.0 339.0 579.0 378.0 574.0 660.0 315.0 473.0 263.0 236.0 304.0 418.0 428.0 528.0 346.0 337.0 439.0 446.0 341.0 270.0 408.0 359.0 603.0 384.0 437.0 499.0 361.0 292.0 339.0 446.0 622.0 497.0 586.0 565.0 293.0 
634.0 562.0 288.0 319.0 481.0 714.0 891.0 748.0 129.0 533.0 546.0 0.0 590.0 1006.0 201.0 423.0 679.0 567.0 611.0 248.0 100.0 719.0 487.0 260.0 288.0 753.0 691.0 694.0 589.0 490.0 942.0 102.0 970.0 661.0 688.0 705.0 350.0 918.0 562.0 293.0 1064.0 779.0 668.0 83.0 436.0 450.0 884.0 931.0 169.0 902.0 498.0 249.0 345.0 627.0 431.0 803.0 929.0 933.0 809.0 422.0 823.0 615.0 659.0 347.0 282.0 404.0 440.0 611.0 760.0 884.0 580.0 890.0 445.0 325.0 971.0 404.0 807.0 960.0 1014.0 760.0 
123.0 272.0 340.0 456.0 747.0 745.0 999.0 937.0 473.0 614.0 566.0 590.0 0.0 684.0 422.0 800.0 863.0 186.0 129.0 436.0 497.0 834.0 264.0 342.0 304.0 882.0 172.0 288.0 528.0 496.0 950.0 648.0 913.0 811.0 334.0 476.0 414.0 411.0 198.0 749.0 744.0 552.0 349.0 673.0 816.0 617.0 781.0 463.0 539.0 421.0 200.0 581.0 814.0 368.0 344.0 576.0 944.0 960.0 320.0 777.0 889.0 167.0 201.0 719.0 471.0 810.0 224.0 37.0 947.0 542.0 73.0 692.0 283.0 322.0 735.0 257.0 346.0 505.0 632.0 855.0 
562.0 482.0 741.0 693.0 760.0 500.0 672.0 736.0 953.0 568.0 518.0 1006.0 684.0 0.0 812.0 889.0 702.0 532.0 558.0 758.0 915.0 614.0 551.0 787.0 794.0 645.0 521.0 399.0 447.0 538.0 528.0 992.0 434.0 649.0 365.0 301.0 657.0 377.0 527.0 947.0 62.0 234.0 367.0 1068.0 896.0 657.0 332.0 294.0 853.0 331.0 872.0 813.0 990.0 389.0 580.0 215.0 535.0 556.0 396.0 858.0 573.0 524.0 484.0 858.0 731.0 922.0 624.0 709.0 739.0 144.0 619.0 197.0 584.0 702.0 139.0 891.0 355.0 259.0 107.0 596.0 
445.0 361.0 90.0 155.0 420.0 579.0 793.0 673.0 151.0 397.0 391.0 201.0 422.0 812.0 0.0 422.0 598.0 370.0 420.0 73.0 105.0 614.0 286.0 83.0 129.0 655.0 500.0 494.0 418.0 323.0 814.0 231.0 825.0 564.0 487.0 513.0 167.0 720.0 364.0 338.0 872.0 591.0 468.0 276.0 437.0 336.0 724.0 731.0 122.0 702.0 386.0 190.0 404.0 429.0 233.0 616.0 802.0 810.0 611.0 407.0 707.0 420.0 462.0 335.0 130.0 421.0 243.0 449.0 685.0 687.0 398.0 711.0 244.0 125.0 788.0 308.0 607.0 759.0 816.0 650.0 
777.0 616.0 476.0 345.0 135.0 435.0 519.0 357.0 506.0 322.0 377.0 423.0 800.0 889.0 422.0 0.0 306.0 677.0 749.0 376.0 426.0 379.0 569.0 498.0 546.0 395.0 815.0 741.0 454.0 387.0 618.0 327.0 680.0 315.0 703.0 624.0 390.0 969.0 665.0 140.0 934.0 663.0 669.0 410.0 16.0 241.0 644.0 945.0 310.0 934.0 805.0 233.0 130.0 612.0 478.0 677.0 602.0 599.0 872.0 31.0 487.0 731.0 756.0 87.0 331.0 38.0 580.0 833.0 369.0 814.0 753.0 715.0 533.0 482.0 801.0 729.0 848.0 957.0 941.0 421.0 
797.0 613.0 610.0 458.0 200.0 202.0 217.0 77.0 726.0 250.0 303.0 679.0 863.0 702.0 598.0 306.0 0.0 695.0 772.0 530.0 647.0 93.0 600.0 651.0 694.0 91.0 814.0 699.0 362.0 368.0 319.0 599.0 395.0 59.0 646.0 513.0 480.0 894.0 682.0 436.0 733.0 513.0 612.0 689.0 302.0 267.0 397.0 846.0 525.0 849.0 935.0 437.0 435.0 558.0 522.0 516.0 303.0 297.0 818.0 288.0 189.0 741.0 748.0 346.0 471.0 342.0 647.0 899.0 88.0 672.0 799.0 507.0 582.0 596.0 585.0 881.0 783.0 843.0 780.0 128.0 
104.0 87.0 281.0 340.0 601.0 564.0 819.0 767.0 476.0 447.0 393.0 567.0 186.0 532.0 370.0 677.0 695.0 0.0 77.0 353.0 468.0 658.0 108.0 310.0 296.0 706.0 140.0 143.0 348.0 330.0 764.0 597.0 728.0 641.0 168.0 294.0 292.0 351.0 14.0 653.0 594.0 372.0 173.0 645.0 691.0 466.0 596.0 372.0 467.0 339.0 345.0 482.0 715.0 183.0 200.0 398.0 759.0 775.0 243.0 650.0 707.0 55.0 92.0 603.0 367.0 693.0 128.0 221.0 776.0 390.0 114.0 514.0 146.0 247.0 564.0 360.0 245.0 407.0 500.0 676.0 
29.0 161.0 330.0 409.0 677.0 637.0 892.0 843.0 509.0 524.0 470.0 611.0 129.0 558.0 420.0 749.0 772.0 77.0 0.0 412.0 513.0 734.0 183.0 351.0 328.0 782.0 81.0 161.0 422.0 407.0 832.0 650.0 790.0 717.0 205.0 351.0 362.0 322.0 91.0 719.0 619.0 424.0 221.0 691.0 763.0 542.0 657.0 359.0 525.0 320.0 315.0 548.0 782.0 246.0 273.0 449.0 827.0 844.0 218.0 723.0 779.0 39.0 76.0 674.0 433.0 765.0 182.0 160.0 853.0 416.0 62.0 564.0 217.0 301.0 606.0 350.0 234.0 398.0 512.0 750.0 
439.0 327.0 100.0 83.0 359.0 507.0 722.0 606.0 221.0 325.0 320.0 248.0 436.0 758.0 73.0 376.0 530.0 353.0 412.0 0.0 162.0 543.0 256.0 126.0 173.0 585.0 489.0 463.0 350.0 253.0 742.0 250.0 754.0 495.0 449.0 457.0 102.0 694.0 344.0 314.0 816.0 532.0 425.0 314.0 392.0 266.0 654.0 698.0 115.0 673.0 431.0 148.0 379.0 381.0 186.0 557.0 730.0 738.0 587.0 357.0 635.0 405.0 443.0 291.0 59.0 381.0 231.0 466.0 618.0 638.0 400.0 647.0 213.0 115.0 726.0 361.0 577.0 723.0 768.0 578.0 
536.0 464.0 189.0 241.0 456.0 656.0 852.0 720.0 82.0 472.0 476.0 100.0 497.0 915.0 105.0 426.0 647.0 468.0 513.0 162.0 0.0 675.0 389.0 162.0 193.0 714.0 593.0 596.0 511.0 413.0 888.0 157.0 908.0 621.0 591.0 616.0 264.0 819.0 463.0 315.0 975.0 692.0 572.0 179.0 441.0 398.0 813.0 833.0 124.0 804.0 423.0 213.0 376.0 533.0 337.0 717.0 875.0 882.0 710.0 417.0 774.0 516.0 560.0 342.0 207.0 415.0 341.0 520.0 732.0 791.0 483.0 809.0 347.0 227.0 887.0 333.0 708.0 862.0 920.0 714.0 
758.0 573.0 612.0 465.0 257.0 120.0 180.0 126.0 751.0 230.0 269.0 719.0 834.0 614.0 614.0 379.0 93.0 658.0 734.0 543.0 675.0 0.0 571.0 657.0 697.0 49.0 769.0 646.0 314.0 343.0 240.0 647.0 306.0 65.0 590.0 447.0 477.0 827.0 645.0 500.0 643.0 437.0 556.0 738.0 377.0 279.0 304.0 774.0 557.0 781.0 925.0 471.0 507.0 506.0 503.0 437.0 224.0 223.0 758.0 357.0 110.0 701.0 702.0 405.0 485.0 416.0 627.0 871.0 132.0 593.0 767.0 419.0 560.0 592.0 494.0 879.0 720.0 769.0 696.0 43.0 
210.0 75.0 202.0 234.0 495.0 486.0 739.0 674.0 411.0 351.0 303.0 487.0 264.0 551.0 286.0 569.0 600.0 108.0 183.0 256.0 389.0 571.0 0.0 242.0 244.0 619.0 247.0 209.0 271.0 232.0 701.0 505.0 677.0 547.0 203.0 272.0 185.0 439.0 97.0 547.0 612.0 355.0 188.0 561.0 583.0 361.0 552.0 445.0 370.0 418.0 377.0 377.0 609.0 164.0 92.0 382.0 694.0 708.0 331.0 542.0 630.0 163.0 193.0 495.0 263.0 585.0 78.0 301.0 684.0 416.0 200.0 492.0 44.0 163.0 556.0 363.0 323.0 474.0 539.0 593.0 
375.0 316.0 51.0 193.0 484.0 609.0 836.0 727.0 170.0 431.0 414.0 260.0 342.0 787.0 83.0 498.0 651.0 310.0 351.0 126.0 162.0 657.0 242.0 0.0 48.0 700.0 431.0 442.0 426.0 339.0 842.0 307.0 843.0 612.0 444.0 495.0 183.0 661.0 305.0 420.0 848.0 576.0 429.0 341.0 514.0 385.0 733.0 679.0 204.0 648.0 308.0 266.0 486.0 399.0 214.0 602.0 831.0 841.0 552.0 481.0 743.0 356.0 400.0 411.0 182.0 499.0 183.0 367.0 739.0 655.0 323.0 705.0 204.0 87.0 777.0 236.0 552.0 710.0 781.0 690.0 
350.0 316.0 85.0 236.0 530.0 644.0 875.0 770.0 182.0 469.0 448.0 288.0 304.0 794.0 129.0 546.0 694.0 296.0 328.0 173.0 193.0 697.0 244.0 48.0 0.0 741.0 408.0 434.0 454.0 371.0 876.0 345.0 873.0 654.0 442.0 507.0 220.0 644.0 293.0 467.0 855.0 590.0 431.0 370.0 561.0 428.0 759.0 668.0 250.0 634.0 260.0 314.0 532.0 406.0 234.0 616.0 865.0 876.0 536.0 528.0 780.0 337.0 383.0 459.0 228.0 547.0 175.0 328.0 782.0 659.0 293.0 722.0 211.0 110.0 791.0 190.0 540.0 701.0 781.0 729.0 
806.0 621.0 656.0 508.0 282.0 161.0 139.0 92.0 790.0 276.0 317.0 753.0 882.0 645.0 655.0 395.0 91.0 706.0 782.0 585.0 714.0 49.0 619.0 700.0 741.0 0.0 816.0 692.0 361.0 391.0 228.0 678.0 308.0 93.0 637.0 491.0 522.0 870.0 693.0 522.0 671.0 477.0 603.0 768.0 392.0 320.0 326.0 815.0 593.0 823.0 971.0 507.0 524.0 553.0 550.0 476.0 212.0 206.0 804.0 375.0 100.0 748.0 750.0 430.0 526.0 432.0 675.0 919.0 94.0 632.0 815.0 449.0 608.0 638.0 521.0 925.0 765.0 809.0 730.0 50.0 
61.0 206.0 410.0 480.0 735.0 665.0 919.0 883.0 589.0 570.0 513.0 691.0 172.0 521.0 500.0 815.0 814.0 140.0 81.0 489.0 593.0 769.0 247.0 431.0 408.0 816.0 0.0 142.0 456.0 457.0 846.0 729.0 795.0 758.0 198.0 356.0 431.0 246.0 151.0 792.0 579.0 420.0 225.0 771.0 829.0 599.0 660.0 293.0 602.0 251.0 371.0 621.0 854.0 265.0 338.0 442.0 842.0 860.0 149.0 787.0 805.0 85.0 67.0 742.0 506.0 832.0 259.0 191.0 892.0 381.0 127.0 554.0 286.0 379.0 585.0 418.0 175.0 334.0 463.0 781.0 
167.0 137.0 407.0 430.0 645.0 537.0 787.0 765.0 611.0 464.0 403.0 694.0 288.0 399.0 494.0 741.0 699.0 143.0 161.0 463.0 596.0 646.0 209.0 442.0 434.0 692.0 142.0 0.0 337.0 361.0 707.0 712.0 654.0 642.0 58.0 217.0 382.0 235.0 142.0 740.0 460.0 278.0 90.0 769.0 753.0 510.0 519.0 237.0 576.0 210.0 474.0 574.0 799.0 142.0 284.0 300.0 704.0 722.0 132.0 712.0 673.0 126.0 88.0 677.0 463.0 763.0 261.0 316.0 773.0 256.0 221.0 413.0 252.0 370.0 449.0 499.0 115.0 268.0 359.0 654.0 
445.0 261.0 376.0 272.0 334.0 218.0 472.0 429.0 568.0 138.0 77.0 589.0 528.0 447.0 418.0 454.0 362.0 348.0 422.0 350.0 511.0 314.0 271.0 426.0 454.0 361.0 456.0 337.0 0.0 100.0 433.0 558.0 420.0 305.0 285.0 172.0 252.0 541.0 334.0 501.0 498.0 214.0 250.0 640.0 463.0 214.0 308.0 503.0 425.0 499.0 643.0 372.0 546.0 196.0 224.0 232.0 425.0 438.0 458.0 423.0 361.0 388.0 389.0 414.0 308.0 484.0 338.0 564.0 437.0 361.0 458.0 303.0 271.0 344.0 386.0 616.0 425.0 509.0 489.0 329.0 
433.0 252.0 290.0 173.0 285.0 274.0 517.0 442.0 473.0 119.0 78.0 490.0 496.0 538.0 323.0 387.0 368.0 330.0 407.0 253.0 413.0 343.0 232.0 339.0 371.0 391.0 457.0 361.0 100.0 0.0 505.0 459.0 505.0 316.0 318.0 247.0 159.0 584.0 316.0 415.0 592.0 305.0 284.0 541.0 398.0 150.0 402.0 558.0 325.0 548.0 583.0 276.0 465.0 227.0 160.0 326.0 494.0 505.0 490.0 357.0 414.0 378.0 392.0 335.0 209.0 413.0 284.0 532.0 452.0 441.0 431.0 403.0 217.0 262.0 485.0 545.0 463.0 571.0 572.0 369.0 
852.0 678.0 793.0 659.0 495.0 235.0 163.0 300.0 959.0 417.0 428.0 942.0 950.0 528.0 814.0 618.0 319.0 764.0 832.0 742.0 888.0 240.0 701.0 842.0 876.0 228.0 846.0 707.0 433.0 505.0 0.0 877.0 104.0 304.0 649.0 490.0 659.0 833.0 752.0 738.0 534.0 440.0 621.0 968.0 616.0 493.0 206.0 764.0 775.0 783.0 1075.0 695.0 747.0 586.0 655.0 426.0 17.0 32.0 792.0 596.0 131.0 795.0 782.0 642.0 686.0 655.0 770.0 985.0 295.0 565.0 877.0 348.0 703.0 766.0 390.0 1046.0 749.0 745.0 629.0 197.0 
675.0 576.0 320.0 301.0 399.0 655.0 814.0 664.0 217.0 481.0 504.0 102.0 648.0 992.0 231.0 327.0 599.0 597.0 650.0 250.0 157.0 647.0 505.0 307.0 345.0 678.0 729.0 712.0 558.0 459.0 877.0 0.0 914.0 586.0 698.0 692.0 341.0 943.0 589.0 194.0 1048.0 760.0 674.0 91.0 340.0 391.0 839.0 947.0 141.0 922.0 578.0 190.0 243.0 627.0 434.0 783.0 863.0 866.0 835.0 329.0 754.0 648.0 688.0 257.0 263.0 306.0 471.0 672.0 676.0 879.0 627.0 860.0 461.0 351.0 943.0 487.0 827.0 973.0 1011.0 689.0 
808.0 644.0 794.0 671.0 551.0 260.0 266.0 389.0 974.0 438.0 434.0 970.0 913.0 434.0 825.0 680.0 395.0 728.0 790.0 754.0 908.0 306.0 677.0 843.0 873.0 308.0 795.0 654.0 420.0 505.0 104.0 914.0 0.0 368.0 597.0 441.0 663.0 758.0 717.0 791.0 435.0 378.0 573.0 1004.0 680.0 524.0 136.0 684.0 802.0 708.0 1054.0 727.0 807.0 546.0 644.0 360.0 116.0 135.0 727.0 656.0 209.0 752.0 734.0 693.0 702.0 718.0 751.0 947.0 386.0 485.0 840.0 265.0 686.0 763.0 295.0 1033.0 683.0 662.0 537.0 267.0 
742.0 557.0 569.0 419.0 193.0 150.0 232.0 127.0 698.0 198.0 248.0 661.0 811.0 649.0 564.0 315.0 59.0 641.0 717.0 495.0 621.0 65.0 547.0 612.0 654.0 93.0 758.0 642.0 305.0 316.0 304.0 586.0 368.0 0.0 589.0 454.0 437.0 835.0 627.0 436.0 682.0 456.0 554.0 677.0 314.0 229.0 353.0 787.0 501.0 791.0 889.0 414.0 444.0 501.0 473.0 460.0 288.0 286.0 760.0 293.0 174.0 686.0 692.0 341.0 436.0 353.0 598.0 848.0 137.0 615.0 746.0 456.0 532.0 553.0 536.0 839.0 724.0 786.0 725.0 107.0 
217.0 128.0 404.0 407.0 601.0 480.0 730.0 711.0 614.0 416.0 354.0 688.0 334.0 365.0 487.0 703.0 646.0 168.0 205.0 449.0 591.0 590.0 203.0 444.0 442.0 637.0 198.0 58.0 285.0 318.0 649.0 698.0 597.0 589.0 0.0 159.0 361.0 267.0 163.0 712.0 427.0 223.0 36.0 760.0 715.0 467.0 462.0 252.0 559.0 234.0 510.0 549.0 768.0 93.0 264.0 246.0 646.0 665.0 175.0 673.0 615.0 167.0 139.0 643.0 442.0 727.0 268.0 364.0 718.0 223.0 263.0 361.0 244.0 365.0 402.0 527.0 146.0 275.0 340.0 598.0 
368.0 217.0 447.0 392.0 506.0 332.0 576.0 571.0 657.0 309.0 249.0 705.0 476.0 301.0 513.0 624.0 513.0 294.0 351.0 457.0 616.0 447.0 272.0 495.0 507.0 491.0 356.0 217.0 172.0 247.0 490.0 692.0 441.0 454.0 159.0 0.0 356.0 382.0 284.0 662.0 360.0 84.0 133.0 767.0 633.0 383.0 307.0 336.0 553.0 337.0 634.0 518.0 710.0 113.0 283.0 111.0 488.0 506.0 314.0 593.0 461.0 313.0 294.0 579.0 430.0 653.0 349.0 510.0 577.0 194.0 404.0 223.0 297.0 409.0 285.0 632.0 275.0 339.0 325.0 449.0 
390.0 247.0 136.0 49.0 336.0 426.0 656.0 556.0 317.0 250.0 232.0 350.0 414.0 657.0 167.0 390.0 480.0 292.0 362.0 102.0 264.0 477.0 185.0 183.0 220.0 522.0 431.0 382.0 252.0 159.0 659.0 341.0 663.0 437.0 361.0 356.0 0.0 616.0 281.0 362.0 715.0 430.0 334.0 412.0 404.0 216.0 559.0 612.0 201.0 590.0 456.0 193.0 424.0 286.0 99.0 455.0 648.0 658.0 511.0 365.0 561.0 346.0 377.0 313.0 82.0 404.0 192.0 448.0 568.0 539.0 364.0 546.0 146.0 117.0 624.0 403.0 497.0 635.0 671.0 509.0 
306.0 370.0 631.0 664.0 866.0 710.0 944.0 952.0 825.0 676.0 614.0 918.0 411.0 377.0 720.0 969.0 894.0 351.0 322.0 694.0 819.0 827.0 439.0 661.0 644.0 870.0 246.0 235.0 541.0 584.0 833.0 943.0 758.0 835.0 267.0 382.0 616.0 0.0 357.0 974.0 422.0 401.0 300.0 996.0 981.0 733.0 629.0 84.0 808.0 51.0 610.0 808.0 1032.0 358.0 518.0 410.0 835.0 855.0 109.0 939.0 831.0 307.0 261.0 908.0 697.0 993.0 479.0 421.0 958.0 275.0 373.0 493.0 482.0 595.0 488.0 663.0 122.0 124.0 285.0 827.0 
118.0 75.0 275.0 329.0 588.0 551.0 806.0 753.0 472.0 433.0 380.0 562.0 198.0 527.0 364.0 665.0 682.0 14.0 91.0 344.0 463.0 645.0 97.0 305.0 293.0 693.0 151.0 142.0 334.0 316.0 752.0 589.0 717.0 627.0 163.0 284.0 281.0 357.0 0.0 642.0 589.0 363.0 165.0 639.0 679.0 453.0 585.0 375.0 458.0 343.0 353.0 471.0 704.0 173.0 188.0 389.0 746.0 762.0 248.0 638.0 694.0 67.0 100.0 591.0 357.0 681.0 123.0 233.0 763.0 385.0 126.0 504.0 136.0 240.0 556.0 365.0 248.0 409.0 498.0 663.0 
747.0 607.0 411.0 314.0 243.0 536.0 652.0 493.0 391.0 388.0 431.0 293.0 749.0 947.0 338.0 140.0 436.0 653.0 719.0 314.0 315.0 500.0 547.0 420.0 467.0 522.0 792.0 740.0 501.0 415.0 738.0 194.0 791.0 436.0 712.0 662.0 362.0 974.0 642.0 0.0 998.0 715.0 681.0 272.0 150.0 294.0 738.0 962.0 217.0 945.0 722.0 172.0 66.0 627.0 460.0 733.0 723.0 722.0 871.0 150.0 609.0 707.0 739.0 98.0 286.0 114.0 540.0 779.0 504.0 856.0 712.0 789.0 507.0 428.0 875.0 638.0 853.0 979.0 987.0 542.0 
622.0 543.0 802.0 750.0 803.0 533.0 685.0 762.0 1014.0 615.0 567.0 1064.0 744.0 62.0 872.0 934.0 733.0 594.0 619.0 816.0 975.0 643.0 612.0 848.0 855.0 671.0 579.0 460.0 498.0 592.0 534.0 1048.0 435.0 682.0 427.0 360.0 715.0 422.0 589.0 998.0 0.0 289.0 429.0 1125.0 941.0 706.0 349.0 339.0 910.0 378.0 933.0 868.0 1038.0 450.0 640.0 267.0 543.0 564.0 450.0 904.0 592.0 585.0 544.0 907.0 788.0 968.0 686.0 769.0 764.0 205.0 680.0 226.0 645.0 763.0 151.0 953.0 411.0 300.0 140.0 622.0 
438.0 299.0 527.0 462.0 537.0 318.0 544.0 563.0 736.0 342.0 287.0 779.0 552.0 234.0 591.0 663.0 513.0 372.0 424.0 532.0 692.0 437.0 355.0 576.0 590.0 477.0 420.0 278.0 214.0 305.0 440.0 760.0 378.0 456.0 223.0 84.0 430.0 401.0 363.0 715.0 289.0 0.0 204.0 838.0 671.0 426.0 243.0 340.0 622.0 352.0 715.0 580.0 759.0 195.0 363.0 27.0 439.0 459.0 353.0 632.0 431.0 386.0 362.0 627.0 501.0 694.0 432.0 584.0 568.0 160.0 480.0 142.0 380.0 489.0 202.0 715.0 310.0 333.0 280.0 431.0 
236.0 116.0 387.0 380.0 567.0 447.0 698.0 676.0 599.0 381.0 319.0 668.0 349.0 367.0 468.0 669.0 612.0 173.0 221.0 425.0 572.0 556.0 188.0 429.0 431.0 603.0 225.0 90.0 250.0 284.0 621.0 674.0 573.0 554.0 36.0 133.0 334.0 300.0 165.0 681.0 429.0 204.0 0.0 738.0 681.0 433.0 438.0 281.0 534.0 266.0 518.0 520.0 737.0 58.0 240.0 228.0 618.0 636.0 210.0 640.0 583.0 183.0 162.0 611.0 416.0 694.0 258.0 381.0 684.0 229.0 277.0 344.0 227.0 348.0 391.0 528.0 180.0 301.0 352.0 565.0 
715.0 635.0 365.0 376.0 489.0 745.0 904.0 753.0 208.0 569.0 590.0 83.0 673.0 1068.0 276.0 410.0 689.0 645.0 691.0 314.0 179.0 738.0 561.0 341.0 370.0 768.0 771.0 769.0 640.0 541.0 968.0 91.0 1004.0 677.0 760.0 767.0 412.0 996.0 639.0 272.0 1125.0 838.0 738.0 0.0 422.0 480.0 926.0 1006.0 217.0 978.0 577.0 279.0 312.0 695.0 499.0 861.0 954.0 957.0 887.0 415.0 845.0 694.0 737.0 345.0 338.0 385.0 518.0 693.0 765.0 951.0 662.0 943.0 518.0 401.0 1025.0 482.0 883.0 1034.0 1082.0 780.0 
791.0 629.0 491.0 360.0 139.0 438.0 514.0 351.0 521.0 330.0 386.0 436.0 816.0 896.0 437.0 16.0 302.0 691.0 763.0 392.0 441.0 377.0 583.0 514.0 561.0 392.0 829.0 753.0 463.0 398.0 616.0 340.0 680.0 314.0 715.0 633.0 404.0 981.0 679.0 150.0 941.0 671.0 681.0 422.0 0.0 251.0 647.0 956.0 325.0 946.0 821.0 248.0 134.0 624.0 492.0 685.0 600.0 596.0 884.0 42.0 485.0 745.0 769.0 103.0 347.0 42.0 595.0 848.0 362.0 823.0 768.0 721.0 548.0 497.0 806.0 745.0 860.0 967.0 950.0 420.0 
570.0 394.0 344.0 192.0 137.0 266.0 458.0 343.0 473.0 95.0 140.0 450.0 617.0 657.0 336.0 241.0 267.0 466.0 542.0 266.0 398.0 279.0 361.0 385.0 428.0 320.0 599.0 510.0 214.0 150.0 493.0 391.0 524.0 229.0 467.0 383.0 216.0 733.0 453.0 294.0 706.0 426.0 433.0 480.0 251.0 0.0 452.0 705.0 283.0 696.0 671.0 203.0 333.0 376.0 274.0 443.0 480.0 485.0 640.0 210.0 377.0 518.0 536.0 202.0 207.0 270.0 395.0 652.0 355.0 575.0 559.0 495.0 335.0 331.0 581.0 615.0 613.0 716.0 703.0 317.0 
674.0 514.0 683.0 573.0 510.0 211.0 341.0 417.0 874.0 359.0 339.0 884.0 781.0 332.0 724.0 644.0 397.0 596.0 657.0 654.0 813.0 304.0 552.0 733.0 759.0 326.0 660.0 519.0 308.0 402.0 206.0 839.0 136.0 353.0 462.0 307.0 559.0 629.0 585.0 738.0 349.0 243.0 438.0 926.0 647.0 452.0 0.0 558.0 716.0 579.0 927.0 649.0 764.0 414.0 527.0 226.0 209.0 230.0 594.0 616.0 244.0 619.0 600.0 641.0 607.0 681.0 627.0 815.0 418.0 359.0 708.0 143.0 564.0 650.0 199.0 912.0 550.0 539.0 428.0 277.0 
349.0 372.0 644.0 658.0 835.0 656.0 881.0 900.0 846.0 640.0 579.0 931.0 463.0 294.0 731.0 945.0 846.0 372.0 359.0 698.0 833.0 774.0 445.0 679.0 668.0 815.0 293.0 237.0 503.0 558.0 764.0 947.0 684.0 787.0 252.0 336.0 612.0 84.0 375.0 962.0 339.0 340.0 281.0 1006.0 956.0 705.0 558.0 0.0 809.0 45.0 663.0 800.0 1017.0 336.0 515.0 345.0 766.0 786.0 144.0 914.0 769.0 337.0 289.0 890.0 693.0 971.0 496.0 479.0 905.0 200.0 416.0 420.0 488.0 607.0 408.0 708.0 128.0 45.0 202.0 771.0 
551.0 439.0 201.0 161.0 333.0 546.0 732.0 597.0 204.0 364.0 378.0 169.0 539.0 853.0 122.0 310.0 525.0 467.0 525.0 115.0 124.0 557.0 370.0 204.0 250.0 593.0 602.0 576.0 425.0 325.0 775.0 141.0 802.0 501.0 559.0 553.0 201.0 808.0 458.0 217.0 910.0 622.0 534.0 217.0 325.0 283.0 716.0 809.0 0.0 785.0 506.0 90.0 282.0 487.0 295.0 646.0 762.0 767.0 700.0 298.0 658.0 519.0 557.0 224.0 123.0 304.0 344.0 568.0 609.0 739.0 509.0 727.0 326.0 225.0 809.0 424.0 690.0 834.0 871.0 596.0 
309.0 347.0 615.0 638.0 828.0 663.0 895.0 906.0 814.0 636.0 574.0 902.0 421.0 331.0 702.0 934.0 849.0 339.0 320.0 673.0 804.0 781.0 418.0 648.0 634.0 823.0 251.0 210.0 499.0 548.0 783.0 922.0 708.0 791.0 234.0 337.0 590.0 51.0 343.0 945.0 378.0 352.0 266.0 978.0 946.0 696.0 579.0 45.0 785.0 0.0 621.0 781.0 1001.0 322.0 493.0 360.0 785.0 805.0 103.0 904.0 782.0 301.0 253.0 876.0 672.0 959.0 465.0 436.0 912.0 225.0 376.0 443.0 462.0 578.0 438.0 668.0 96.0 89.0 243.0 780.0 
317.0 417.0 335.0 484.0 784.0 854.0 1100.0 1011.0 370.0 696.0 660.0 498.0 200.0 872.0 386.0 805.0 935.0 345.0 315.0 431.0 423.0 925.0 377.0 308.0 260.0 971.0 371.0 474.0 643.0 583.0 1075.0 578.0 1054.0 889.0 510.0 634.0 456.0 610.0 353.0 722.0 933.0 715.0 518.0 577.0 821.0 671.0 927.0 663.0 506.0 621.0 0.0 573.0 787.0 522.0 425.0 741.0 1067.0 1080.0 519.0 788.0 996.0 349.0 390.0 719.0 483.0 806.0 306.0 191.0 1022.0 729.0 254.0 856.0 373.0 341.0 908.0 96.0 544.0 705.0 827.0 952.0 
575.0 439.0 247.0 144.0 244.0 468.0 645.0 508.0 293.0 291.0 315.0 249.0 581.0 813.0 190.0 233.0 437.0 482.0 548.0 148.0 213.0 471.0 377.0 266.0 314.0 507.0 621.0 574.0 372.0 276.0 695.0 190.0 727.0 414.0 549.0 518.0 193.0 808.0 471.0 172.0 868.0 580.0 520.0 279.0 248.0 203.0 649.0 800.0 90.0 781.0 573.0 0.0 235.0 468.0 291.0 601.0 681.0 685.0 703.0 217.0 575.0 536.0 569.0 146.0 115.0 234.0 369.0 612.0 520.0 709.0 542.0 673.0 336.0 259.0 757.0 497.0 688.0 820.0 841.0 512.0 
810.0 667.0 476.0 375.0 257.0 557.0 648.0 484.0 450.0 424.0 473.0 345.0 814.0 990.0 404.0 130.0 435.0 715.0 782.0 379.0 376.0 507.0 609.0 486.0 532.0 524.0 854.0 799.0 546.0 465.0 747.0 243.0 807.0 444.0 768.0 710.0 424.0 1032.0 704.0 66.0 1038.0 759.0 737.0 312.0 134.0 333.0 764.0 1017.0 282.0 1001.0 787.0 235.0 0.0 682.0 521.0 776.0 731.0 728.0 930.0 152.0 616.0 769.0 801.0 132.0 350.0 93.0 604.0 844.0 495.0 904.0 776.0 825.0 569.0 493.0 910.0 702.0 911.0 1033.0 1034.0 550.0 
266.0 105.0 354.0 330.0 509.0 401.0 654.0 624.0 566.0 324.0 263.0 627.0 368.0 389.0 429.0 612.0 558.0 183.0 246.0 381.0 533.0 506.0 164.0 399.0 406.0 553.0 265.0 142.0 196.0 227.0 586.0 627.0 546.0 501.0 93.0 113.0 286.0 358.0 173.0 627.0 450.0 195.0 58.0 695.0 624.0 376.0 414.0 336.0 487.0 322.0 522.0 468.0 682.0 0.0 197.0 221.0 582.0 599.0 267.0 582.0 540.0 209.0 199.0 555.0 367.0 637.0 240.0 402.0 632.0 259.0 295.0 335.0 196.0 314.0 394.0 521.0 238.0 353.0 388.0 517.0 
301.0 148.0 165.0 147.0 407.0 430.0 676.0 598.0 375.0 276.0 236.0 431.0 344.0 580.0 233.0 478.0 522.0 200.0 273.0 186.0 337.0 503.0 92.0 214.0 234.0 550.0 338.0 284.0 224.0 160.0 655.0 434.0 644.0 473.0 264.0 283.0 99.0 518.0 188.0 460.0 640.0 363.0 240.0 499.0 492.0 274.0 527.0 515.0 295.0 493.0 425.0 291.0 521.0 197.0 0.0 389.0 646.0 658.0 412.0 451.0 572.0 254.0 281.0 405.0 180.0 495.0 126.0 380.0 608.0 455.0 285.0 491.0 61.0 128.0 563.0 392.0 398.0 539.0 584.0 528.0 
462.0 326.0 554.0 486.0 550.0 318.0 536.0 563.0 762.0 356.0 304.0 803.0 576.0 215.0 616.0 677.0 516.0 398.0 449.0 557.0 717.0 437.0 382.0 602.0 616.0 476.0 442.0 300.0 232.0 326.0 426.0 783.0 360.0 460.0 246.0 111.0 455.0 410.0 389.0 733.0 267.0 27.0 228.0 861.0 685.0 443.0 226.0 345.0 646.0 360.0 741.0 601.0 776.0 221.0 389.0 0.0 426.0 446.0 369.0 646.0 425.0 410.0 385.0 644.0 524.0 710.0 459.0 608.0 568.0 157.0 505.0 116.0 407.0 516.0 175.0 742.0 325.0 335.0 269.0 429.0 
847.0 672.0 783.0 648.0 480.0 223.0 150.0 284.0 947.0 405.0 418.0 929.0 944.0 535.0 802.0 602.0 303.0 759.0 827.0 730.0 875.0 224.0 694.0 831.0 865.0 212.0 842.0 704.0 425.0 494.0 17.0 863.0 116.0 288.0 646.0 488.0 648.0 835.0 746.0 723.0 543.0 439.0 618.0 954.0 600.0 480.0 209.0 766.0 762.0 785.0 1067.0 681.0 731.0 582.0 646.0 426.0 0.0 22.0 792.0 580.0 116.0 790.0 778.0 627.0 674.0 640.0 762.0 979.0 279.0 567.0 872.0 351.0 695.0 756.0 397.0 1037.0 749.0 748.0 635.0 182.0 
864.0 688.0 793.0 656.0 479.0 232.0 132.0 274.0 954.0 413.0 428.0 933.0 960.0 556.0 810.0 599.0 297.0 775.0 844.0 738.0 882.0 223.0 708.0 841.0 876.0 206.0 860.0 722.0 438.0 505.0 32.0 866.0 135.0 286.0 665.0 506.0 658.0 855.0 762.0 722.0 564.0 459.0 636.0 957.0 596.0 485.0 230.0 786.0 767.0 805.0 1080.0 685.0 728.0 599.0 658.0 446.0 22.0 0.0 811.0 578.0 114.0 807.0 796.0 627.0 682.0 636.0 775.0 995.0 268.0 588.0 888.0 373.0 708.0 767.0 418.0 1049.0 768.0 769.0 656.0 180.0 
206.0 265.0 522.0 559.0 774.0 645.0 889.0 881.0 717.0 590.0 528.0 809.0 320.0 396.0 611.0 872.0 818.0 243.0 218.0 587.0 710.0 758.0 331.0 552.0 536.0 804.0 149.0 132.0 458.0 490.0 792.0 835.0 727.0 760.0 175.0 314.0 511.0 109.0 248.0 871.0 450.0 353.0 210.0 887.0 884.0 640.0 594.0 144.0 700.0 103.0 519.0 703.0 930.0 267.0 412.0 369.0 792.0 811.0 0.0 843.0 774.0 200.0 153.0 808.0 591.0 894.0 370.0 336.0 888.0 266.0 273.0 469.0 374.0 487.0 482.0 565.0 45.0 186.0 324.0 763.0 
751.0 588.0 456.0 321.0 107.0 408.0 503.0 344.0 498.0 291.0 346.0 422.0 777.0 858.0 407.0 31.0 288.0 650.0 723.0 357.0 417.0 357.0 542.0 481.0 528.0 375.0 787.0 712.0 423.0 357.0 596.0 329.0 656.0 293.0 673.0 593.0 365.0 939.0 638.0 150.0 904.0 632.0 640.0 415.0 42.0 210.0 616.0 914.0 298.0 904.0 788.0 217.0 152.0 582.0 451.0 646.0 580.0 578.0 843.0 0.0 465.0 704.0 728.0 77.0 310.0 66.0 556.0 810.0 355.0 783.0 728.0 685.0 507.0 461.0 771.0 714.0 818.0 926.0 910.0 399.0 
802.0 620.0 696.0 554.0 366.0 144.0 115.0 182.0 848.0 312.0 337.0 823.0 889.0 573.0 707.0 487.0 189.0 707.0 779.0 635.0 774.0 110.0 630.0 743.0 780.0 100.0 805.0 673.0 361.0 414.0 131.0 754.0 209.0 174.0 615.0 461.0 561.0 831.0 694.0 609.0 592.0 431.0 583.0 845.0 485.0 377.0 244.0 769.0 658.0 782.0 996.0 575.0 616.0 540.0 572.0 425.0 116.0 114.0 774.0 465.0 0.0 744.0 739.0 514.0 578.0 524.0 693.0 925.0 180.0 577.0 819.0 378.0 625.0 673.0 442.0 958.0 733.0 758.0 665.0 67.0 
58.0 129.0 330.0 395.0 653.0 602.0 857.0 812.0 518.0 494.0 439.0 615.0 167.0 524.0 420.0 731.0 741.0 55.0 39.0 405.0 516.0 701.0 163.0 356.0 337.0 748.0 85.0 126.0 388.0 378.0 795.0 648.0 752.0 686.0 167.0 313.0 346.0 307.0 67.0 707.0 585.0 386.0 183.0 694.0 745.0 518.0 619.0 337.0 519.0 301.0 349.0 536.0 769.0 209.0 254.0 410.0 790.0 807.0 200.0 704.0 744.0 0.0 48.0 657.0 421.0 747.0 178.0 198.0 821.0 381.0 97.0 526.0 201.0 297.0 569.0 377.0 210.0 374.0 481.0 716.0 
80.0 142.0 372.0 426.0 672.0 599.0 853.0 817.0 564.0 504.0 446.0 659.0 201.0 484.0 462.0 756.0 748.0 92.0 76.0 443.0 560.0 702.0 193.0 400.0 383.0 750.0 67.0 88.0 389.0 392.0 782.0 688.0 734.0 692.0 139.0 294.0 377.0 261.0 100.0 739.0 544.0 362.0 162.0 737.0 769.0 536.0 600.0 289.0 557.0 253.0 390.0 569.0 801.0 199.0 281.0 385.0 778.0 796.0 153.0 728.0 739.0 48.0 0.0 685.0 455.0 774.0 220.0 229.0 826.0 341.0 137.0 499.0 234.0 338.0 537.0 423.0 162.0 327.0 437.0 715.0 
702.0 548.0 390.0 266.0 149.0 438.0 562.0 408.0 422.0 294.0 341.0 347.0 719.0 858.0 335.0 87.0 346.0 603.0 674.0 291.0 342.0 405.0 495.0 411.0 459.0 430.0 742.0 677.0 414.0 335.0 642.0 257.0 693.0 341.0 643.0 579.0 313.0 908.0 591.0 98.0 907.0 627.0 611.0 345.0 103.0 202.0 641.0 890.0 224.0 876.0 719.0 146.0 132.0 555.0 405.0 644.0 627.0 627.0 808.0 77.0 514.0 657.0 685.0 0.0 248.0 92.0 501.0 751.0 420.0 772.0 674.0 695.0 458.0 399.0 781.0 642.0 787.0 905.0 902.0 447.0 
461.0 327.0 149.0 39.0 303.0 453.0 664.0 547.0 273.0 269.0 270.0 282.0 471.0 731.0 130.0 331.0 471.0 367.0 433.0 59.0 207.0 485.0 263.0 182.0 228.0 526.0 506.0 463.0 308.0 209.0 686.0 263.0 702.0 436.0 442.0 430.0 82.0 697.0 357.0 286.0 788.0 501.0 416.0 338.0 347.0 207.0 607.0 693.0 123.0 672.0 483.0 115.0 350.0 367.0 180.0 524.0 674.0 682.0 591.0 310.0 578.0 421.0 455.0 248.0 0.0 340.0 256.0 503.0 559.0 617.0 429.0 609.0 222.0 151.0 690.0 417.0 578.0 716.0 749.0 521.0 
793.0 636.0 480.0 357.0 172.0 472.0 555.0 392.0 495.0 354.0 408.0 404.0 810.0 922.0 421.0 38.0 342.0 693.0 765.0 381.0 415.0 416.0 585.0 499.0 547.0 432.0 832.0 763.0 484.0 413.0 655.0 306.0 718.0 353.0 727.0 653.0 404.0 993.0 681.0 114.0 968.0 694.0 694.0 385.0 42.0 270.0 681.0 971.0 304.0 959.0 806.0 234.0 93.0 637.0 495.0 710.0 640.0 636.0 894.0 66.0 524.0 747.0 774.0 92.0 340.0 0.0 592.0 843.0 403.0 845.0 766.0 750.0 549.0 490.0 836.0 727.0 872.0 984.0 973.0 459.0 
208.0 143.0 153.0 236.0 523.0 550.0 799.0 723.0 351.0 401.0 359.0 440.0 224.0 624.0 243.0 580.0 647.0 128.0 182.0 231.0 341.0 627.0 78.0 183.0 175.0 675.0 259.0 261.0 338.0 284.0 770.0 471.0 751.0 598.0 268.0 349.0 192.0 479.0 123.0 540.0 686.0 432.0 258.0 518.0 595.0 395.0 627.0 496.0 344.0 465.0 306.0 369.0 604.0 240.0 126.0 459.0 762.0 775.0 370.0 556.0 693.0 178.0 220.0 501.0 256.0 592.0 0.0 259.0 733.0 486.0 174.0 570.0 68.0 121.0 633.0 287.0 370.0 529.0 607.0 652.0 
149.0 307.0 369.0 490.0 781.0 782.0 1036.0 973.0 491.0 651.0 603.0 611.0 37.0 709.0 449.0 833.0 899.0 221.0 160.0 466.0 520.0 871.0 301.0 367.0 328.0 919.0 191.0 316.0 564.0 532.0 985.0 672.0 947.0 848.0 364.0 510.0 448.0 421.0 233.0 779.0 769.0 584.0 381.0 693.0 848.0 652.0 815.0 479.0 568.0 436.0 191.0 612.0 844.0 402.0 380.0 608.0 979.0 995.0 336.0 810.0 925.0 198.0 229.0 751.0 503.0 843.0 259.0 0.0 984.0 568.0 108.0 723.0 319.0 354.0 764.0 259.0 366.0 522.0 654.0 891.0 
878.0 693.0 698.0 546.0 279.0 251.0 158.0 13.0 811.0 334.0 384.0 760.0 947.0 739.0 685.0 369.0 88.0 776.0 853.0 618.0 732.0 132.0 684.0 739.0 782.0 94.0 892.0 773.0 437.0 452.0 295.0 676.0 386.0 137.0 718.0 577.0 568.0 958.0 763.0 504.0 764.0 568.0 684.0 765.0 362.0 355.0 418.0 905.0 609.0 912.0 1022.0 520.0 495.0 632.0 608.0 568.0 279.0 268.0 888.0 355.0 180.0 821.0 826.0 420.0 559.0 403.0 733.0 984.0 0.0 724.0 882.0 543.0 668.0 684.0 613.0 969.0 851.0 900.0 824.0 143.0 
420.0 344.0 611.0 579.0 692.0 474.0 687.0 719.0 823.0 495.0 437.0 884.0 542.0 144.0 687.0 814.0 672.0 390.0 416.0 638.0 791.0 593.0 416.0 655.0 659.0 632.0 381.0 256.0 361.0 441.0 565.0 879.0 485.0 615.0 223.0 194.0 539.0 275.0 385.0 856.0 205.0 160.0 229.0 951.0 823.0 575.0 359.0 200.0 739.0 225.0 729.0 709.0 904.0 259.0 455.0 157.0 567.0 588.0 266.0 783.0 577.0 381.0 341.0 772.0 617.0 845.0 486.0 568.0 724.0 0.0 476.0 220.0 452.0 572.0 218.0 749.0 223.0 182.0 133.0 585.0 
67.0 200.0 310.0 409.0 691.0 675.0 930.0 872.0 471.0 550.0 499.0 580.0 73.0 619.0 398.0 753.0 799.0 114.0 62.0 400.0 483.0 767.0 200.0 323.0 293.0 815.0 127.0 221.0 458.0 431.0 877.0 627.0 840.0 746.0 263.0 404.0 364.0 373.0 126.0 712.0 680.0 480.0 277.0 662.0 768.0 559.0 708.0 416.0 509.0 376.0 254.0 542.0 776.0 295.0 285.0 505.0 872.0 888.0 273.0 728.0 819.0 97.0 137.0 674.0 429.0 766.0 174.0 108.0 882.0 476.0 0.0 620.0 225.0 286.0 665.0 293.0 292.0 456.0 573.0 786.0 
577.0 440.0 655.0 572.0 582.0 307.0 481.0 540.0 860.0 402.0 361.0 890.0 692.0 197.0 711.0 715.0 507.0 514.0 564.0 647.0 809.0 419.0 492.0 705.0 722.0 449.0 554.0 413.0 303.0 403.0 348.0 860.0 265.0 456.0 361.0 223.0 546.0 493.0 504.0 789.0 226.0 142.0 344.0 943.0 721.0 495.0 143.0 420.0 727.0 443.0 856.0 673.0 825.0 335.0 491.0 116.0 351.0 373.0 469.0 685.0 378.0 526.0 499.0 695.0 609.0 750.0 570.0 723.0 543.0 220.0 620.0 0.0 515.0 618.0 86.0 854.0 424.0 399.0 288.0 400.0 
245.0 117.0 161.0 194.0 467.0 482.0 731.0 657.0 373.0 335.0 292.0 445.0 283.0 584.0 244.0 533.0 582.0 146.0 217.0 213.0 347.0 560.0 44.0 204.0 211.0 608.0 286.0 252.0 271.0 217.0 703.0 461.0 686.0 532.0 244.0 297.0 146.0 482.0 136.0 507.0 645.0 380.0 227.0 518.0 548.0 335.0 564.0 488.0 326.0 462.0 373.0 336.0 569.0 196.0 61.0 407.0 695.0 708.0 374.0 507.0 625.0 201.0 234.0 458.0 222.0 549.0 68.0 319.0 668.0 452.0 225.0 515.0 0.0 122.0 581.0 348.0 366.0 516.0 577.0 584.0 
327.0 238.0 40.0 145.0 445.0 535.0 770.0 672.0 252.0 364.0 339.0 325.0 322.0 702.0 125.0 482.0 596.0 247.0 301.0 115.0 227.0 592.0 163.0 87.0 110.0 638.0 379.0 370.0 344.0 262.0 766.0 351.0 763.0 553.0 365.0 409.0 117.0 595.0 240.0 428.0 763.0 489.0 348.0 401.0 497.0 331.0 650.0 607.0 225.0 578.0 341.0 259.0 493.0 314.0 128.0 516.0 756.0 767.0 487.0 461.0 673.0 297.0 338.0 399.0 151.0 490.0 121.0 354.0 684.0 572.0 286.0 618.0 122.0 0.0 690.0 288.0 482.0 636.0 699.0 623.0 
616.0 497.0 728.0 652.0 667.0 387.0 537.0 612.0 935.0 488.0 446.0 971.0 735.0 139.0 788.0 801.0 585.0 564.0 606.0 726.0 887.0 494.0 556.0 777.0 791.0 521.0 585.0 449.0 386.0 485.0 390.0 943.0 295.0 536.0 402.0 285.0 624.0 488.0 556.0 875.0 151.0 202.0 391.0 1025.0 806.0 581.0 199.0 408.0 809.0 438.0 908.0 757.0 910.0 394.0 563.0 175.0 397.0 418.0 482.0 771.0 442.0 569.0 537.0 781.0 690.0 836.0 633.0 764.0 613.0 218.0 665.0 86.0 581.0 690.0 0.0 914.0 438.0 379.0 243.0 472.0 
359.0 418.0 272.0 424.0 719.0 818.0 1057.0 958.0 276.0 651.0 622.0 404.0 257.0 891.0 308.0 729.0 881.0 360.0 350.0 361.0 333.0 879.0 363.0 236.0 190.0 925.0 418.0 499.0 616.0 545.0 1046.0 487.0 1033.0 839.0 527.0 632.0 403.0 663.0 365.0 638.0 953.0 715.0 528.0 482.0 745.0 615.0 912.0 708.0 424.0 668.0 96.0 497.0 702.0 521.0 392.0 742.0 1037.0 1049.0 565.0 714.0 958.0 377.0 423.0 642.0 417.0 727.0 287.0 259.0 969.0 749.0 293.0 854.0 348.0 288.0 914.0 0.0 583.0 748.0 857.0 910.0 
227.0 252.0 519.0 544.0 746.0 606.0 848.0 843.0 720.0 559.0 497.0 807.0 346.0 355.0 607.0 848.0 783.0 245.0 234.0 577.0 708.0 720.0 323.0 552.0 540.0 765.0 175.0 115.0 425.0 463.0 749.0 827.0 683.0 724.0 146.0 275.0 497.0 122.0 248.0 853.0 411.0 310.0 180.0 883.0 860.0 613.0 550.0 128.0 690.0 96.0 544.0 688.0 911.0 238.0 398.0 325.0 749.0 768.0 45.0 818.0 733.0 210.0 162.0 787.0 578.0 872.0 370.0 366.0 851.0 223.0 292.0 424.0 366.0 482.0 438.0 583.0 0.0 165.0 289.0 724.0 
390.0 399.0 674.0 680.0 843.0 650.0 868.0 895.0 879.0 647.0 586.0 960.0 505.0 259.0 759.0 957.0 843.0 407.0 398.0 723.0 862.0 769.0 474.0 710.0 701.0 809.0 334.0 268.0 509.0 571.0 745.0 973.0 662.0 786.0 275.0 339.0 635.0 124.0 409.0 979.0 300.0 333.0 301.0 1034.0 967.0 716.0 539.0 45.0 834.0 89.0 705.0 820.0 1033.0 353.0 539.0 335.0 748.0 769.0 186.0 926.0 758.0 374.0 327.0 905.0 716.0 984.0 529.0 522.0 900.0 182.0 456.0 399.0 516.0 636.0 379.0 748.0 165.0 0.0 162.0 763.0 
511.0 466.0 738.0 711.0 817.0 579.0 768.0 820.0 950.0 621.0 565.0 1014.0 632.0 107.0 816.0 941.0 780.0 500.0 512.0 768.0 920.0 696.0 539.0 781.0 781.0 730.0 463.0 359.0 489.0 572.0 629.0 1011.0 537.0 725.0 340.0 325.0 671.0 285.0 498.0 987.0 140.0 280.0 352.0 1082.0 950.0 703.0 428.0 202.0 871.0 243.0 827.0 841.0 1034.0 388.0 584.0 269.0 635.0 656.0 324.0 910.0 665.0 481.0 437.0 902.0 749.0 973.0 607.0 654.0 824.0 133.0 573.0 288.0 577.0 699.0 243.0 857.0 289.0 162.0 0.0 682.0 
774.0 590.0 644.0 499.0 300.0 118.0 148.0 141.0 789.0 260.0 293.0 760.0 855.0 596.0 650.0 421.0 128.0 676.0 750.0 578.0 714.0 43.0 593.0 690.0 729.0 50.0 781.0 654.0 329.0 369.0 197.0 689.0 267.0 107.0 598.0 449.0 509.0 827.0 663.0 542.0 622.0 431.0 565.0 780.0 420.0 317.0 277.0 771.0 596.0 780.0 952.0 512.0 550.0 517.0 528.0 429.0 182.0 180.0 763.0 399.0 67.0 716.0 715.0 447.0 521.0 459.0 652.0 891.0 143.0 585.0 786.0 400.0 584.0 623.0 472.0 910.0 724.0 763.0 682.0 0.0 
