200 0.0 5
1 953 681
2 370 422
3 68 586
4 501 959
5 825 96
6 363 638
7 576 74
8 9 790
9 187 267
10 36 536
11 579 924
12 608 700
13 507 834
14 110 316
15 8 748
16 610 677
17 857 9
18 892 656
19 669 870
20 350 954
21 116 235
22 861 957
23 736 28
24 993 635
25 708 176
26 124 165
27 191 930
28 431 619
29 497 882
30 179 734
31 25 599
32 121 250
33 535 957
34 133 923
35 173 134
36 35 227
37 79 913
38 608 387
39 239 650
40 807 553
41 803 202
42 9 114
43 576 659
44 294 809
45 826 401
46 760 773
47 215 737
48 70 91
49 795 631
50 935 987
51 332 11
52 285 890
53 103 375
54 707 950
55 500 894
56 376 302
57 605 702
58 704 228
59 611 100
60 353 124
61 799 343
62 213 191
63 383 742
64 29 604
65 510 340
66 836 583
67 942 49
68 750 922
69 85 281
70 213 908
71 347 974
72 891 221
73 103 828
74 543 42
75 331 721
76 990 85
77 376 66
78 770 244
79 318 254
80 332 181
81 614 781
82 369 73
83 333 382
84 767 81
85 53 275
86 15 459
87 773 311
88 527 182
89 210 769
90 708 332
91 95 530
92 342 244
93 365 733
94 763 951
95 880 789
96 879 809
97 343 995
98 486 396
99 165 500
100 209 15
101 394 412
102 818 417
103 365 457
104 522 726
105 9 284
106 545 893
107 565 52
108 329 568
109 265 434
110 680 882
111 282 51
112 506 512
113 881 496
114 167 978
115 972 940
116 591 385
117 422 531
118 219 199
119 596 160
120 804 425
121 368 401
122 667 862
123 126 189
124 997 267
125 782 885
126 595 326
127 838 624
128 305 857
129 66 860
130 338 160
131 818 177
132 201 155
133 809 817
134 966 526
135 731 251
136 834 345
137 535 545
138 279 51
139 12 461
140 603 428
141 157 503
142 260 822
143 671 227
144 520 572
145 936 988
146 986 694
147 905 224
148 85 980
149 198 130
150 834 754
151 52 221
152 349 142
153 91 158
154 106 139
155 69 786
156 424 996
157 929 705
158 202 933
159 486 820
160 497 542
161 233 722
162 292 72
163 457 295
164 636 42
165 7 919
166 546 483
167 810 825
168 957 831
169 797 872
170 507 726
171 160 712
172 730 300
173 996 405
174 630 209
175 499 770
176 267 68
177 53 200
178 233 768
179 117 355
180 130 957
181 323 327
182 849 687
183 581 514
184 153 189
185 530 584
186 773 950
187 51 877
188 223 710
189 745 955
190 346 973
191 472 608
192 731 798
193 554 268
194 458 997
195 307 216
196 917 957
197 817 717
198 149 748
199 986 613
200 65 741
opening costs
558 392 865 910 382 770 360 957 841 86 874 960 170 687 487 619 569 963 52 302 809 236 644 682 355 632 239 833 525 355 290 372 606 213 290 674 476 526 82 529 99 468 699 652 969 81 836 683 867 635 429 245 444 944 494 585 239 767 469 208 734 908 345 600 84 151 400 906 293 75 543 345 145 928 746 743 806 790 399 29 763 643 563 660 911 866 836 316 746 394 952 239 876 165 878 851 77 217 156 461 736 429 908 285 362 473 774 949 635 429 905 84 374 831 191 403 515 586 319 415 521 915 190 490 792 558 424 500 610 576 336 56 767 358 355 226 884 142 494 387 651 157 264 156 245 432 184 127 770 339 292 92 938 501 697 691 422 466 803 898 98 995 81 443 863 18 859 14 932 749 641 736 149 675 589 53 541 413 397 759 894 93 289 392 967 124 887 370 549 644 888 511 119 70 220 279 567 739 600 116 
star costs
0.0 638.0 891.0 531.0 599.0 592.0 715.0 951.0 871.0 929.0 447.0 346.0 472.0 919.0 948.0 344.0 679.0 66.0 342.0 662.0 949.0 291.0 689.0 61.0 562.0 977.0 802.0 526.0 499.0 776.0 932.0 938.0 501.0 855.0 953.0 1025.0 905.0 454.0 715.0 195.0 502.0 1102.0 378.0 672.0 308.0 214.0 741.0 1062.0 166.0 307.0 914.0 700.0 904.0 365.0 501.0 691.0 349.0 517.0 675.0 819.0 372.0 888.0 574.0 928.0 560.0 153.0 633.0 316.0 956.0 775.0 674.0 465.0 863.0 760.0 624.0 598.0 844.0 474.0 766.0 798.0 354.0 844.0 689.0 629.0 988.0 964.0 412.0 657.0 749.0 427.0 872.0 752.0 591.0 331.0 131.0 148.0 687.0 548.0 809.0 999.0 621.0 297.0 630.0 434.0 1025.0 460.0 740.0 635.0 731.0 340.0 921.0 478.0 199.0 841.0 260.0 468.0 552.0 879.0 632.0 297.0 649.0 339.0 963.0 417.0 267.0 505.0 129.0 672.0 905.0 807.0 522.0 918.0 199.0 156.0 484.0 357.0 440.0 923.0 967.0 432.0 816.0 708.0 535.0 447.0 308.0 36.0 460.0 919.0 935.0 140.0 1012.0 810.0 1009.0 1006.0 891.0 616.0 34.0 793.0 488.0 477.0 722.0 899.0 629.0 714.0 976.0 453.0 203.0 151.0 247.0 449.0 794.0 442.0 280.0 572.0 463.0 920.0 1021.0 726.0 898.0 869.0 723.0 105.0 408.0 940.0 434.0 324.0 924.0 731.0 345.0 674.0 487.0 251.0 575.0 588.0 796.0 279.0 141.0 807.0 76.0 891.0 
638.0 0.0 344.0 553.0 560.0 217.0 405.0 516.0 240.0 353.0 544.0 366.0 435.0 281.0 488.0 351.0 639.0 573.0 539.0 533.0 316.0 727.0 538.0 659.0 419.0 356.0 539.0 207.0 478.0 366.0 388.0 303.0 560.0 555.0 349.0 388.0 571.0 241.0 263.0 457.0 486.0 475.0 315.0 395.0 457.0 525.0 352.0 447.0 474.0 800.0 413.0 476.0 272.0 627.0 490.0 121.0 366.0 387.0 403.0 299.0 437.0 280.0 321.0 387.0 163.0 494.0 683.0 629.0 318.0 511.0 553.0 559.0 486.0 418.0 302.0 706.0 357.0 438.0 176.0 244.0 435.0 350.0 55.0 524.0 350.0 357.0 419.0 287.0 383.0 350.0 296.0 181.0 312.0 660.0 629.0 640.0 574.0 119.0 220.0 438.0 26.0 449.0 36.0 340.0 387.0 503.0 419.0 152.0 106.0 555.0 382.0 164.0 517.0 592.0 795.0 225.0 121.0 270.0 347.0 435.0 22.0 531.0 338.0 646.0 620.0 245.0 510.0 440.0 534.0 264.0 511.0 316.0 591.0 606.0 400.0 471.0 206.0 382.0 361.0 234.0 228.0 415.0 359.0 213.0 801.0 674.0 571.0 627.0 339.0 571.0 377.0 281.0 385.0 388.0 473.0 577.0 627.0 538.0 415.0 175.0 330.0 359.0 154.0 464.0 616.0 187.0 597.0 716.0 621.0 334.0 359.0 381.0 627.0 337.0 372.0 369.0 388.0 373.0 262.0 587.0 106.0 548.0 231.0 319.0 228.0 665.0 556.0 324.0 652.0 552.0 213.0 522.0 240.0 582.0 216.0 766.0 536.0 394.0 645.0 442.0 
891.0 344.0 0.0 572.0 902.0 300.0 722.0 213.0 341.0 60.0 613.0 552.0 505.0 274.0 173.0 550.0 978.0 827.0 665.0 464.0 355.0 876.0 871.0 927.0 761.0 425.0 366.0 365.0 522.0 185.0 45.0 341.0 597.0 344.0 465.0 361.0 328.0 576.0 183.0 740.0 830.0 476.0 514.0 318.0 781.0 717.0 211.0 496.0 729.0 956.0 633.0 374.0 214.0 736.0 531.0 419.0 550.0 730.0 729.0 543.0 771.0 421.0 352.0 43.0 506.0 769.0 1026.0 761.0 306.0 354.0 478.0 901.0 245.0 723.0 296.0 1050.0 605.0 781.0 416.0 484.0 580.0 595.0 335.0 863.0 312.0 138.0 757.0 612.0 232.0 689.0 63.0 439.0 332.0 786.0 837.0 842.0 493.0 460.0 130.0 589.0 370.0 769.0 324.0 476.0 308.0 568.0 730.0 262.0 249.0 680.0 577.0 445.0 818.0 405.0 971.0 561.0 359.0 416.0 679.0 754.0 353.0 660.0 402.0 983.0 775.0 588.0 771.0 361.0 275.0 505.0 855.0 452.0 777.0 901.0 743.0 804.0 469.0 576.0 137.0 558.0 122.0 305.0 702.0 453.0 957.0 925.0 912.0 395.0 475.0 785.0 366.0 526.0 429.0 449.0 201.0 543.0 870.0 372.0 480.0 432.0 214.0 561.0 486.0 787.0 339.0 489.0 780.0 923.0 784.0 461.0 157.0 722.0 946.0 677.0 469.0 555.0 387.0 246.0 237.0 377.0 364.0 788.0 519.0 406.0 463.0 794.0 292.0 199.0 772.0 477.0 405.0 697.0 581.0 567.0 441.0 927.0 761.0 182.0 919.0 156.0 
531.0 553.0 572.0 0.0 922.0 350.0 889.0 521.0 760.0 629.0 86.0 281.0 126.0 753.0 537.0 303.0 1015.0 495.0 191.0 152.0 821.0 361.0 961.0 590.0 810.0 879.0 312.0 348.0 78.0 393.0 597.0 805.0 35.0 370.0 888.0 868.0 425.0 582.0 406.0 509.0 816.0 978.0 310.0 256.0 646.0 319.0 363.0 970.0 441.0 435.0 963.0 227.0 707.0 207.0 66.0 669.0 278.0 759.0 867.0 849.0 685.0 821.0 248.0 591.0 620.0 504.0 1012.0 252.0 796.0 293.0 155.0 835.0 420.0 918.0 293.0 1002.0 902.0 764.0 729.0 797.0 211.0 896.0 601.0 918.0 818.0 698.0 703.0 778.0 348.0 661.0 591.0 733.0 264.0 263.0 416.0 407.0 163.0 564.0 569.0 989.0 558.0 628.0 521.0 234.0 836.0 80.0 910.0 428.0 576.0 195.0 935.0 448.0 599.0 335.0 472.0 582.0 436.0 811.0 805.0 614.0 574.0 193.0 857.0 852.0 291.0 640.0 476.0 221.0 447.0 816.0 844.0 859.0 340.0 636.0 745.0 699.0 416.0 935.0 698.0 541.0 572.0 278.0 752.0 388.0 436.0 553.0 839.0 417.0 883.0 392.0 864.0 832.0 900.0 911.0 466.0 86.0 498.0 301.0 140.0 418.0 358.0 912.0 666.0 927.0 496.0 479.0 337.0 474.0 309.0 234.0 422.0 698.0 743.0 762.0 190.0 922.0 882.0 330.0 716.0 372.0 657.0 442.0 453.0 845.0 377.0 273.0 458.0 374.0 245.0 156.0 353.0 281.0 694.0 58.0 768.0 417.0 399.0 411.0 596.0 488.0 
599.0 560.0 902.0 922.0 0.0 713.0 250.0 1072.0 661.0 904.0 864.0 642.0 804.0 749.0 1046.0 620.0 93.0 564.0 790.0 981.0 723.0 862.0 113.0 565.0 142.0 705.0 1048.0 655.0 852.0 908.0 945.0 721.0 909.0 1079.0 654.0 801.0 1107.0 364.0 807.0 458.0 109.0 817.0 616.0 890.0 306.0 681.0 885.0 756.0 536.0 898.0 501.0 961.0 775.0 863.0 862.0 495.0 645.0 180.0 215.0 473.0 249.0 620.0 783.0 945.0 399.0 488.0 127.0 830.0 763.0 1017.0 1000.0 142.0 1029.0 288.0 797.0 166.0 451.0 158.0 532.0 501.0 717.0 457.0 570.0 60.0 793.0 888.0 222.0 311.0 912.0 264.0 850.0 506.0 786.0 858.0 696.0 716.0 1021.0 453.0 774.0 622.0 535.0 322.0 585.0 700.0 838.0 845.0 264.0 685.0 655.0 800.0 545.0 525.0 404.0 1101.0 857.0 372.0 593.0 615.0 238.0 330.0 550.0 783.0 706.0 243.0 791.0 326.0 529.0 922.0 1077.0 492.0 82.0 627.0 722.0 453.0 182.0 250.0 535.0 548.0 892.0 400.0 783.0 920.0 203.0 566.0 899.0 620.0 151.0 1153.0 628.0 659.0 784.0 479.0 737.0 721.0 1024.0 986.0 618.0 1044.0 800.0 554.0 862.0 534.0 419.0 197.0 1161.0 478.0 730.0 747.0 777.0 706.0 907.0 226.0 354.0 226.0 749.0 559.0 779.0 896.0 754.0 1107.0 553.0 592.0 485.0 679.0 571.0 856.0 1100.0 860.0 863.0 1000.0 622.0 709.0 321.0 973.0 532.0 866.0 622.0 940.0 542.0 997.0 
592.0 217.0 300.0 350.0 713.0 0.0 603.0 386.0 411.0 343.0 359.0 253.0 244.0 410.0 372.0 251.0 800.0 530.0 385.0 317.0 473.0 592.0 716.0 631.0 577.0 530.0 339.0 71.0 279.0 208.0 341.0 458.0 363.0 367.0 539.0 526.0 396.0 351.0 125.0 453.0 620.0 633.0 215.0 185.0 521.0 420.0 179.0 621.0 433.0 671.0 628.0 264.0 370.0 465.0 291.0 337.0 251.0 534.0 593.0 515.0 527.0 472.0 106.0 336.0 333.0 477.0 826.0 481.0 453.0 309.0 337.0 673.0 323.0 623.0 89.0 837.0 573.0 567.0 387.0 459.0 289.0 566.0 258.0 689.0 478.0 392.0 525.0 485.0 202.0 462.0 289.0 395.0 96.0 508.0 539.0 544.0 358.0 272.0 242.0 642.0 229.0 506.0 182.0 182.0 501.0 314.0 620.0 78.0 227.0 401.0 593.0 191.0 538.0 393.0 680.0 341.0 123.0 463.0 532.0 490.0 238.0 378.0 508.0 735.0 487.0 389.0 476.0 227.0 371.0 479.0 648.0 510.0 481.0 614.0 535.0 555.0 196.0 593.0 394.0 319.0 247.0 211.0 514.0 171.0 672.0 626.0 683.0 441.0 535.0 486.0 521.0 497.0 552.0 562.0 330.0 364.0 570.0 337.0 220.0 165.0 155.0 571.0 356.0 656.0 454.0 240.0 485.0 625.0 494.0 169.0 217.0 499.0 675.0 506.0 190.0 579.0 537.0 184.0 375.0 396.0 314.0 489.0 251.0 496.0 176.0 516.0 394.0 158.0 497.0 336.0 114.0 402.0 417.0 372.0 426.0 640.0 461.0 241.0 624.0 316.0 
715.0 405.0 722.0 889.0 250.0 603.0 0.0 914.0 435.0 711.0 851.0 627.0 764.0 526.0 882.0 604.0 289.0 663.0 802.0 909.0 488.0 928.0 167.0 700.0 167.0 462.0 939.0 564.0 812.0 771.0 762.0 488.0 884.0 958.0 408.0 563.0 976.0 315.0 668.0 532.0 261.0 569.0 585.0 788.0 412.0 723.0 755.0 507.0 599.0 982.0 253.0 867.0 561.0 886.0 824.0 304.0 629.0 201.0 44.0 229.0 350.0 382.0 696.0 762.0 275.0 572.0 367.0 866.0 533.0 910.0 929.0 348.0 891.0 46.0 692.0 415.0 201.0 258.0 315.0 267.0 709.0 208.0 393.0 192.0 561.0 681.0 309.0 119.0 786.0 290.0 663.0 290.0 692.0 897.0 777.0 796.0 951.0 335.0 592.0 372.0 384.0 420.0 438.0 655.0 605.0 820.0 25.0 553.0 476.0 815.0 295.0 444.0 521.0 993.0 953.0 312.0 483.0 379.0 89.0 419.0 388.0 794.0 465.0 464.0 837.0 253.0 610.0 829.0 937.0 254.0 264.0 384.0 779.0 597.0 236.0 375.0 473.0 298.0 685.0 356.0 600.0 813.0 181.0 502.0 983.0 744.0 362.0 1031.0 383.0 728.0 545.0 237.0 493.0 475.0 875.0 935.0 724.0 937.0 752.0 475.0 734.0 285.0 252.0 68.0 1019.0 411.0 787.0 848.0 829.0 656.0 762.0 274.0 535.0 146.0 701.0 310.0 538.0 775.0 539.0 990.0 358.0 672.0 441.0 439.0 513.0 898.0 960.0 728.0 898.0 928.0 545.0 741.0 196.0 931.0 305.0 947.0 687.0 798.0 678.0 841.0 
951.0 516.0 213.0 521.0 1072.0 386.0 914.0 0.0 553.0 256.0 586.0 606.0 500.0 485.0 43.0 612.0 1153.0 894.0 665.0 379.0 566.0 869.0 1054.0 997.0 931.0 636.0 230.0 456.0 497.0 179.0 192.0 552.0 552.0 182.0 677.0 564.0 142.0 722.0 270.0 833.0 989.0 676.0 582.0 286.0 905.0 752.0 213.0 702.0 802.0 947.0 844.0 294.0 426.0 717.0 502.0 611.0 603.0 894.0 916.0 750.0 908.0 633.0 378.0 188.0 674.0 853.0 1192.0 753.0 515.0 236.0 385.0 1050.0 102.0 920.0 330.0 1209.0 812.0 937.0 619.0 690.0 606.0 803.0 521.0 1038.0 517.0 332.0 902.0 799.0 203.0 836.0 274.0 640.0 361.0 771.0 872.0 871.0 392.0 619.0 330.0 801.0 540.0 891.0 488.0 517.0 506.0 546.0 925.0 390.0 439.0 678.0 788.0 570.0 921.0 246.0 975.0 710.0 488.0 628.0 862.0 875.0 530.0 662.0 613.0 1118.0 779.0 748.0 846.0 304.0 91.0 711.0 1016.0 664.0 801.0 993.0 902.0 938.0 581.0 787.0 330.0 696.0 323.0 254.0 870.0 556.0 948.0 982.0 1060.0 205.0 687.0 826.0 571.0 732.0 638.0 659.0 61.0 464.0 924.0 241.0 478.0 548.0 235.0 772.0 668.0 977.0 130.0 619.0 802.0 949.0 793.0 503.0 170.0 872.0 1060.0 851.0 491.0 767.0 592.0 226.0 449.0 207.0 560.0 847.0 636.0 619.0 561.0 781.0 97.0 229.0 755.0 384.0 498.0 723.0 755.0 495.0 647.0 924.0 812.0 147.0 993.0 75.0 
871.0 240.0 341.0 760.0 661.0 411.0 435.0 553.0 0.0 309.0 766.0 604.0 652.0 92.0 514.0 590.0 718.0 806.0 772.0 707.0 78.0 965.0 599.0 887.0 529.0 120.0 664.0 429.0 689.0 468.0 370.0 69.0 773.0 659.0 134.0 158.0 655.0 438.0 387.0 683.0 620.0 235.0 553.0 553.0 653.0 765.0 471.0 212.0 709.0 1039.0 295.0 631.0 137.0 859.0 701.0 193.0 604.0 519.0 456.0 220.0 617.0 81.0 514.0 373.0 332.0 722.0 786.0 864.0 103.0 642.0 725.0 706.0 568.0 422.0 477.0 824.0 276.0 584.0 132.0 169.0 669.0 267.0 186.0 610.0 135.0 258.0 588.0 351.0 503.0 526.0 279.0 157.0 499.0 895.0 868.0 879.0 745.0 326.0 235.0 253.0 253.0 649.0 261.0 569.0 179.0 722.0 435.0 333.0 185.0 789.0 236.0 403.0 731.0 712.0 1034.0 421.0 354.0 76.0 423.0 637.0 226.0 765.0 100.0 810.0 858.0 413.0 743.0 602.0 606.0 186.0 638.0 113.0 831.0 821.0 545.0 652.0 446.0 235.0 262.0 447.0 238.0 560.0 486.0 452.0 1040.0 906.0 720.0 721.0 138.0 810.0 143.0 205.0 146.0 152.0 533.0 767.0 862.0 667.0 629.0 415.0 458.0 222.0 272.0 503.0 677.0 419.0 837.0 955.0 860.0 560.0 446.0 545.0 821.0 447.0 592.0 215.0 150.0 504.0 113.0 693.0 149.0 784.0 466.0 86.0 468.0 900.0 625.0 445.0 886.0 724.0 445.0 761.0 368.0 779.0 131.0 1005.0 775.0 483.0 871.0 490.0 
929.0 353.0 60.0 629.0 904.0 343.0 711.0 256.0 309.0 0.0 668.0 596.0 558.0 233.0 214.0 592.0 976.0 865.0 716.0 523.0 312.0 927.0 865.0 963.0 763.0 382.0 424.0 404.0 577.0 245.0 64.0 299.0 653.0 399.0 425.0 310.0 380.0 592.0 233.0 772.0 837.0 423.0 554.0 376.0 802.0 762.0 270.0 447.0 765.0 1006.0 603.0 433.0 175.0 789.0 587.0 413.0 593.0 736.0 722.0 520.0 788.0 388.0 404.0 69.0 513.0 802.0 1029.0 812.0 260.0 412.0 538.0 912.0 300.0 708.0 349.0 1056.0 581.0 790.0 399.0 463.0 628.0 571.0 335.0 862.0 262.0 80.0 771.0 606.0 291.0 703.0 60.0 423.0 384.0 838.0 882.0 887.0 553.0 472.0 134.0 549.0 379.0 792.0 339.0 522.0 254.0 622.0 718.0 295.0 251.0 732.0 544.0 471.0 846.0 462.0 1020.0 576.0 387.0 384.0 675.0 776.0 359.0 711.0 359.0 998.0 824.0 598.0 807.0 419.0 326.0 483.0 861.0 416.0 823.0 931.0 752.0 821.0 500.0 543.0 79.0 578.0 126.0 364.0 707.0 486.0 1008.0 964.0 924.0 447.0 438.0 828.0 316.0 504.0 382.0 404.0 253.0 602.0 909.0 431.0 533.0 462.0 271.0 530.0 486.0 778.0 385.0 513.0 827.0 968.0 832.0 508.0 216.0 734.0 969.0 679.0 519.0 522.0 337.0 305.0 199.0 432.0 356.0 827.0 546.0 367.0 497.0 846.0 342.0 256.0 824.0 536.0 442.0 743.0 584.0 625.0 420.0 977.0 802.0 241.0 954.0 208.0 
447.0 544.0 613.0 86.0 864.0 359.0 851.0 586.0 766.0 668.0 0.0 226.0 116.0 768.0 598.0 249.0 957.0 413.0 105.0 231.0 831.0 284.0 910.0 505.0 760.0 885.0 389.0 340.0 93.0 443.0 643.0 815.0 55.0 447.0 889.0 885.0 501.0 538.0 437.0 436.0 756.0 991.0 266.0 308.0 579.0 236.0 410.0 977.0 365.0 362.0 946.0 296.0 727.0 131.0 85.0 655.0 224.0 708.0 825.0 832.0 622.0 820.0 268.0 637.0 589.0 428.0 948.0 172.0 811.0 367.0 238.0 770.0 486.0 883.0 321.0 935.0 882.0 707.0 720.0 783.0 148.0 877.0 596.0 864.0 836.0 731.0 643.0 744.0 401.0 606.0 625.0 721.0 287.0 186.0 330.0 322.0 247.0 537.0 593.0 982.0 545.0 561.0 514.0 207.0 858.0 47.0 873.0 436.0 582.0 110.0 923.0 419.0 524.0 416.0 394.0 540.0 424.0 810.0 765.0 548.0 564.0 108.0 864.0 779.0 207.0 599.0 397.0 283.0 517.0 802.0 785.0 857.0 254.0 556.0 690.0 633.0 382.0 924.0 733.0 497.0 597.0 335.0 704.0 357.0 363.0 468.0 773.0 498.0 881.0 307.0 879.0 816.0 909.0 917.0 529.0 171.0 413.0 378.0 140.0 391.0 401.0 900.0 641.0 884.0 573.0 443.0 252.0 390.0 225.0 211.0 470.0 643.0 666.0 717.0 174.0 912.0 895.0 380.0 733.0 451.0 650.0 360.0 411.0 850.0 344.0 196.0 531.0 416.0 169.0 239.0 334.0 198.0 657.0 142.0 759.0 340.0 316.0 465.0 513.0 546.0 
346.0 366.0 552.0 281.0 642.0 253.0 627.0 606.0 604.0 596.0 226.0 0.0 168.0 629.0 602.0 24.0 735.0 288.0 181.0 363.0 677.0 361.0 685.0 391.0 534.0 722.0 477.0 195.0 214.0 431.0 592.0 664.0 268.0 525.0 714.0 744.0 571.0 313.0 373.0 248.0 535.0 838.0 53.0 333.0 371.0 169.0 395.0 813.0 200.0 436.0 743.0 375.0 601.0 269.0 223.0 461.0 4.0 482.0 601.0 630.0 405.0 645.0 229.0 587.0 374.0 257.0 732.0 264.0 671.0 447.0 379.0 557.0 521.0 662.0 278.0 724.0 676.0 484.0 532.0 588.0 82.0 672.0 421.0 640.0 700.0 641.0 423.0 525.0 404.0 382.0 541.0 528.0 246.0 296.0 287.0 293.0 397.0 328.0 487.0 793.0 359.0 353.0 344.0 90.0 730.0 204.0 650.0 309.0 435.0 196.0 727.0 214.0 341.0 522.0 436.0 316.0 252.0 635.0 541.0 338.0 384.0 173.0 703.0 583.0 254.0 375.0 243.0 342.0 566.0 604.0 564.0 681.0 233.0 399.0 466.0 421.0 172.0 728.0 643.0 273.0 493.0 369.0 478.0 156.0 437.0 379.0 562.0 594.0 703.0 233.0 734.0 616.0 750.0 753.0 546.0 349.0 322.0 469.0 172.0 194.0 376.0 704.0 433.0 659.0 640.0 226.0 238.0 373.0 256.0 105.0 449.0 419.0 488.0 492.0 130.0 719.0 748.0 382.0 601.0 543.0 470.0 242.0 188.0 685.0 140.0 300.0 585.0 386.0 290.0 379.0 165.0 158.0 436.0 333.0 570.0 402.0 210.0 462.0 388.0 545.0 
472.0 435.0 505.0 126.0 804.0 244.0 764.0 500.0 652.0 558.0 116.0 168.0 0.0 653.0 507.0 188.0 897.0 425.0 166.0 198.0 716.0 375.0 838.0 526.0 689.0 771.0 331.0 229.0 50.0 343.0 537.0 701.0 127.0 385.0 776.0 769.0 436.0 459.0 326.0 412.0 698.0 876.0 189.0 215.0 538.0 261.0 308.0 862.0 353.0 455.0 842.0 229.0 612.0 232.0 61.0 548.0 165.0 638.0 742.0 727.0 572.0 708.0 155.0 531.0 495.0 414.0 898.0 259.0 696.0 304.0 213.0 724.0 405.0 793.0 210.0 892.0 780.0 646.0 611.0 677.0 120.0 774.0 485.0 797.0 721.0 619.0 587.0 653.0 305.0 541.0 513.0 613.0 175.0 282.0 376.0 373.0 230.0 439.0 479.0 872.0 437.0 521.0 403.0 110.0 742.0 71.0 785.0 321.0 468.0 180.0 815.0 323.0 505.0 370.0 477.0 457.0 315.0 698.0 680.0 506.0 455.0 163.0 750.0 750.0 280.0 516.0 392.0 204.0 442.0 695.0 727.0 745.0 303.0 553.0 625.0 589.0 291.0 816.0 620.0 418.0 482.0 248.0 629.0 263.0 456.0 500.0 729.0 447.0 769.0 337.0 764.0 710.0 794.0 803.0 441.0 183.0 442.0 321.0 26.0 293.0 297.0 792.0 542.0 803.0 508.0 354.0 304.0 451.0 293.0 108.0 368.0 579.0 651.0 637.0 65.0 803.0 780.0 282.0 618.0 397.0 540.0 373.0 329.0 736.0 252.0 291.0 459.0 310.0 267.0 213.0 229.0 227.0 568.0 171.0 650.0 429.0 332.0 369.0 528.0 452.0 
919.0 281.0 274.0 753.0 749.0 410.0 526.0 485.0 92.0 233.0 768.0 629.0 653.0 0.0 444.0 617.0 808.0 853.0 788.0 682.0 82.0 988.0 690.0 939.0 615.0 152.0 620.0 442.0 686.0 424.0 296.0 67.0 770.0 608.0 193.0 117.0 598.0 504.0 359.0 737.0 703.0 226.0 579.0 527.0 722.0 795.0 434.0 229.0 754.0 1064.0 378.0 601.0 60.0 871.0 698.0 267.0 628.0 601.0 546.0 310.0 690.0 162.0 506.0 300.0 401.0 774.0 874.0 882.0 44.0 601.0 700.0 787.0 513.0 513.0 462.0 910.0 366.0 664.0 218.0 260.0 686.0 356.0 233.0 698.0 71.0 172.0 664.0 439.0 464.0 599.0 215.0 243.0 489.0 911.0 904.0 914.0 718.0 385.0 193.0 317.0 300.0 716.0 292.0 582.0 106.0 723.0 527.0 334.0 195.0 804.0 316.0 442.0 792.0 665.0 1065.0 486.0 379.0 160.0 511.0 703.0 272.0 780.0 129.0 889.0 881.0 486.0 791.0 576.0 546.0 277.0 722.0 185.0 861.0 882.0 625.0 725.0 483.0 315.0 176.0 506.0 193.0 528.0 569.0 484.0 1065.0 955.0 801.0 665.0 206.0 847.0 112.0 296.0 160.0 178.0 472.0 749.0 907.0 624.0 629.0 449.0 425.0 305.0 348.0 594.0 612.0 467.0 866.0 992.0 884.0 571.0 400.0 621.0 891.0 531.0 598.0 294.0 130.0 469.0 40.0 642.0 214.0 827.0 511.0 135.0 499.0 918.0 565.0 410.0 901.0 699.0 466.0 787.0 447.0 765.0 221.0 1031.0 813.0 434.0 925.0 428.0 
948.0 488.0 173.0 537.0 1046.0 372.0 882.0 43.0 514.0 214.0 598.0 602.0 507.0 444.0 0.0 607.0 1126.0 889.0 673.0 400.0 525.0 879.0 1024.0 992.0 904.0 595.0 259.0 443.0 508.0 172.0 150.0 511.0 567.0 216.0 636.0 522.0 180.0 701.0 251.0 823.0 965.0 635.0 575.0 293.0 889.0 753.0 208.0 660.0 796.0 958.0 806.0 312.0 385.0 728.0 514.0 579.0 599.0 869.0 886.0 714.0 889.0 594.0 376.0 146.0 647.0 845.0 1167.0 763.0 474.0 261.0 408.0 1029.0 125.0 886.0 325.0 1185.0 775.0 914.0 584.0 654.0 607.0 766.0 490.0 1011.0 476.0 290.0 882.0 768.0 204.0 815.0 235.0 605.0 358.0 782.0 873.0 874.0 417.0 594.0 294.0 761.0 512.0 876.0 461.0 515.0 465.0 557.0 892.0 369.0 406.0 686.0 749.0 552.0 909.0 280.0 983.0 687.0 468.0 589.0 832.0 860.0 501.0 669.0 572.0 1100.0 787.0 723.0 840.0 317.0 127.0 675.0 992.0 624.0 804.0 984.0 878.0 920.0 565.0 748.0 288.0 676.0 287.0 263.0 844.0 542.0 959.0 980.0 1039.0 245.0 647.0 827.0 529.0 696.0 596.0 617.0 72.0 485.0 923.0 269.0 484.0 531.0 227.0 734.0 638.0 945.0 172.0 600.0 806.0 953.0 799.0 500.0 157.0 850.0 1046.0 824.0 492.0 728.0 550.0 226.0 408.0 243.0 526.0 844.0 619.0 578.0 548.0 792.0 136.0 219.0 766.0 407.0 485.0 725.0 727.0 515.0 611.0 933.0 810.0 141.0 988.0 58.0 
344.0 351.0 550.0 303.0 620.0 251.0 604.0 612.0 590.0 592.0 249.0 24.0 188.0 617.0 607.0 0.0 713.0 283.0 202.0 380.0 663.0 377.0 662.0 386.0 511.0 706.0 490.0 189.0 235.0 435.0 591.0 650.0 290.0 537.0 698.0 731.0 582.0 291.0 372.0 233.0 513.0 824.0 39.0 343.0 351.0 179.0 400.0 797.0 191.0 450.0 722.0 389.0 591.0 290.0 244.0 443.0 26.0 459.0 578.0 610.0 384.0 628.0 237.0 586.0 352.0 245.0 711.0 283.0 658.0 460.0 397.0 536.0 530.0 639.0 283.0 704.0 655.0 462.0 514.0 569.0 105.0 651.0 405.0 617.0 687.0 634.0 401.0 502.0 411.0 359.0 536.0 510.0 252.0 314.0 293.0 300.0 416.0 308.0 479.0 774.0 342.0 333.0 330.0 101.0 719.0 226.0 627.0 302.0 422.0 217.0 707.0 196.0 326.0 536.0 448.0 293.0 239.0 618.0 518.0 319.0 368.0 194.0 688.0 564.0 270.0 352.0 235.0 355.0 574.0 585.0 542.0 664.0 244.0 387.0 443.0 401.0 152.0 709.0 636.0 250.0 486.0 379.0 455.0 139.0 451.0 377.0 541.0 607.0 685.0 237.0 721.0 596.0 734.0 738.0 552.0 370.0 321.0 482.0 190.0 177.0 380.0 684.0 412.0 636.0 650.0 205.0 249.0 380.0 271.0 115.0 452.0 396.0 473.0 469.0 145.0 699.0 734.0 388.0 589.0 556.0 453.0 240.0 166.0 669.0 123.0 318.0 594.0 389.0 310.0 397.0 155.0 172.0 413.0 355.0 552.0 416.0 211.0 467.0 382.0 549.0 
679.0 639.0 978.0 1015.0 93.0 800.0 289.0 1153.0 718.0 976.0 957.0 735.0 897.0 808.0 1126.0 713.0 0.0 648.0 882.0 1073.0 775.0 949.0 123.0 641.0 224.0 750.0 1137.0 745.0 945.0 993.0 1020.0 775.0 1002.0 1167.0 696.0 851.0 1193.0 453.0 891.0 547.0 201.0 855.0 709.0 979.0 394.0 771.0 971.0 792.0 626.0 982.0 526.0 1051.0 839.0 953.0 955.0 564.0 738.0 268.0 263.0 517.0 339.0 670.0 873.0 1020.0 480.0 575.0 94.0 920.0 819.0 1106.0 1092.0 215.0 1114.0 316.0 886.0 154.0 485.0 251.0 593.0 553.0 810.0 493.0 644.0 116.0 847.0 955.0 314.0 373.0 999.0 356.0 924.0 567.0 876.0 947.0 781.0 801.0 1112.0 537.0 849.0 649.0 614.0 410.0 666.0 792.0 892.0 938.0 296.0 769.0 729.0 891.0 577.0 614.0 488.0 1190.0 939.0 461.0 680.0 666.0 302.0 420.0 627.0 874.0 753.0 294.0 880.0 412.0 616.0 1012.0 1162.0 541.0 173.0 673.0 810.0 529.0 273.0 337.0 626.0 580.0 959.0 490.0 857.0 1009.0 287.0 657.0 983.0 698.0 221.0 1241.0 671.0 746.0 833.0 526.0 781.0 763.0 1107.0 1078.0 700.0 1133.0 892.0 644.0 948.0 569.0 492.0 224.0 1246.0 567.0 818.0 829.0 866.0 798.0 990.0 318.0 420.0 303.0 842.0 593.0 827.0 983.0 817.0 1195.0 622.0 679.0 576.0 727.0 662.0 945.0 1185.0 946.0 953.0 1092.0 713.0 799.0 399.0 1066.0 588.0 950.0 710.0 1024.0 618.0 1079.0 
66.0 573.0 827.0 495.0 564.0 530.0 663.0 894.0 806.0 865.0 413.0 288.0 425.0 853.0 889.0 283.0 648.0 0.0 310.0 619.0 883.0 303.0 648.0 104.0 515.0 912.0 753.0 463.0 456.0 718.0 869.0 872.0 467.0 805.0 889.0 959.0 853.0 392.0 654.0 134.0 463.0 1037.0 317.0 618.0 264.0 177.0 682.0 998.0 101.0 334.0 855.0 651.0 838.0 348.0 459.0 626.0 291.0 468.0 623.0 758.0 327.0 823.0 517.0 865.0 496.0 93.0 610.0 302.0 890.0 725.0 631.0 436.0 808.0 707.0 565.0 580.0 784.0 430.0 701.0 735.0 305.0 784.0 623.0 589.0 922.0 899.0 365.0 599.0 692.0 373.0 807.0 688.0 533.0 322.0 134.0 154.0 646.0 483.0 744.0 937.0 555.0 251.0 564.0 377.0 959.0 421.0 687.0 570.0 666.0 310.0 860.0 412.0 161.0 794.0 296.0 406.0 487.0 814.0 578.0 248.0 583.0 306.0 898.0 403.0 255.0 444.0 63.0 621.0 851.0 744.0 485.0 854.0 182.0 150.0 436.0 317.0 374.0 862.0 902.0 369.0 751.0 654.0 483.0 382.0 335.0 102.0 433.0 870.0 871.0 114.0 946.0 748.0 944.0 941.0 834.0 579.0 62.0 744.0 438.0 412.0 663.0 838.0 566.0 666.0 924.0 387.0 188.0 187.0 236.0 392.0 735.0 392.0 272.0 519.0 410.0 859.0 955.0 669.0 832.0 820.0 658.0 54.0 342.0 875.0 370.0 318.0 870.0 672.0 334.0 632.0 423.0 215.0 515.0 552.0 733.0 303.0 97.0 749.0 104.0 832.0 
342.0 539.0 665.0 191.0 790.0 385.0 802.0 665.0 772.0 716.0 105.0 181.0 166.0 788.0 673.0 202.0 882.0 310.0 0.0 330.0 843.0 211.0 845.0 401.0 696.0 892.0 482.0 346.0 173.0 509.0 699.0 828.0 160.0 539.0 888.0 903.0 592.0 487.0 484.0 346.0 682.0 1004.0 231.0 380.0 495.0 134.0 474.0 983.0 271.0 291.0 923.0 385.0 752.0 89.0 171.0 640.0 180.0 643.0 773.0 811.0 543.0 818.0 314.0 694.0 554.0 333.0 866.0 97.0 830.0 458.0 339.0 686.0 568.0 838.0 370.0 849.0 856.0 635.0 709.0 768.0 105.0 852.0 593.0 796.0 857.0 773.0 569.0 703.0 470.0 540.0 668.0 707.0 334.0 125.0 227.0 219.0 350.0 509.0 626.0 971.0 535.0 477.0 513.0 206.0 883.0 127.0 825.0 455.0 595.0 17.0 906.0 394.0 430.0 514.0 311.0 492.0 420.0 808.0 714.0 466.0 558.0 9.0 871.0 687.0 114.0 550.0 299.0 365.0 604.0 784.0 709.0 855.0 150.0 455.0 623.0 551.0 352.0 908.0 774.0 447.0 630.0 412.0 644.0 334.0 292.0 363.0 688.0 595.0 878.0 202.0 896.0 796.0 918.0 923.0 606.0 276.0 308.0 472.0 190.0 371.0 461.0 883.0 613.0 829.0 664.0 407.0 149.0 291.0 129.0 217.0 533.0 574.0 569.0 663.0 198.0 898.0 911.0 448.0 755.0 546.0 644.0 257.0 367.0 855.0 318.0 132.0 619.0 474.0 115.0 340.0 328.0 96.0 613.0 247.0 748.0 263.0 213.0 535.0 409.0 618.0 
662.0 533.0 464.0 152.0 981.0 317.0 909.0 379.0 707.0 523.0 231.0 363.0 198.0 682.0 400.0 380.0 1073.0 619.0 330.0 0.0 757.0 512.0 1004.0 718.0 857.0 821.0 161.0 345.0 164.0 279.0 482.0 741.0 186.0 220.0 839.0 793.0 275.0 623.0 324.0 608.0 878.0 907.0 372.0 156.0 730.0 449.0 256.0 908.0 550.0 586.0 944.0 92.0 630.0 358.0 162.0 653.0 359.0 808.0 893.0 831.0 759.0 776.0 215.0 475.0 635.0 612.0 1082.0 402.0 724.0 145.0 21.0 912.0 278.0 933.0 234.0 1080.0 889.0 825.0 701.0 774.0 316.0 882.0 573.0 968.0 742.0 598.0 770.0 793.0 233.0 718.0 495.0 711.0 222.0 414.0 556.0 549.0 42.0 575.0 491.0 950.0 544.0 713.0 498.0 286.0 752.0 205.0 928.0 387.0 527.0 338.0 906.0 469.0 702.0 185.0 623.0 618.0 430.0 767.0 832.0 698.0 554.0 331.0 798.0 944.0 438.0 675.0 590.0 107.0 300.0 795.0 908.0 813.0 480.0 751.0 800.0 778.0 449.0 906.0 598.0 584.0 491.0 160.0 795.0 419.0 587.0 688.0 918.0 267.0 838.0 524.0 792.0 813.0 838.0 851.0 328.0 86.0 631.0 150.0 191.0 438.0 260.0 884.0 668.0 956.0 345.0 511.0 478.0 620.0 455.0 277.0 308.0 757.0 848.0 796.0 237.0 890.0 811.0 220.0 643.0 221.0 628.0 566.0 497.0 790.0 412.0 424.0 309.0 276.0 396.0 20.0 367.0 412.0 716.0 117.0 740.0 568.0 524.0 288.0 722.0 356.0 
949.0 316.0 355.0 821.0 723.0 473.0 488.0 566.0 78.0 312.0 831.0 677.0 716.0 82.0 525.0 663.0 775.0 883.0 843.0 757.0 0.0 1038.0 654.0 964.0 595.0 71.0 700.0 497.0 751.0 503.0 376.0 16.0 835.0 689.0 116.0 82.0 680.0 515.0 433.0 761.0 688.0 162.0 626.0 601.0 730.0 840.0 512.0 152.0 787.0 1112.0 312.0 677.0 141.0 928.0 763.0 269.0 677.0 589.0 514.0 262.0 692.0 107.0 574.0 380.0 408.0 800.0 847.0 935.0 56.0 680.0 775.0 776.0 594.0 469.0 532.0 887.0 311.0 655.0 203.0 223.0 739.0 301.0 263.0 669.0 75.0 246.0 662.0 415.0 543.0 600.0 296.0 227.0 557.0 966.0 944.0 955.0 794.0 404.0 270.0 239.0 330.0 726.0 334.0 638.0 118.0 786.0 485.0 396.0 249.0 859.0 248.0 479.0 809.0 745.0 1109.0 499.0 426.0 110.0 486.0 714.0 302.0 835.0 48.0 882.0 931.0 488.0 821.0 651.0 627.0 235.0 705.0 117.0 905.0 899.0 616.0 727.0 522.0 246.0 249.0 524.0 272.0 605.0 556.0 527.0 1114.0 984.0 790.0 746.0 134.0 886.0 66.0 251.0 81.0 97.0 554.0 821.0 940.0 704.0 693.0 490.0 501.0 240.0 347.0 555.0 693.0 497.0 911.0 1031.0 933.0 628.0 480.0 618.0 897.0 515.0 658.0 226.0 73.0 546.0 121.0 723.0 227.0 862.0 543.0 60.0 542.0 972.0 646.0 487.0 957.0 774.0 516.0 834.0 440.0 836.0 192.0 1079.0 851.0 515.0 949.0 509.0 
291.0 727.0 876.0 361.0 862.0 592.0 928.0 869.0 965.0 927.0 284.0 361.0 375.0 988.0 879.0 377.0 949.0 303.0 211.0 512.0 1038.0 0.0 938.0 349.0 796.0 1082.0 671.0 547.0 372.0 718.0 910.0 1024.0 326.0 729.0 1073.0 1103.0 784.0 624.0 694.0 408.0 758.0 1199.0 413.0 586.0 558.0 210.0 683.0 1173.0 333.0 80.0 1084.0 580.0 956.0 155.0 367.0 816.0 362.0 746.0 893.0 976.0 618.0 1004.0 525.0 904.0 710.0 375.0 912.0 117.0 1030.0 650.0 515.0 737.0 769.0 969.0 581.0 882.0 1015.0 719.0 889.0 940.0 304.0 1012.0 781.0 882.0 1058.0 982.0 652.0 844.0 678.0 644.0 877.0 882.0 545.0 99.0 170.0 150.0 520.0 675.0 833.0 1146.0 718.0 542.0 705.0 411.0 1086.0 323.0 953.0 660.0 793.0 196.0 1076.0 570.0 462.0 695.0 113.0 633.0 612.0 994.0 840.0 536.0 744.0 217.0 1064.0 704.0 107.0 685.0 334.0 565.0 801.0 954.0 782.0 1039.0 150.0 444.0 718.0 613.0 526.0 1077.0 984.0 589.0 838.0 616.0 755.0 515.0 82.0 292.0 735.0 777.0 1060.0 205.0 1094.0 963.0 1110.0 1114.0 811.0 439.0 262.0 660.0 400.0 553.0 671.0 1053.0 776.0 943.0 855.0 570.0 142.0 159.0 107.0 423.0 743.0 670.0 569.0 783.0 408.0 1070.0 1108.0 656.0 958.0 731.0 829.0 271.0 525.0 1045.0 499.0 89.0 814.0 685.0 117.0 516.0 523.0 206.0 755.0 405.0 926.0 56.0 244.0 743.0 367.0 825.0 
689.0 538.0 871.0 961.0 113.0 716.0 167.0 1054.0 599.0 865.0 910.0 685.0 838.0 690.0 1024.0 662.0 123.0 648.0 845.0 1004.0 654.0 938.0 0.0 660.0 151.0 628.0 1054.0 666.0 887.0 900.0 912.0 654.0 951.0 1080.0 573.0 729.0 1103.0 382.0 797.0 530.0 187.0 733.0 651.0 898.0 384.0 746.0 880.0 669.0 606.0 980.0 405.0 973.0 722.0 923.0 898.0 453.0 687.0 203.0 145.0 395.0 322.0 548.0 797.0 912.0 386.0 564.0 208.0 895.0 699.0 1024.0 1023.0 248.0 1021.0 194.0 803.0 261.0 362.0 219.0 476.0 433.0 763.0 370.0 537.0 62.0 727.0 841.0 286.0 260.0 909.0 306.0 815.0 450.0 797.0 924.0 775.0 794.0 1044.0 445.0 741.0 528.0 515.0 398.0 568.0 731.0 771.0 886.0 173.0 677.0 622.0 856.0 455.0 536.0 490.0 1108.0 943.0 386.0 593.0 545.0 193.0 403.0 524.0 837.0 631.0 354.0 859.0 330.0 605.0 935.0 1069.0 420.0 171.0 550.0 793.0 549.0 224.0 332.0 555.0 458.0 844.0 422.0 749.0 926.0 210.0 586.0 981.0 712.0 259.0 1154.0 548.0 733.0 711.0 404.0 658.0 640.0 1010.0 1018.0 704.0 1051.0 831.0 567.0 858.0 447.0 387.0 101.0 1152.0 494.0 801.0 833.0 847.0 735.0 895.0 273.0 458.0 210.0 779.0 471.0 705.0 895.0 701.0 1110.0 510.0 669.0 511.0 605.0 593.0 923.0 1091.0 854.0 928.0 1023.0 638.0 771.0 302.0 1009.0 469.0 947.0 694.0 929.0 637.0 980.0 
61.0 659.0 927.0 590.0 565.0 631.0 700.0 997.0 887.0 963.0 505.0 391.0 526.0 939.0 992.0 386.0 641.0 104.0 401.0 718.0 964.0 349.0 660.0 0.0 541.0 988.0 855.0 563.0 555.0 820.0 969.0 954.0 560.0 907.0 961.0 1042.0 956.0 458.0 755.0 204.0 473.0 1114.0 418.0 721.0 288.0 271.0 785.0 1072.0 199.0 357.0 910.0 753.0 928.0 426.0 557.0 702.0 394.0 500.0 658.0 819.0 351.0 898.0 620.0 965.0 566.0 166.0 589.0 377.0 975.0 827.0 730.0 427.0 911.0 745.0 668.0 551.0 840.0 451.0 776.0 802.0 407.0 840.0 707.0 599.0 1007.0 994.0 392.0 650.0 795.0 416.0 905.0 760.0 636.0 391.0 192.0 209.0 744.0 561.0 839.0 1000.0 640.0 280.0 653.0 480.0 1045.0 517.0 724.0 668.0 756.0 399.0 921.0 503.0 179.0 895.0 306.0 474.0 581.0 889.0 620.0 283.0 668.0 398.0 975.0 369.0 328.0 504.0 156.0 723.0 954.0 810.0 491.0 927.0 259.0 113.0 465.0 331.0 467.0 923.0 997.0 442.0 847.0 757.0 520.0 478.0 358.0 60.0 421.0 972.0 942.0 199.0 1029.0 812.0 1021.0 1017.0 937.0 674.0 95.0 846.0 540.0 505.0 765.0 900.0 635.0 693.0 1027.0 473.0 264.0 200.0 308.0 495.0 837.0 426.0 231.0 560.0 513.0 922.0 1036.0 772.0 920.0 922.0 738.0 154.0 430.0 952.0 466.0 385.0 973.0 774.0 405.0 730.0 522.0 309.0 573.0 646.0 804.0 331.0 195.0 852.0 24.0 935.0 
562.0 419.0 761.0 810.0 142.0 577.0 167.0 931.0 529.0 763.0 760.0 534.0 689.0 615.0 904.0 511.0 224.0 515.0 696.0 857.0 595.0 796.0 151.0 541.0 0.0 585.0 915.0 523.0 737.0 769.0 804.0 592.0 800.0 943.0 537.0 675.0 969.0 234.0 667.0 390.0 99.0 702.0 501.0 757.0 255.0 600.0 747.0 644.0 464.0 843.0 411.0 830.0 637.0 775.0 748.0 356.0 536.0 53.0 124.0 359.0 191.0 496.0 653.0 803.0 258.0 427.0 267.0 748.0 632.0 884.0 876.0 189.0 890.0 213.0 663.0 297.0 350.0 93.0 398.0 377.0 613.0 355.0 428.0 112.0 663.0 749.0 150.0 182.0 775.0 156.0 708.0 373.0 655.0 777.0 637.0 656.0 897.0 313.0 633.0 525.0 393.0 265.0 444.0 581.0 708.0 736.0 190.0 546.0 513.0 707.0 444.0 393.0 364.0 968.0 809.0 240.0 456.0 490.0 114.0 267.0 408.0 688.0 583.0 303.0 713.0 188.0 467.0 792.0 939.0 371.0 111.0 508.0 649.0 435.0 79.0 211.0 408.0 447.0 753.0 273.0 641.0 787.0 64.0 439.0 844.0 588.0 203.0 1018.0 513.0 592.0 658.0 361.0 618.0 604.0 884.0 868.0 574.0 911.0 682.0 423.0 724.0 429.0 278.0 153.0 1022.0 348.0 657.0 701.0 702.0 586.0 767.0 126.0 368.0 85.0 630.0 455.0 656.0 760.0 618.0 972.0 414.0 531.0 362.0 556.0 446.0 777.0 961.0 722.0 780.0 876.0 493.0 623.0 180.0 859.0 403.0 809.0 552.0 800.0 518.0 856.0 
977.0 356.0 425.0 879.0 705.0 530.0 462.0 636.0 120.0 382.0 885.0 722.0 771.0 152.0 595.0 706.0 750.0 912.0 892.0 821.0 71.0 1082.0 628.0 988.0 585.0 0.0 768.0 549.0 809.0 572.0 446.0 86.0 893.0 759.0 58.0 109.0 750.0 533.0 499.0 786.0 681.0 126.0 670.0 667.0 741.0 880.0 580.0 92.0 817.0 1155.0 259.0 743.0 212.0 978.0 821.0 287.0 721.0 584.0 492.0 233.0 699.0 93.0 633.0 450.0 424.0 826.0 827.0 983.0 123.0 749.0 840.0 770.0 664.0 437.0 594.0 870.0 271.0 651.0 214.0 209.0 788.0 262.0 302.0 649.0 131.0 314.0 666.0 404.0 611.0 608.0 367.0 232.0 618.0 1013.0 981.0 993.0 859.0 430.0 338.0 173.0 366.0 739.0 379.0 688.0 166.0 841.0 456.0 453.0 304.0 908.0 195.0 517.0 827.0 815.0 1149.0 517.0 472.0 101.0 473.0 729.0 340.0 884.0 25.0 879.0 976.0 498.0 849.0 716.0 698.0 215.0 695.0 78.0 946.0 917.0 614.0 733.0 560.0 193.0 317.0 547.0 340.0 671.0 551.0 568.0 1157.0 1012.0 784.0 816.0 82.0 923.0 92.0 227.0 34.0 32.0 624.0 884.0 970.0 772.0 749.0 531.0 568.0 193.0 358.0 527.0 764.0 529.0 952.0 1067.0 977.0 680.0 549.0 621.0 905.0 508.0 712.0 173.0 80.0 613.0 191.0 793.0 257.0 894.0 576.0 38.0 584.0 1019.0 716.0 554.0 1005.0 838.0 564.0 878.0 443.0 897.0 190.0 1121.0 886.0 584.0 972.0 580.0 
802.0 539.0 366.0 312.0 1048.0 339.0 939.0 230.0 664.0 424.0 389.0 477.0 331.0 620.0 259.0 490.0 1137.0 753.0 482.0 161.0 700.0 671.0 1054.0 855.0 915.0 768.0 0.0 393.0 310.0 197.0 371.0 684.0 346.0 59.0 797.0 721.0 114.0 685.0 285.0 723.0 952.0 837.0 471.0 159.0 827.0 591.0 195.0 848.0 674.0 747.0 930.0 103.0 562.0 517.0 312.0 655.0 473.0 870.0 931.0 823.0 846.0 740.0 269.0 365.0 671.0 733.0 1158.0 560.0 658.0 32.0 163.0 997.0 135.0 956.0 252.0 1163.0 884.0 898.0 688.0 763.0 449.0 876.0 567.0 1026.0 670.0 503.0 850.0 820.0 163.0 791.0 412.0 703.0 263.0 573.0 704.0 699.0 166.0 611.0 431.0 916.0 557.0 811.0 504.0 389.0 672.0 356.0 955.0 388.0 502.0 492.0 884.0 524.0 816.0 54.0 782.0 677.0 462.0 732.0 871.0 795.0 558.0 481.0 744.0 1044.0 593.0 727.0 716.0 136.0 144.0 784.0 980.0 776.0 629.0 874.0 868.0 870.0 517.0 884.0 502.0 650.0 429.0 129.0 852.0 487.0 748.0 830.0 1005.0 118.0 801.0 667.0 723.0 804.0 779.0 796.0 189.0 243.0 772.0 12.0 315.0 495.0 213.0 864.0 689.0 994.0 185.0 571.0 628.0 773.0 609.0 377.0 221.0 830.0 962.0 845.0 348.0 866.0 743.0 168.0 580.0 67.0 618.0 702.0 571.0 742.0 485.0 583.0 150.0 223.0 555.0 161.0 428.0 556.0 755.0 276.0 724.0 727.0 662.0 187.0 856.0 228.0 
526.0 207.0 365.0 348.0 655.0 71.0 564.0 456.0 429.0 404.0 340.0 195.0 229.0 442.0 443.0 189.0 745.0 463.0 346.0 345.0 497.0 547.0 666.0 563.0 523.0 549.0 393.0 0.0 272.0 277.0 407.0 482.0 354.0 426.0 550.0 558.0 459.0 292.0 195.0 382.0 559.0 659.0 151.0 235.0 452.0 364.0 247.0 640.0 365.0 625.0 617.0 308.0 409.0 431.0 284.0 322.0 193.0 477.0 550.0 502.0 460.0 481.0 133.0 403.0 290.0 407.0 766.0 440.0 484.0 363.0 365.0 609.0 389.0 588.0 143.0 774.0 556.0 506.0 383.0 450.0 245.0 550.0 257.0 635.0 512.0 446.0 461.0 448.0 268.0 399.0 348.0 386.0 132.0 470.0 481.0 487.0 387.0 230.0 292.0 644.0 211.0 437.0 175.0 141.0 539.0 297.0 583.0 115.0 249.0 363.0 588.0 131.0 467.0 446.0 630.0 284.0 89.0 471.0 488.0 421.0 227.0 339.0 528.0 667.0 441.0 336.0 408.0 270.0 438.0 469.0 588.0 518.0 427.0 544.0 475.0 488.0 128.0 588.0 448.0 258.0 298.0 266.0 460.0 101.0 626.0 561.0 618.0 501.0 542.0 426.0 550.0 484.0 573.0 580.0 399.0 378.0 506.0 389.0 209.0 102.0 224.0 565.0 326.0 613.0 520.0 179.0 432.0 568.0 445.0 132.0 287.0 438.0 605.0 456.0 166.0 575.0 565.0 248.0 411.0 453.0 312.0 424.0 184.0 513.0 106.0 476.0 460.0 228.0 460.0 365.0 43.0 350.0 372.0 379.0 422.0 592.0 399.0 311.0 556.0 386.0 
499.0 478.0 522.0 78.0 852.0 279.0 812.0 497.0 689.0 577.0 93.0 214.0 50.0 686.0 508.0 235.0 945.0 456.0 173.0 164.0 751.0 372.0 887.0 555.0 737.0 809.0 310.0 272.0 0.0 351.0 551.0 736.0 85.0 367.0 816.0 802.0 420.0 508.0 347.0 453.0 746.0 910.0 237.0 216.0 583.0 285.0 318.0 899.0 390.0 451.0 887.0 213.0 643.0 221.0 13.0 593.0 210.0 686.0 791.0 772.0 618.0 748.0 181.0 545.0 543.0 453.0 945.0 257.0 729.0 286.0 176.0 770.0 398.0 842.0 232.0 938.0 825.0 694.0 654.0 721.0 155.0 820.0 527.0 846.0 753.0 642.0 635.0 701.0 309.0 590.0 535.0 657.0 200.0 275.0 395.0 389.0 192.0 487.0 507.0 914.0 482.0 566.0 446.0 158.0 772.0 50.0 833.0 357.0 505.0 183.0 859.0 371.0 545.0 344.0 479.0 506.0 359.0 738.0 729.0 551.0 498.0 172.0 787.0 793.0 286.0 565.0 428.0 194.0 432.0 740.0 775.0 785.0 319.0 589.0 673.0 634.0 340.0 860.0 643.0 467.0 510.0 245.0 678.0 311.0 452.0 524.0 775.0 424.0 810.0 361.0 797.0 755.0 831.0 840.0 439.0 136.0 467.0 300.0 63.0 340.0 309.0 836.0 589.0 852.0 492.0 402.0 319.0 463.0 301.0 157.0 378.0 627.0 691.0 687.0 113.0 846.0 814.0 288.0 650.0 375.0 582.0 403.0 378.0 774.0 300.0 285.0 447.0 324.0 259.0 177.0 276.0 249.0 617.0 122.0 693.0 427.0 361.0 373.0 559.0 455.0 
776.0 366.0 185.0 393.0 908.0 208.0 771.0 179.0 468.0 245.0 443.0 431.0 343.0 424.0 172.0 435.0 993.0 718.0 509.0 279.0 503.0 718.0 900.0 820.0 769.0 572.0 197.0 277.0 351.0 0.0 205.0 488.0 421.0 195.0 601.0 528.0 206.0 552.0 104.0 654.0 820.0 643.0 405.0 138.0 728.0 583.0 37.0 653.0 625.0 798.0 740.0 189.0 367.0 571.0 359.0 475.0 428.0 730.0 768.0 635.0 733.0 545.0 205.0 199.0 515.0 675.0 1026.0 602.0 463.0 178.0 293.0 878.0 121.0 782.0 153.0 1039.0 697.0 768.0 500.0 574.0 438.0 688.0 385.0 879.0 476.0 321.0 730.0 653.0 47.0 665.0 221.0 517.0 187.0 624.0 704.0 705.0 309.0 457.0 235.0 720.0 388.0 714.0 334.0 344.0 482.0 400.0 784.0 224.0 313.0 523.0 691.0 396.0 742.0 245.0 820.0 540.0 317.0 537.0 710.0 698.0 383.0 505.0 548.0 942.0 622.0 583.0 669.0 177.0 170.0 596.0 848.0 580.0 636.0 815.0 734.0 762.0 404.0 691.0 321.0 523.0 233.0 120.0 707.0 378.0 799.0 808.0 888.0 264.0 605.0 656.0 529.0 616.0 583.0 600.0 122.0 359.0 751.0 201.0 319.0 372.0 56.0 672.0 520.0 830.0 253.0 445.0 638.0 785.0 634.0 329.0 30.0 702.0 881.0 693.0 323.0 672.0 549.0 64.0 385.0 229.0 432.0 672.0 459.0 546.0 382.0 633.0 192.0 51.0 608.0 292.0 319.0 556.0 599.0 384.0 534.0 771.0 639.0 34.0 817.0 115.0 
